 0) [9,8],  22 ms
 1) [10,9],  23 ms
 2) [8,9],  23 ms
 3) [10,7],  23 ms
 4) [9,10],  53 ms
 5) [7,8],  23 ms
 6) [10,6],  4979 ms
 7) [9,11],  10032 ms
 8) [9,7],  7310 ms
 9) [9,6],  10003 ms
10) [11,8],  4826 ms
11) [8,8],  10034 ms
12) [6,9],  5083 ms
13) [7,9],  4464 ms
14) [7,7],  7595 ms
15) [10,12],  7392 ms
16) [8,10],  7309 ms
17) [7,10],  9987 ms
18) [7,11],  4942 ms
19) [10,8],  7681 ms
20) [10,10],  10003 ms
21) [12,10],  10017 ms
22) [11,11],  9999 ms
23) [6,12],  10002 ms
24) [11,7],  6917 ms
25) [11,5],  3635 ms
26) [5,9],  7115 ms
27) [6,8],  8271 ms
28) [4,9],  5169 ms
29) [3,9],  3713 ms
30) [4,8],  5472 ms
31) [6,10],  10006 ms
32) [5,11],  23 ms
33) [5,10],  10009 ms
34) [4,7],  849 ms
35) [4,6],  5647 ms
36) [4,11],  204 ms
37) [4,10],  23 ms
38) [3,10],  23 ms
39) [6,11],  6690 ms
40) [2,11],  215 ms
41) [6,13],  26 ms
42) [6,14],  24 ms
43) [5,7],  4861 ms
44) [3,5],  23 ms
45) [1,12],  6760 ms
46) [1,8],  30 ms
47) [2,9],  5814 ms
48) [5,8],  28 ms
49) [6,7],  23 ms
50) [3,6],  24 ms
51) [2,5],  23 ms
52) [3,11],  24 ms
53) [1,11],  23 ms
54) [2,6],  196 ms
55) [3,7],  2103 ms
56) [2,7],  30 ms
57) [4,5],  4046 ms
58) [1,7],  25 ms
59) [4,4],  24 ms
60) [3,8],  22 ms
61) [2,8],  23 ms
62) [1,6],  23 ms
63) [0,5],  22 ms
64) [1,5],  23 ms
65) [1,9],  23 ms
66) [1,4],  23 ms

pela 10.0 wins

pela 10.0:  4589 ms/turn
pela 10.0:  2606 ms/turn
