 0) [10,8],  25 ms
 1) [11,8],  25 ms
 2) [11,7],  25 ms
 3) [10,7],  55 ms
 4) [9,6],  25 ms
 5) [10,6],  25 ms
 6) [9,5],  24 ms
 7) [9,7],  25 ms
 8) [11,3],  26 ms
 9) [10,4],  7521 ms
10) [9,3],  4609 ms
11) [10,3],  4292 ms
12) [10,5],  25 ms
13) [11,5],  8205 ms
14) [8,8],  7939 ms
15) [7,8],  5321 ms
16) [9,9],  6919 ms
17) [8,10],  8273 ms
18) [13,4],  5063 ms
19) [13,5],  8002 ms
20) [12,3],  2894 ms
21) [11,4],  7795 ms
22) [13,6],  5636 ms
23) [7,7],  10003 ms
24) [7,6],  7543 ms
25) [7,10],  2427 ms
26) [9,10],  9999 ms
27) [7,9],  34 ms
28) [7,11],  24 ms
29) [6,7],  28 ms
30) [8,7],  24 ms
31) [5,7],  25 ms
32) [6,8],  5686 ms
33) [5,6],  26 ms
34) [4,5],  4930 ms
35) [5,8],  27 ms
36) [5,9],  25 ms
37) [4,7],  24 ms
38) [3,7],  25 ms
39) [6,9],  24 ms
40) [8,11],  26 ms
41) [3,6],  24 ms

pela 10.0 wins

pela 10.0:  2928 ms/turn
pela 10.0:  2961 ms/turn
