 0) [9,11],  26 ms
 1) [10,12],  29 ms
 2) [9,10],  26 ms
 3) [9,9],  25 ms
 4) [8,11],  8600 ms
 5) [10,11],  25 ms
 6) [8,12],  8651 ms
 7) [8,10],  7490 ms
 8) [10,8],  3995 ms
 9) [7,12],  5445 ms
10) [9,13],  3959 ms
11) [9,14],  3194 ms
12) [10,15],  10032 ms
13) [11,15],  8853 ms
14) [11,8],  8886 ms
15) [10,9],  2713 ms
16) [10,13],  10000 ms
17) [11,9],  5262 ms
18) [12,9],  3709 ms
19) [8,13],  9999 ms
20) [7,14],  5844 ms
21) [10,7],  10000 ms
22) [7,9],  10001 ms
23) [7,11],  10022 ms
24) [6,9],  6794 ms
25) [7,8],  3757 ms
26) [6,11],  4384 ms
27) [7,10],  10020 ms
28) [9,16],  8119 ms
29) [6,13],  4655 ms
30) [6,14],  8742 ms
31) [5,13],  7007 ms
32) [6,12],  23 ms
33) [7,13],  10002 ms
34) [4,13],  23 ms
35) [5,14],  7285 ms
36) [12,8],  3760 ms
37) [9,8],  6285 ms
38) [8,7],  5318 ms
39) [13,8],  9979 ms
40) [11,6],  3893 ms
41) [12,6],  6470 ms
42) [4,15],  3596 ms
43) [6,8],  5200 ms
44) [8,8],  3583 ms
45) [9,7],  5304 ms
46) [2,13],  4000 ms
47) [3,14],  3112 ms
48) [2,15],  3012 ms
49) [3,15],  6715 ms
50) [3,13],  2512 ms
51) [2,12],  9459 ms
52) [11,7],  5119 ms
53) [11,5],  3118 ms
54) [9,6],  2771 ms
55) [8,6],  3446 ms
56) [10,4],  1867 ms
57) [11,14],  9180 ms
58) [12,14],  5530 ms
59) [13,7],  6993 ms
60) [14,8],  4740 ms
61) [14,10],  10002 ms
62) [13,11],  2119 ms
63) [4,16],  3485 ms
64) [9,4],  3733 ms
65) [8,4],  4642 ms
66) [13,5],  3243 ms
67) [10,5],  9986 ms
68) [7,5],  1389 ms
69) [12,10],  6323 ms
70) [11,10],  1105 ms
71) [15,10],  9999 ms
72) [13,10],  1461 ms
73) [0,13],  4374 ms
74) [5,17],  921 ms
75) [3,16],  3640 ms
76) [3,17],  974 ms
77) [2,17],  4334 ms
78) [13,9],  891 ms
79) [9,5],  10000 ms
80) [5,9],  1084 ms
81) [4,9],  5991 ms
82) [5,11],  734 ms
83) [4,12],  4916 ms
84) [1,12],  899 ms
85) [13,13],  4370 ms
86) [13,4],  1437 ms
87) [11,4],  3118 ms
88) [14,9],  974 ms
89) [12,11],  9268 ms
90) [5,8],  421 ms
91) [5,10],  9870 ms
92) [4,10],  441 ms
93) [14,14],  10011 ms
94) [6,16],  944 ms
95) [7,15],  4674 ms
96) [5,5],  816 ms
97) [5,6],  5442 ms
98) [11,11],  473 ms
99) [14,13],  10004 ms
100) [14,11],  637 ms
101) [15,12],  25 ms
102) [15,9],  429 ms
103) [16,9],  26 ms
104) [2,8],  352 ms
105) [3,9],  25 ms
106) [17,10],  361 ms
107) [11,13],  27 ms
108) [11,16],  26 ms
109) [15,13],  26 ms
110) [12,13],  26 ms
111) [15,11],  25 ms
112) [15,14],  26 ms
113) [17,13],  26 ms
114) [16,13],  26 ms
115) [16,12],  25 ms
116) [18,14],  25 ms
117) [13,15],  25 ms
118) [17,11],  26 ms
119) [12,16],  25 ms

pela 10.0 wins

pela 10.0:  2958 ms/turn
pela 10.0:  5262 ms/turn
