 0) [10,10],  25 ms
 1) [11,9],  25 ms
 2) [11,11],  24 ms
 3) [9,9],  25 ms
 4) [12,10],  23 ms
 5) [10,12],  24 ms
 6) [8,9],  9994 ms
 7) [13,10],  7025 ms
 8) [8,10],  4202 ms
 9) [9,10],  8431 ms
10) [9,12],  5511 ms
11) [7,10],  8072 ms
12) [11,8],  3844 ms
13) [7,12],  7018 ms
14) [8,13],  9996 ms
15) [8,12],  3219 ms
16) [7,11],  5204 ms
17) [6,14],  6822 ms
18) [5,14],  7038 ms
19) [10,11],  9737 ms
20) [10,7],  5744 ms
21) [8,7],  8078 ms
22) [5,15],  6561 ms
23) [5,16],  4554 ms
24) [4,14],  5116 ms
25) [5,13],  2953 ms
26) [4,12],  4536 ms
27) [2,12],  10014 ms
28) [4,13],  26 ms
29) [4,15],  10006 ms
30) [3,12],  32 ms
31) [2,11],  10030 ms
32) [2,14],  29 ms
33) [3,14],  10004 ms
34) [4,11],  24 ms
35) [4,10],  25 ms
36) [2,13],  25 ms
37) [5,10],  3701 ms
38) [3,10],  10006 ms
39) [5,11],  6024 ms
40) [5,9],  10008 ms
41) [2,9],  9172 ms
42) [6,12],  3234 ms
43) [10,9],  7892 ms
44) [1,14],  10044 ms
45) [0,15],  25 ms
46) [9,8],  10010 ms
47) [11,6],  6719 ms
48) [13,9],  5536 ms
49) [12,8],  5761 ms
50) [6,17],  10001 ms
51) [7,17],  4938 ms
52) [1,13],  9996 ms
53) [3,13],  4242 ms
54) [12,12],  3311 ms
55) [13,13],  2043 ms
56) [11,13],  3815 ms
57) [10,13],  3351 ms
58) [10,15],  8853 ms
59) [9,15],  977 ms
60) [8,16],  9999 ms
61) [7,16],  2600 ms
62) [7,18],  3161 ms
63) [11,14],  2349 ms
64) [13,14],  9043 ms
65) [4,9],  1028 ms
66) [2,8],  4739 ms
67) [10,5],  1878 ms
68) [9,6],  4374 ms
69) [8,5],  752 ms
70) [15,7],  10000 ms
71) [14,8],  24 ms
72) [3,8],  10007 ms
73) [3,9],  1462 ms
74) [9,4],  6763 ms
75) [4,7],  539 ms
76) [4,8],  10003 ms
77) [5,8],  1168 ms
78) [6,9],  5999 ms
79) [6,10],  751 ms
80) [11,5],  10004 ms
81) [14,6],  734 ms
82) [14,9],  5224 ms
83) [15,6],  824 ms
84) [13,7],  10001 ms
85) [14,7],  311 ms
86) [12,6],  2814 ms
87) [9,3],  501 ms
88) [9,7],  4969 ms
89) [9,5],  25 ms
90) [11,7],  4610 ms
91) [12,7],  25 ms
92) [0,8],  4818 ms
93) [1,8],  24 ms
94) [8,8],  9981 ms
95) [10,6],  521 ms
96) [10,8],  9112 ms
97) [7,8],  25 ms
98) [14,4],  5936 ms
99) [13,5],  25 ms
100) [7,6],  4073 ms
101) [7,5],  28 ms
102) [6,5],  25 ms
103) [10,2],  27 ms
104) [8,4],  24 ms
105) [10,4],  25 ms
106) [10,3],  24 ms
107) [11,3],  26 ms
108) [12,4],  25 ms
109) [8,6],  25 ms
110) [12,2],  25 ms
111) [7,7],  26 ms

pela 10.0 wins

pela 10.0:  3154 ms/turn
pela 10.0:  5330 ms/turn
