 0) [10,9],  25 ms
 1) [9,9],  24 ms
 2) [8,10],  24 ms
 3) [9,10],  25 ms
 4) [9,8],  24 ms
 5) [8,7],  24 ms
 6) [10,12],  6870 ms
 7) [10,10],  10009 ms
 8) [7,7],  4304 ms
 9) [7,8],  3338 ms
10) [9,5],  5974 ms
11) [9,11],  9987 ms
12) [10,11],  3754 ms
13) [11,12],  10007 ms
14) [8,12],  6137 ms
15) [11,11],  10016 ms
16) [12,12],  4015 ms
17) [11,10],  10037 ms
18) [11,13],  3973 ms
19) [13,10],  252 ms
20) [12,10],  24 ms
21) [10,14],  8796 ms
22) [11,8],  8210 ms
23) [11,6],  10017 ms
24) [9,6],  6878 ms
25) [9,4],  10000 ms
26) [8,5],  38 ms
27) [10,7],  6175 ms
28) [8,6],  28 ms
29) [10,4],  5917 ms
30) [12,11],  116 ms
31) [12,9],  8339 ms
32) [12,13],  38 ms
33) [12,14],  26 ms
34) [5,9],  102 ms
35) [6,8],  25 ms
36) [9,13],  28 ms
37) [8,13],  4342 ms
38) [12,7],  3997 ms
39) [7,5],  5984 ms
40) [11,4],  8175 ms
41) [13,6],  3498 ms
42) [14,6],  9992 ms
43) [13,13],  4480 ms
44) [11,15],  10005 ms
45) [14,12],  10029 ms
46) [14,10],  7753 ms
47) [15,9],  4128 ms
48) [16,10],  9159 ms
49) [15,8],  7024 ms
50) [16,9],  7399 ms
51) [16,11],  9418 ms
52) [15,12],  3411 ms
53) [13,4],  10002 ms
54) [13,7],  9938 ms
55) [12,8],  10000 ms
56) [14,3],  3095 ms
57) [6,10],  5145 ms
58) [6,9],  3945 ms
59) [7,9],  8155 ms
60) [10,8],  5103 ms
61) [9,3],  6706 ms
62) [8,4],  3159 ms
63) [8,3],  9997 ms
64) [10,5],  6344 ms
65) [11,5],  6669 ms
66) [8,2],  3042 ms
67) [7,3],  9357 ms
68) [6,3],  1712 ms
69) [13,2],  10010 ms
70) [13,3],  4151 ms
71) [14,4],  6740 ms
72) [5,8],  4141 ms
73) [5,6],  4769 ms
74) [7,4],  3529 ms
75) [5,2],  24 ms
76) [15,6],  1954 ms
77) [14,7],  8112 ms
78) [11,14],  1050 ms
79) [11,16],  3091 ms
80) [10,15],  980 ms
81) [9,16],  8531 ms
82) [6,7],  1167 ms
83) [4,9],  9999 ms
84) [6,4],  995 ms
85) [5,4],  10005 ms
86) [10,3],  648 ms
87) [5,10],  5448 ms
88) [3,10],  1323 ms
89) [6,5],  10003 ms
90) [11,3],  1891 ms
91) [12,3],  24 ms
92) [7,6],  831 ms
93) [5,5],  29 ms
94) [5,3],  24 ms
95) [3,5],  28 ms
96) [4,5],  24 ms
97) [4,6],  28 ms
98) [5,7],  25 ms
99) [6,11],  24 ms
100) [7,12],  25 ms
101) [3,8],  25 ms
102) [2,7],  25 ms
103) [4,7],  3308 ms
104) [2,9],  25 ms
105) [9,12],  10009 ms
106) [3,6],  607 ms
107) [1,8],  5104 ms
108) [7,15],  1386 ms
109) [8,15],  9993 ms
110) [4,10],  1078 ms
111) [2,10],  4895 ms
112) [8,16],  926 ms
113) [6,16],  10011 ms
114) [6,13],  585 ms
115) [4,12],  8916 ms
116) [5,11],  420 ms
117) [7,13],  2759 ms
118) [15,5],  652 ms
119) [17,3],  2698 ms
120) [16,6],  679 ms
121) [17,6],  9719 ms
122) [15,10],  268 ms
123) [16,8],  9988 ms
124) [3,11],  531 ms
125) [4,11],  10015 ms
126) [5,14],  369 ms
127) [4,15],  10007 ms
128) [6,14],  406 ms
129) [5,13],  10002 ms
130) [4,14],  320 ms
131) [3,14],  26 ms
132) [2,12],  28 ms
133) [1,13],  24 ms
134) [3,9],  27 ms
135) [2,8],  25 ms
136) [3,13],  25 ms
137) [3,12],  24 ms
138) [1,11],  22 ms
139) [5,15],  24 ms
140) [0,10],  23 ms

pela 10.0 wins

pela 10.0:  2506 ms/turn
pela 10.0:  5748 ms/turn
