 0) [9,10],  23 ms
 1) [8,9],  23 ms
 2) [8,11],  23 ms
 3) [10,9],  23 ms
 4) [7,10],  39 ms
 5) [9,12],  23 ms
 6) [9,9],  3678 ms
 7) [7,11],  9710 ms
 8) [8,13],  7520 ms
 9) [8,10],  3748 ms
10) [9,13],  8742 ms
11) [6,13],  5178 ms
12) [8,8],  9997 ms
13) [7,7],  5920 ms
14) [11,11],  3518 ms
15) [11,13],  5644 ms
16) [11,8],  6657 ms
17) [9,11],  9997 ms
18) [10,12],  961 ms
19) [12,10],  3332 ms
20) [10,7],  7702 ms
21) [9,6],  10003 ms
22) [11,5],  9991 ms
23) [11,7],  9163 ms
24) [8,12],  9999 ms
25) [8,14],  10021 ms
26) [6,8],  9654 ms
27) [5,8],  10042 ms
28) [7,6],  8040 ms
29) [6,14],  7147 ms
30) [12,12],  10030 ms
31) [10,10],  25 ms
32) [6,12],  6466 ms
33) [12,6],  2996 ms
34) [10,6],  7560 ms
35) [9,7],  4429 ms
36) [9,14],  6090 ms
37) [10,15],  6868 ms
38) [10,8],  6113 ms
39) [9,8],  3694 ms
40) [12,11],  8856 ms
41) [11,12],  4194 ms
42) [9,4],  3548 ms
43) [10,3],  9705 ms
44) [6,9],  9986 ms
45) [6,11],  8332 ms
46) [11,15],  7957 ms
47) [12,16],  4210 ms
48) [4,6],  8317 ms
49) [6,6],  3061 ms
50) [5,5],  8237 ms
51) [6,4],  3207 ms
52) [6,5],  7514 ms
53) [7,5],  1642 ms
54) [5,3],  4497 ms
55) [5,4],  5377 ms
56) [5,7],  9231 ms
57) [3,5],  3288 ms
58) [9,3],  9603 ms
59) [10,5],  1916 ms
60) [12,4],  6930 ms
61) [5,14],  2345 ms
62) [4,14],  3491 ms
63) [5,13],  3532 ms
64) [14,2],  4761 ms
65) [13,3],  25 ms
66) [5,15],  9995 ms
67) [4,11],  354 ms
68) [3,11],  10006 ms
69) [5,12],  28 ms
70) [3,10],  10004 ms
71) [6,16],  28 ms
72) [6,15],  3126 ms
73) [8,16],  31 ms
74) [7,15],  4163 ms
75) [5,10],  25 ms
76) [5,11],  25 ms
77) [4,15],  938 ms
78) [7,12],  8070 ms
79) [3,13],  32 ms
80) [4,13],  6824 ms
81) [7,16],  29 ms
82) [9,16],  3207 ms
83) [3,16],  25 ms
84) [2,17],  24 ms
85) [5,16],  25 ms
86) [4,16],  25 ms
87) [8,15],  26 ms
88) [7,14],  23 ms
89) [3,14],  24 ms
90) [6,17],  25 ms
91) [3,15],  25 ms
92) [3,17],  23 ms
93) [3,12],  23 ms

pela 10.0 wins

pela 10.0:  3413 ms/turn
pela 10.0:  5771 ms/turn
