 0) [11,10],  26 ms
 1) [10,11],  26 ms
 2) [11,9],  26 ms
 3) [11,8],  26 ms
 4) [12,10],  5132 ms
 5) [10,10],  26 ms
 6) [9,6],  9258 ms
 7) [9,7],  4242 ms
 8) [10,12],  4939 ms
 9) [11,11],  9046 ms
10) [8,8],  10006 ms
11) [8,7],  10000 ms
12) [7,7],  10000 ms
13) [6,6],  10000 ms
14) [9,10],  4161 ms
15) [13,11],  46 ms
16) [12,11],  4084 ms
17) [12,9],  3035 ms
18) [13,13],  9964 ms
19) [14,13],  5214 ms
20) [12,14],  3452 ms
21) [11,13],  3853 ms
22) [12,12],  8119 ms
23) [12,13],  24 ms
24) [13,14],  2913 ms
25) [14,14],  7380 ms
26) [14,11],  3791 ms
27) [13,12],  10014 ms
28) [9,12],  6764 ms
29) [8,12],  4874 ms
30) [6,8],  3293 ms
31) [9,11],  9042 ms
32) [6,14],  9999 ms
33) [5,9],  10007 ms
34) [7,11],  7703 ms
35) [5,8],  10000 ms
36) [5,7],  7014 ms
37) [7,9],  5079 ms
38) [4,9],  4737 ms
39) [11,15],  6606 ms
40) [11,14],  5006 ms
41) [10,14],  3590 ms
42) [9,13],  6843 ms
43) [10,13],  3362 ms
44) [6,11],  3694 ms
45) [6,10],  5753 ms
46) [7,12],  28 ms
47) [5,10],  8321 ms
48) [7,14],  28 ms
49) [7,13],  10010 ms
50) [8,14],  26 ms
51) [5,14],  7171 ms
52) [7,15],  25 ms
53) [6,16],  24 ms
54) [4,12],  27 ms
55) [3,11],  67 ms
56) [8,16],  26 ms
57) [5,13],  24 ms
58) [8,13],  28 ms
59) [8,15],  2668 ms
60) [10,15],  26 ms
61) [9,14],  24 ms
62) [6,15],  28 ms
63) [5,16],  50 ms
64) [6,13],  24 ms
65) [6,12],  48 ms
66) [8,11],  24 ms
67) [10,9],  23 ms
68) [10,18],  25 ms
69) [9,17],  23 ms
70) [7,16],  25 ms
71) [5,15],  24 ms
72) [5,17],  24 ms
73) [5,12],  24 ms

pela 10.0 wins

pela 10.0:  3548 ms/turn
pela 10.0:  4047 ms/turn
