 0) [9,10],  24 ms
 1) [8,11],  25 ms
 2) [10,11],  24 ms
 3) [8,9],  25 ms
 4) [10,12],  24 ms
 5) [9,9],  25 ms
 6) [8,12],  24 ms
 7) [10,9],  25 ms
 8) [7,9],  10000 ms
 9) [9,12],  10000 ms
10) [11,9],  10017 ms
11) [9,11],  5523 ms
12) [9,8],  5684 ms
13) [10,14],  5161 ms
14) [6,10],  10062 ms
15) [8,8],  2863 ms
16) [8,7],  6360 ms
17) [5,9],  5575 ms
18) [11,12],  7306 ms
19) [11,11],  7509 ms
20) [10,10],  7640 ms
21) [7,10],  2785 ms
22) [6,9],  4562 ms
23) [13,14],  10002 ms
24) [11,14],  5982 ms
25) [6,11],  5791 ms
26) [7,11],  6296 ms
27) [9,6],  6058 ms
28) [5,13],  6905 ms
29) [4,12],  10009 ms
30) [12,13],  10033 ms
31) [13,12],  3471 ms
32) [13,13],  6238 ms
33) [14,13],  5231 ms
34) [12,11],  3477 ms
35) [12,10],  3657 ms
36) [12,15],  8283 ms
37) [12,14],  5020 ms
38) [7,7],  5093 ms
39) [5,7],  8412 ms
40) [5,12],  8670 ms
41) [5,14],  4581 ms
42) [5,10],  3966 ms
43) [4,11],  3267 ms
44) [4,8],  10029 ms
45) [15,14],  7626 ms
46) [16,14],  3954 ms
47) [15,12],  8002 ms
48) [15,15],  10014 ms
49) [14,16],  4214 ms
50) [16,15],  8700 ms
51) [16,16],  6706 ms
52) [14,15],  3803 ms
53) [13,15],  24 ms
54) [11,13],  5345 ms
55) [10,13],  6912 ms
56) [16,12],  8246 ms
57) [10,7],  1799 ms
58) [15,17],  3105 ms
59) [10,6],  2956 ms
60) [17,15],  8510 ms
61) [18,15],  25 ms
62) [11,15],  7956 ms
63) [11,16],  25 ms
64) [8,6],  6603 ms
65) [10,8],  901 ms
66) [10,5],  25 ms
67) [12,6],  308 ms
68) [11,7],  7298 ms
69) [13,6],  66 ms
70) [11,6],  25 ms
71) [11,8],  48 ms
72) [12,9],  8875 ms
73) [12,7],  29 ms
74) [14,5],  25 ms
75) [12,4],  32 ms
76) [12,8],  4100 ms
77) [11,5],  28 ms
78) [9,7],  24 ms
79) [12,3],  28 ms
80) [12,5],  25 ms
81) [13,7],  27 ms
82) [14,8],  10006 ms
83) [13,3],  25 ms
84) [14,2],  26 ms
85) [7,4],  27 ms
86) [8,5],  25 ms
87) [9,3],  25 ms
88) [10,4],  25 ms
89) [13,5],  26 ms
90) [13,4],  25 ms
91) [11,3],  25 ms
92) [10,3],  25 ms
93) [10,2],  25 ms
94) [14,6],  26 ms
95) [9,1],  25 ms

pela 10.0 wins

pela 10.0:  3019 ms/turn
pela 10.0:  4864 ms/turn
