 0) [9,9],  24 ms
 1) [10,10],  25 ms
 2) [9,8],  24 ms
 3) [9,7],  24 ms
 4) [8,9],  10002 ms
 5) [7,9],  23 ms
 6) [7,7],  6533 ms
 7) [10,7],  10000 ms
 8) [10,6],  6886 ms
 9) [7,6],  4973 ms
10) [8,8],  6489 ms
11) [8,10],  2833 ms
12) [10,12],  5502 ms
13) [6,6],  6555 ms
14) [6,8],  7566 ms
15) [7,8],  8326 ms
16) [5,6],  4929 ms
17) [9,6],  10001 ms
18) [11,8],  4256 ms
19) [12,8],  3725 ms
20) [11,9],  10006 ms
21) [10,9],  10006 ms
22) [9,10],  3895 ms
23) [9,12],  6273 ms
24) [10,11],  6162 ms
25) [11,12],  10010 ms
26) [4,7],  10000 ms
27) [5,9],  4745 ms
28) [5,10],  10010 ms
29) [3,8],  5044 ms
30) [11,7],  4871 ms
31) [11,10],  10007 ms
32) [12,10],  10008 ms
33) [13,11],  9992 ms
34) [6,11],  2868 ms
35) [5,12],  3656 ms
36) [6,9],  10000 ms
37) [6,10],  4694 ms
38) [4,5],  3111 ms
39) [3,6],  10026 ms
40) [3,7],  2517 ms
41) [5,7],  3698 ms
42) [7,5],  7755 ms
43) [6,5],  4171 ms
44) [8,6],  2819 ms
45) [11,5],  5976 ms
46) [5,3],  3782 ms
47) [6,4],  10002 ms
48) [6,3],  2548 ms
49) [4,3],  3213 ms
50) [5,4],  2391 ms
51) [7,2],  5134 ms
52) [4,11],  5019 ms
53) [5,2],  10000 ms
54) [6,2],  1325 ms
55) [3,12],  4612 ms
56) [4,12],  4108 ms
57) [4,13],  4633 ms
58) [8,12],  3272 ms
59) [7,12],  6757 ms
60) [5,14],  1259 ms
61) [3,11],  9296 ms
62) [3,9],  1175 ms
63) [13,12],  10010 ms
64) [12,11],  2688 ms
65) [4,4],  3186 ms
66) [13,9],  2089 ms
67) [11,11],  7641 ms
68) [11,14],  886 ms
69) [12,12],  9995 ms
70) [13,13],  1891 ms
71) [7,13],  10001 ms
72) [7,11],  578 ms
73) [8,11],  4158 ms
74) [14,13],  532 ms
75) [15,13],  9998 ms
76) [16,11],  1121 ms
77) [13,14],  10004 ms
78) [17,10],  1297 ms
79) [18,9],  10001 ms
80) [14,12],  673 ms
81) [15,11],  3944 ms
82) [14,9],  1024 ms
83) [15,10],  10000 ms
84) [15,12],  401 ms
85) [12,9],  4253 ms
86) [10,15],  819 ms
87) [10,14],  3429 ms
88) [11,13],  240 ms
89) [14,14],  9996 ms
90) [16,12],  479 ms
91) [14,10],  10005 ms
92) [12,13],  155 ms
93) [10,13],  25 ms
94) [16,13],  389 ms
95) [16,10],  10018 ms
96) [17,14],  516 ms
97) [18,15],  8527 ms
98) [17,12],  25 ms
99) [18,12],  25 ms
100) [17,13],  25 ms
101) [17,11],  25 ms
102) [16,15],  25 ms
103) [16,14],  25 ms
104) [17,16],  25 ms
105) [17,15],  25 ms
106) [15,14],  25 ms
107) [18,17],  25 ms
108) [14,15],  24 ms
109) [18,11],  25 ms
110) [13,16],  25 ms

pela 10.0 wins

pela 10.0:  3161 ms/turn
pela 10.0:  5886 ms/turn
