 0) [12,12],  25 ms
 1) [13,13],  24 ms
 2) [11,13],  25 ms
 3) [13,11],  24 ms
 4) [12,14],  25 ms
 5) [10,12],  25 ms
 6) [13,10],  4386 ms
 7) [12,15],  10030 ms
 8) [12,10],  7120 ms
 9) [12,11],  3037 ms
10) [10,11],  8706 ms
11) [11,10],  4995 ms
12) [14,13],  7536 ms
13) [13,16],  5798 ms
14) [14,17],  4579 ms
15) [14,14],  9997 ms
16) [12,16],  8944 ms
17) [15,16],  4061 ms
18) [16,16],  3749 ms
19) [15,13],  9587 ms
20) [13,15],  4565 ms
21) [15,17],  3684 ms
22) [15,11],  7857 ms
23) [17,18],  8151 ms
24) [15,15],  7597 ms
25) [16,14],  5930 ms
26) [17,15],  7783 ms
27) [10,9],  3504 ms
28) [9,8],  10015 ms
29) [14,15],  9801 ms
30) [13,14],  9999 ms
31) [11,14],  10016 ms
32) [10,7],  4155 ms
33) [8,9],  3280 ms
34) [10,13],  10003 ms
35) [9,10],  4849 ms
36) [8,11],  5150 ms
37) [7,11],  9989 ms
38) [7,9],  9672 ms
39) [9,7],  4474 ms
40) [13,9],  4422 ms
41) [14,10],  9995 ms
42) [16,15],  5435 ms
43) [9,9],  4611 ms
44) [11,9],  5145 ms
45) [12,9],  7328 ms
46) [10,8],  6154 ms
47) [9,13],  9870 ms
48) [9,12],  5273 ms
49) [6,7],  3766 ms
50) [5,6],  1939 ms
51) [7,8],  9999 ms
52) [8,12],  2058 ms
53) [8,10],  3277 ms
54) [6,12],  3008 ms
55) [14,8],  3359 ms
56) [10,10],  2395 ms
57) [9,11],  3486 ms
58) [14,7],  1242 ms
59) [18,15],  3489 ms
60) [8,14],  901 ms
61) [16,17],  10005 ms
62) [18,19],  25 ms
63) [7,14],  6426 ms
64) [5,11],  35 ms
65) [7,13],  3869 ms
66) [7,12],  25 ms
67) [5,12],  25 ms
68) [6,10],  27 ms
69) [4,12],  25 ms
70) [6,9],  24 ms
71) [7,10],  26 ms
72) [6,11],  25 ms
73) [6,13],  25 ms
74) [6,8],  26 ms

pela 10.0 wins

pela 10.0:  4211 ms/turn
pela 10.0:  5157 ms/turn
