 0) [8,8],  24 ms
 1) [7,8],  26 ms
 2) [8,7],  24 ms
 3) [8,6],  25 ms
 4) [7,5],  3043 ms
 5) [5,6],  6444 ms
 6) [6,7],  9382 ms
 7) [7,7],  3311 ms
 8) [9,5],  4013 ms
 9) [8,5],  9429 ms
10) [5,9],  9189 ms
11) [5,7],  3261 ms
12) [4,6],  5144 ms
13) [6,10],  4017 ms
14) [7,3],  10008 ms
15) [6,2],  8569 ms
16) [9,3],  10010 ms
17) [7,4],  4285 ms
18) [9,6],  7594 ms
19) [9,4],  9997 ms
20) [6,5],  4341 ms
21) [5,5],  9999 ms
22) [5,4],  3535 ms
23) [7,6],  9995 ms
24) [10,3],  10009 ms
25) [7,9],  3454 ms
26) [7,10],  28 ms
27) [8,3],  4331 ms
28) [8,4],  842 ms
29) [10,2],  4428 ms
30) [3,4],  10027 ms
31) [4,4],  10032 ms
32) [3,3],  9573 ms
33) [3,6],  4844 ms
34) [4,3],  10009 ms
35) [3,2],  9997 ms
36) [9,8],  10012 ms
37) [8,9],  4540 ms
38) [9,9],  789 ms
39) [9,7],  24 ms
40) [11,7],  43 ms
41) [10,6],  25 ms
42) [6,8],  40 ms
43) [6,6],  8359 ms
44) [10,8],  35 ms
45) [12,6],  5266 ms
46) [11,8],  26 ms
47) [12,8],  23 ms
48) [8,10],  24 ms
49) [7,11],  23 ms
50) [11,6],  25 ms
51) [11,9],  6031 ms
52) [11,4],  31 ms
53) [11,5],  23 ms
54) [12,5],  57 ms
55) [13,6],  6416 ms
56) [6,3],  23 ms
57) [5,3],  23 ms
58) [8,1],  22 ms
59) [9,2],  24 ms
60) [7,2],  22 ms
61) [9,0],  23 ms
62) [4,5],  24 ms

pela 10.0 wins

pela 10.0:  3686 ms/turn
pela 10.0:  4427 ms/turn
