 0) [12,8],  25 ms
 1) [12,9],  24 ms
 2) [13,10],  24 ms
 3) [13,9],  25 ms
 4) [11,9],  24 ms
 5) [10,10],  27 ms
 6) [15,8],  6390 ms
 7) [13,8],  3301 ms
 8) [10,11],  5087 ms
 9) [11,11],  3351 ms
10) [8,9],  9157 ms
11) [14,9],  10053 ms
12) [14,8],  3416 ms
13) [15,7],  10006 ms
14) [15,10],  4365 ms
15) [14,7],  10010 ms
16) [15,6],  3116 ms
17) [13,7],  10041 ms
18) [16,7],  3492 ms
19) [13,5],  221 ms
20) [13,6],  25 ms
21) [17,8],  7786 ms
22) [12,7],  8103 ms
23) [10,9],  3393 ms
24) [12,12],  8537 ms
25) [9,10],  2798 ms
26) [8,10],  6560 ms
27) [16,10],  10025 ms
28) [7,9],  10031 ms
29) [14,6],  10001 ms
30) [12,4],  3786 ms
31) [8,11],  6134 ms
32) [7,12],  4122 ms
33) [17,9],  4911 ms
34) [16,8],  25 ms
35) [15,9],  10040 ms
36) [16,9],  25 ms
37) [17,6],  5877 ms
38) [17,7],  6532 ms
39) [18,8],  3371 ms
40) [15,11],  4865 ms
41) [6,8],  2710 ms
42) [7,10],  108 ms
43) [7,11],  4207 ms
44) [6,9],  560 ms
45) [5,9],  3292 ms
46) [6,11],  287 ms
47) [5,12],  3627 ms
48) [5,10],  188 ms
49) [4,9],  2682 ms
50) [10,7],  30 ms
51) [9,8],  25 ms
52) [8,7],  105 ms
53) [7,8],  4396 ms
54) [6,10],  25 ms
55) [4,10],  25 ms
56) [9,7],  25 ms
57) [11,7],  25 ms
58) [8,8],  25 ms
59) [10,6],  24 ms
60) [5,11],  26 ms

pela 10.0 wins

pela 10.0:  4413 ms/turn
pela 10.0:  2873 ms/turn
