 0) [8,12],  23 ms
 1) [8,13],  23 ms
 2) [7,13],  23 ms
 3) [7,12],  23 ms
 4) [9,14],  43 ms
 5) [8,14],  23 ms
 6) [9,15],  23 ms
 7) [9,13],  23 ms
 8) [7,17],  24 ms
 9) [8,16],  6133 ms
10) [6,13],  4601 ms
11) [5,15],  3415 ms
12) [8,15],  6562 ms
13) [7,16],  10041 ms
14) [6,16],  5092 ms
15) [9,16],  3671 ms
16) [12,15],  7640 ms
17) [11,15],  8270 ms
18) [10,16],  3094 ms
19) [6,14],  8573 ms
20) [7,15],  9901 ms
21) [10,15],  31 ms
22) [11,14],  4649 ms
23) [13,16],  5881 ms
24) [11,12],  6246 ms
25) [12,11],  6947 ms
26) [10,13],  5298 ms
27) [9,12],  6153 ms
28) [12,10],  7398 ms
29) [11,9],  5214 ms
30) [10,11],  9424 ms
31) [12,13],  8068 ms
32) [11,13],  10000 ms
33) [10,12],  2878 ms
34) [5,17],  6781 ms
35) [11,10],  5708 ms
36) [11,8],  9545 ms
37) [8,17],  9996 ms
38) [6,15],  6504 ms
39) [13,14],  9996 ms
40) [13,15],  10001 ms
41) [15,14],  6242 ms
42) [14,15],  10003 ms
43) [14,16],  3616 ms
44) [12,16],  10008 ms
45) [11,17],  5011 ms
46) [14,13],  5906 ms
47) [16,14],  9146 ms
48) [14,14],  10021 ms
49) [15,15],  2912 ms
50) [17,13],  7293 ms
51) [15,13],  4464 ms
52) [15,16],  10031 ms
53) [9,11],  5117 ms
54) [9,9],  7206 ms
55) [13,17],  4720 ms
56) [12,18],  51 ms
57) [12,17],  5376 ms
58) [10,17],  3115 ms
59) [16,12],  4372 ms
60) [15,11],  3250 ms
61) [16,13],  3627 ms
62) [16,15],  9996 ms
63) [6,19],  1086 ms
64) [7,18],  25 ms
65) [14,12],  3311 ms
66) [17,15],  4902 ms
67) [10,9],  1183 ms
68) [13,12],  10012 ms
69) [17,14],  978 ms
70) [16,11],  3031 ms
71) [4,18],  1486 ms
72) [14,17],  7655 ms
73) [15,12],  1030 ms
74) [18,15],  10008 ms
75) [2,18],  1930 ms
76) [13,10],  5861 ms
77) [13,11],  675 ms
78) [18,14],  10004 ms
79) [18,13],  1288 ms
80) [17,12],  5682 ms
81) [12,9],  563 ms
82) [13,9],  10031 ms
83) [14,8],  1360 ms
84) [4,16],  2938 ms
85) [15,9],  1313 ms
86) [13,7],  4658 ms
87) [5,14],  645 ms
88) [9,7],  3448 ms
89) [13,8],  1062 ms
90) [16,8],  4562 ms
91) [11,7],  906 ms
92) [8,8],  10016 ms
93) [7,8],  366 ms
94) [7,7],  1958 ms
95) [6,6],  239 ms
96) [8,7],  542 ms
97) [10,7],  382 ms
98) [5,7],  54 ms
99) [6,7],  25 ms
100) [7,9],  158 ms
101) [4,14],  402 ms
102) [7,14],  25 ms
103) [15,6],  589 ms
104) [14,7],  27 ms
105) [6,10],  515 ms
106) [10,10],  29 ms
107) [11,11],  24 ms
108) [9,6],  33 ms
109) [9,8],  312 ms
110) [8,9],  34 ms
111) [2,14],  235 ms
112) [3,14],  25 ms
113) [8,6],  317 ms
114) [17,11],  59 ms
115) [18,11],  307 ms
116) [15,7],  26 ms
117) [16,7],  25 ms
118) [17,9],  24 ms
119) [17,10],  25 ms
120) [14,6],  24 ms
121) [18,10],  25 ms
122) [13,5],  24 ms

pela 10.0 wins

pela 10.0:  2922 ms/turn
pela 10.0:  4606 ms/turn
