 0) [12,12],  26 ms
 1) [11,13],  25 ms
 2) [12,11],  26 ms
 3) [12,10],  30 ms
 4) [13,12],  4838 ms
 5) [11,12],  25 ms
 6) [10,8],  9578 ms
 7) [10,9],  10028 ms
 8) [11,14],  4899 ms
 9) [12,13],  2897 ms
10) [9,10],  10001 ms
11) [9,9],  10017 ms
12) [8,9],  10001 ms
13) [7,8],  9986 ms
14) [10,12],  5638 ms
15) [14,13],  46 ms
16) [13,13],  5922 ms
17) [13,11],  4580 ms
18) [14,15],  10006 ms
19) [15,15],  6362 ms
20) [13,16],  4527 ms
21) [12,15],  3600 ms
22) [13,14],  6353 ms
23) [13,15],  24 ms
24) [12,14],  10026 ms
25) [14,14],  10000 ms
26) [15,13],  5679 ms
27) [10,14],  3868 ms
28) [15,11],  10001 ms
29) [14,12],  7049 ms
30) [7,10],  4134 ms
31) [6,11],  4961 ms
32) [11,8],  3324 ms
33) [12,8],  9995 ms
34) [14,10],  8423 ms
35) [15,14],  7642 ms
36) [14,9],  9525 ms
37) [15,10],  5808 ms
38) [7,12],  3106 ms
39) [8,10],  24 ms
40) [9,12],  6643 ms
41) [8,12],  5002 ms
42) [9,13],  6754 ms
43) [8,11],  4832 ms
44) [8,14],  5803 ms
45) [7,15],  5815 ms
46) [10,7],  4696 ms
47) [11,6],  4186 ms
48) [7,11],  4284 ms
49) [7,13],  5477 ms
50) [10,10],  2698 ms
51) [13,9],  6216 ms
52) [12,9],  1007 ms
53) [9,6],  6238 ms
54) [10,6],  3146 ms
55) [9,5],  5155 ms
56) [9,4],  2351 ms
57) [8,7],  10042 ms
58) [10,5],  1374 ms
59) [10,4],  23 ms
60) [11,10],  1814 ms
61) [10,11],  5962 ms
62) [9,7],  1910 ms
63) [6,9],  10028 ms
64) [5,10],  23 ms
65) [6,12],  10118 ms
66) [13,10],  1639 ms
67) [14,11],  23 ms
68) [15,8],  1385 ms
69) [16,7],  23 ms
70) [9,11],  532 ms
71) [9,14],  24 ms
72) [6,10],  494 ms
73) [6,14],  261 ms
74) [7,9],  94 ms
75) [8,8],  23 ms
76) [4,10],  30 ms
77) [3,10],  23 ms
78) [6,15],  25 ms
79) [5,13],  25 ms
80) [4,12],  1039 ms
81) [4,16],  24 ms
82) [5,15],  23 ms
83) [8,16],  23 ms
84) [9,17],  23 ms
85) [7,17],  24 ms
86) [9,15],  24 ms
87) [7,16],  23 ms
88) [7,14],  23 ms
89) [8,15],  24 ms
90) [10,13],  23 ms
91) [7,18],  23 ms
92) [7,19],  23 ms
93) [5,16],  24 ms
94) [6,16],  23 ms
95) [6,17],  24 ms
96) [5,18],  23 ms
97) [4,15],  24 ms
98) [8,19],  27 ms
99) [3,14],  23 ms

pela 10.0 wins

pela 10.0:  3479 ms/turn
pela 10.0:  3533 ms/turn
