 0) [10,11],  24 ms
 1) [11,10],  25 ms
 2) [10,12],  24 ms
 3) [10,13],  25 ms
 4) [9,11],  9386 ms
 5) [8,11],  24 ms
 6) [8,13],  6036 ms
 7) [12,14],  10007 ms
 8) [11,14],  5063 ms
 9) [8,10],  6368 ms
10) [7,10],  10002 ms
11) [9,12],  4237 ms
12) [6,13],  6946 ms
13) [7,13],  8438 ms
14) [9,16],  8267 ms
15) [12,13],  6967 ms
16) [12,11],  9633 ms
17) [13,11],  3531 ms
18) [13,13],  6874 ms
19) [8,15],  7885 ms
20) [12,12],  5917 ms
21) [5,15],  10017 ms
22) [7,15],  10002 ms
23) [8,14],  3322 ms
24) [4,16],  10007 ms
25) [5,16],  10001 ms
26) [6,12],  3455 ms
27) [6,11],  6659 ms
28) [4,12],  6200 ms
29) [5,13],  9999 ms
30) [5,14],  4589 ms
31) [7,12],  7830 ms
32) [9,15],  5428 ms
33) [9,17],  9990 ms
34) [2,14],  7011 ms
35) [3,13],  9532 ms
36) [3,12],  1644 ms
37) [7,16],  6574 ms
38) [9,14],  704 ms
39) [4,13],  4111 ms
40) [2,12],  59 ms
41) [5,12],  23 ms
42) [2,13],  28 ms
43) [2,11],  5777 ms
44) [1,14],  25 ms
45) [4,11],  9484 ms
46) [1,12],  28 ms
47) [0,12],  23 ms
48) [2,15],  23 ms
49) [2,16],  23 ms
50) [3,14],  23 ms
51) [4,14],  23 ms
52) [4,15],  23 ms
53) [0,11],  23 ms
54) [3,16],  23 ms
55) [2,17],  23 ms
56) [4,17],  24 ms
57) [5,18],  23 ms
58) [0,13],  23 ms

pela 10.0 wins

pela 10.0:  3916 ms/turn
pela 10.0:  4860 ms/turn
