 0) [11,8],  24 ms
 1) [10,7],  23 ms
 2) [12,7],  23 ms
 3) [10,9],  24 ms
 4) [12,6],  40 ms
 5) [11,9],  23 ms
 6) [10,6],  23 ms
 7) [12,9],  23 ms
 8) [9,9],  9075 ms
 9) [11,6],  9998 ms
10) [13,9],  8525 ms
11) [11,7],  4950 ms
12) [11,10],  3951 ms
13) [12,4],  3444 ms
14) [8,8],  10007 ms
15) [10,10],  10020 ms
16) [10,11],  4442 ms
17) [7,9],  4021 ms
18) [13,6],  4532 ms
19) [13,7],  4272 ms
20) [12,8],  4781 ms
21) [9,8],  7612 ms
22) [8,9],  3100 ms
23) [15,4],  5917 ms
24) [13,4],  9997 ms
25) [8,7],  4421 ms
26) [9,7],  3621 ms
27) [11,12],  6487 ms
28) [7,5],  7741 ms
29) [6,6],  9877 ms
30) [14,5],  10031 ms
31) [15,6],  5665 ms
32) [15,5],  4143 ms
33) [16,5],  3539 ms
34) [14,7],  8716 ms
35) [14,8],  8034 ms
36) [14,3],  3747 ms
37) [14,4],  3689 ms
38) [9,11],  2922 ms
39) [7,11],  5958 ms
40) [7,6],  10051 ms
41) [7,4],  10000 ms
42) [7,8],  9768 ms
43) [6,7],  7474 ms
44) [5,7],  5503 ms
45) [17,4],  4657 ms
46) [18,4],  4669 ms
47) [17,6],  7995 ms
48) [18,7],  5996 ms
49) [12,5],  4455 ms
50) [19,2],  6399 ms
51) [12,11],  9943 ms
52) [13,10],  3599 ms
53) [12,10],  3222 ms
54) [12,12],  3783 ms
55) [11,3],  10009 ms
56) [11,4],  1487 ms
57) [12,2],  3388 ms
58) [6,4],  1617 ms
59) [8,6],  7977 ms
60) [9,5],  1761 ms
61) [18,5],  3743 ms
62) [16,7],  1057 ms
63) [15,2],  549 ms
64) [17,7],  3078 ms
65) [15,7],  25 ms
66) [16,3],  2723 ms
67) [10,2],  102 ms
68) [9,1],  2024 ms
69) [14,2],  54 ms
70) [16,2],  2448 ms
71) [15,1],  32 ms
72) [16,0],  30 ms
73) [12,3],  25 ms
74) [12,1],  26 ms
75) [14,6],  26 ms
76) [13,5],  25 ms
77) [13,3],  26 ms
78) [11,5],  25 ms
79) [11,2],  26 ms
80) [13,2],  25 ms
81) [18,6],  26 ms
82) [16,6],  25 ms
83) [8,2],  25 ms
84) [9,2],  25 ms
85) [15,3],  25 ms
86) [15,0],  25 ms
87) [11,1],  25 ms
88) [10,0],  25 ms
89) [16,4],  25 ms
90) [17,5],  25 ms
91) [9,3],  26 ms
92) [10,3],  25 ms
93) [12,0],  25 ms
94) [8,4],  25 ms
95) [13,1],  25 ms

pela 10.0 wins

pela 10.0:  3452 ms/turn
pela 10.0:  3581 ms/turn
