 0) [9,8],  25 ms
 1) [8,8],  24 ms
 2) [9,7],  24 ms
 3) [9,6],  25 ms
 4) [10,8],  9993 ms
 5) [11,9],  4069 ms
 6) [13,8],  10022 ms
 7) [12,8],  4480 ms
 8) [10,10],  3869 ms
 9) [10,9],  4762 ms
10) [13,9],  4232 ms
11) [13,10],  3243 ms
12) [12,10],  10010 ms
13) [14,8],  5881 ms
14) [11,8],  4502 ms
15) [7,8],  3647 ms
16) [7,9],  6239 ms
17) [6,6],  4560 ms
18) [8,7],  8134 ms
19) [6,8],  4788 ms
20) [7,6],  5788 ms
21) [6,7],  3850 ms
22) [6,5],  10022 ms
23) [5,4],  24 ms
24) [7,7],  4783 ms
25) [4,5],  6879 ms
26) [10,7],  8539 ms
27) [11,7],  23 ms
28) [8,9],  9545 ms
29) [7,10],  1095 ms
30) [6,9],  7808 ms
31) [5,9],  508 ms
32) [11,6],  7504 ms
33) [12,5],  23 ms
34) [4,8],  3636 ms
35) [3,4],  32 ms
36) [5,6],  23 ms
37) [3,6],  28 ms
38) [2,7],  3329 ms
39) [3,3],  26 ms
40) [3,5],  25 ms
41) [6,3],  25 ms
42) [7,2],  24 ms
43) [4,4],  24 ms
44) [4,3],  24 ms
45) [2,4],  23 ms
46) [6,4],  23 ms
47) [1,4],  23 ms

pela 10.0 wins

pela 10.0:  4921 ms/turn
pela 10.0:  2002 ms/turn
