 0) [9,12],  25 ms
 1) [10,13],  25 ms
 2) [9,11],  24 ms
 3) [9,10],  25 ms
 4) [8,12],  10003 ms
 5) [10,12],  25 ms
 6) [8,13],  10006 ms
 7) [8,11],  7930 ms
 8) [10,9],  3838 ms
 9) [7,13],  4945 ms
10) [9,14],  3643 ms
11) [9,15],  3794 ms
12) [10,16],  10006 ms
13) [11,16],  8738 ms
14) [11,9],  8464 ms
15) [10,10],  2842 ms
16) [10,14],  10039 ms
17) [11,10],  5186 ms
18) [12,10],  3370 ms
19) [8,14],  10007 ms
20) [7,15],  5603 ms
21) [10,8],  4291 ms
22) [7,10],  8251 ms
23) [7,12],  3523 ms
24) [6,10],  5420 ms
25) [7,9],  10008 ms
26) [6,12],  3368 ms
27) [7,11],  8164 ms
28) [11,15],  5537 ms
29) [12,14],  8090 ms
30) [12,15],  9998 ms
31) [12,16],  10003 ms
32) [13,16],  7692 ms
33) [6,11],  8834 ms
34) [12,9],  7338 ms
35) [13,9],  5603 ms
36) [5,11],  9665 ms
37) [6,9],  7045 ms
38) [8,9],  2876 ms
39) [9,9],  24 ms
40) [11,7],  2935 ms
41) [13,15],  4144 ms
42) [11,13],  5560 ms
43) [6,15],  3875 ms
44) [13,11],  2805 ms
45) [12,12],  3336 ms
46) [11,11],  6214 ms
47) [12,11],  9186 ms
48) [14,12],  3905 ms
49) [15,13],  24 ms
50) [14,14],  3897 ms
51) [11,14],  9351 ms
52) [4,10],  1700 ms
53) [5,10],  4929 ms
54) [5,14],  2124 ms
55) [14,13],  10011 ms
56) [15,14],  1186 ms
57) [12,13],  10021 ms
58) [4,9],  2593 ms
59) [3,9],  9998 ms
60) [10,7],  1291 ms
61) [11,6],  4703 ms
62) [4,12],  1126 ms
63) [4,11],  10005 ms
64) [7,8],  1577 ms
65) [3,13],  4854 ms
66) [13,13],  2443 ms
67) [12,7],  9940 ms
68) [14,9],  2200 ms
69) [14,15],  3607 ms
70) [17,12],  1345 ms
71) [15,10],  6186 ms
72) [5,8],  947 ms
73) [6,7],  10010 ms
74) [3,12],  812 ms
75) [5,12],  10001 ms
76) [14,11],  1348 ms
77) [16,13],  2639 ms
78) [6,14],  1248 ms
79) [5,13],  5712 ms
80) [6,13],  1074 ms
81) [15,9],  9995 ms
82) [15,8],  343 ms
83) [13,10],  4159 ms
84) [15,11],  677 ms
85) [17,11],  10009 ms
86) [16,10],  283 ms
87) [17,9],  24 ms
88) [10,15],  652 ms
89) [4,13],  6623 ms
90) [2,13],  637 ms
91) [13,6],  4431 ms
92) [13,8],  554 ms
93) [14,8],  10000 ms
94) [10,6],  470 ms
95) [9,5],  10005 ms
96) [3,14],  206 ms
97) [2,14],  9982 ms
98) [17,13],  255 ms
99) [16,12],  9996 ms
100) [16,14],  179 ms
101) [17,14],  10008 ms
102) [6,6],  313 ms
103) [4,8],  10000 ms
104) [15,15],  266 ms
105) [18,12],  10001 ms
106) [18,10],  117 ms
107) [9,4],  10008 ms
108) [8,3],  148 ms
109) [10,4],  2655 ms
110) [9,6],  109 ms
111) [8,5],  4294 ms
112) [10,18],  169 ms
113) [10,17],  24 ms
114) [9,17],  164 ms
115) [8,16],  24 ms
116) [8,18],  132 ms
117) [7,19],  24 ms
118) [17,17],  96 ms
119) [16,16],  24 ms
120) [7,14],  55 ms
121) [4,14],  24 ms
122) [2,12],  71 ms
123) [1,12],  4953 ms
124) [13,17],  53 ms
125) [14,16],  23 ms
126) [7,6],  39 ms
127) [8,6],  23 ms
128) [11,3],  62 ms
129) [15,16],  25 ms
130) [13,14],  25 ms
131) [16,18],  26 ms
132) [15,17],  25 ms
133) [17,16],  25 ms
134) [18,16],  24 ms
135) [16,15],  27 ms
136) [18,13],  48 ms
137) [16,17],  24 ms
138) [16,19],  25 ms
139) [17,18],  24 ms
140) [18,19],  24 ms
141) [13,18],  23 ms
142) [14,17],  24 ms
143) [15,18],  24 ms
144) [14,18],  24 ms
145) [18,15],  25 ms
146) [19,14],  24 ms
147) [14,19],  24 ms

pela 10.0 wins

pela 10.0:  2429 ms/turn
pela 10.0:  4989 ms/turn
