 0) [11,9],  25 ms
 1) [12,9],  24 ms
 2) [13,8],  25 ms
 3) [12,8],  24 ms
 4) [12,10],  25 ms
 5) [13,10],  24 ms
 6) [11,8],  26 ms
 7) [11,11],  5727 ms
 8) [11,6],  3771 ms
 9) [11,7],  10015 ms
10) [10,6],  6790 ms
11) [12,6],  4487 ms
12) [10,8],  2345 ms
13) [9,7],  5149 ms
14) [10,7],  498 ms
15) [10,5],  6437 ms
16) [10,9],  2210 ms
17) [10,10],  23 ms
18) [9,8],  768 ms
19) [8,9],  6939 ms
20) [7,6],  54 ms
21) [8,7],  3266 ms
22) [8,8],  26 ms
23) [7,8],  25 ms
24) [9,6],  25 ms
25) [8,6],  24 ms
26) [12,5],  26 ms
27) [13,4],  24 ms
28) [8,5],  25 ms
29) [7,4],  25 ms
30) [13,6],  25 ms
31) [9,10],  10052 ms
32) [6,7],  3390 ms
33) [11,12],  7091 ms
34) [10,11],  24 ms
35) [9,4],  9998 ms
36) [11,13],  4637 ms
37) [13,11],  5388 ms
38) [13,13],  10024 ms
39) [14,7],  10027 ms
40) [5,8],  9484 ms
41) [4,9],  24 ms
42) [14,5],  9795 ms
43) [12,7],  24 ms
44) [13,7],  10004 ms
45) [13,5],  25 ms
46) [8,3],  9975 ms
47) [14,4],  301 ms
48) [15,3],  41 ms
49) [12,4],  50 ms
50) [11,4],  9897 ms
51) [14,9],  39 ms
52) [10,3],  10008 ms
53) [9,2],  25 ms
54) [12,11],  36 ms
55) [14,10],  27 ms
56) [14,8],  26 ms
57) [13,9],  25 ms
58) [15,11],  24 ms
59) [15,9],  25 ms
60) [16,9],  23 ms
61) [16,8],  24 ms
62) [17,7],  23 ms
63) [12,12],  24 ms

pela 10.0 wins

pela 10.0:  2668 ms/turn
pela 10.0:  2939 ms/turn
