 0) [9,10],  27 ms
 1) [8,11],  25 ms
 2) [10,11],  25 ms
 3) [8,9],  25 ms
 4) [10,12],  25 ms
 5) [9,9],  25 ms
 6) [8,12],  25 ms
 7) [10,9],  25 ms
 8) [7,9],  5766 ms
 9) [9,12],  9998 ms
10) [11,9],  6792 ms
11) [9,11],  4370 ms
12) [9,8],  3992 ms
13) [10,14],  4019 ms
14) [6,10],  9999 ms
15) [8,8],  2971 ms
16) [8,7],  5731 ms
17) [5,9],  5046 ms
18) [11,12],  6776 ms
19) [11,11],  6728 ms
20) [10,10],  7011 ms
21) [7,10],  10002 ms
22) [6,9],  3636 ms
23) [13,14],  9546 ms
24) [11,14],  5598 ms
25) [6,11],  6233 ms
26) [7,11],  7359 ms
27) [9,6],  6374 ms
28) [5,13],  7778 ms
29) [4,12],  9998 ms
30) [12,13],  10001 ms
31) [13,12],  3378 ms
32) [13,13],  6459 ms
33) [14,13],  5375 ms
34) [12,11],  3179 ms
35) [12,10],  3296 ms
36) [12,15],  6772 ms
37) [12,14],  4396 ms
38) [7,7],  4401 ms
39) [5,7],  6629 ms
40) [5,12],  7218 ms
41) [5,14],  3529 ms
42) [5,10],  3471 ms
43) [4,11],  9651 ms
44) [4,8],  9990 ms
45) [15,14],  8496 ms
46) [16,14],  3733 ms
47) [15,12],  8268 ms
48) [15,15],  9992 ms
49) [14,16],  4145 ms
50) [16,15],  9558 ms
51) [16,16],  6771 ms
52) [14,15],  4428 ms
53) [13,15],  25 ms
54) [11,13],  6367 ms
55) [10,13],  5805 ms
56) [16,12],  4004 ms
57) [10,7],  3253 ms
58) [15,17],  6106 ms
59) [10,6],  4529 ms
60) [17,15],  10000 ms
61) [18,15],  25 ms
62) [11,15],  10008 ms
63) [11,16],  24 ms
64) [8,6],  10009 ms
65) [10,5],  1708 ms
66) [10,8],  36 ms
67) [7,5],  3627 ms
68) [8,5],  6889 ms
69) [9,3],  1895 ms
70) [8,4],  7627 ms
71) [8,3],  25 ms
72) [10,4],  7303 ms
73) [9,5],  2680 ms
74) [9,4],  10012 ms
75) [7,4],  815 ms
76) [7,3],  4417 ms
77) [11,5],  1521 ms
78) [12,5],  10029 ms
79) [15,13],  2124 ms
80) [15,10],  3754 ms
81) [4,15],  945 ms
82) [4,14],  5504 ms
83) [6,12],  660 ms
84) [6,13],  4230 ms
85) [4,13],  1581 ms
86) [2,11],  10000 ms
87) [9,14],  549 ms
88) [10,15],  7160 ms
89) [9,16],  413 ms
90) [12,4],  5429 ms
91) [11,4],  22 ms
92) [12,3],  3383 ms
93) [12,2],  1193 ms
94) [11,2],  10011 ms
95) [16,11],  957 ms
96) [17,10],  22 ms
97) [10,3],  748 ms
98) [8,16],  4115 ms
99) [12,16],  404 ms
100) [13,16],  9942 ms
101) [9,15],  28 ms
102) [9,13],  22 ms
103) [11,17],  28 ms
104) [14,14],  23 ms
105) [10,18],  39 ms
106) [9,19],  23 ms
107) [7,16],  30 ms
108) [6,15],  5616 ms
109) [9,17],  27 ms
110) [9,18],  22 ms
111) [10,17],  30 ms
112) [12,17],  23 ms
113) [8,15],  23 ms
114) [6,17],  23 ms
115) [11,18],  23 ms
116) [12,19],  23 ms
117) [7,14],  23 ms

pela 10.0 wins

pela 10.0:  2967 ms/turn
pela 10.0:  5286 ms/turn
