 0) [11,8],  25 ms
 1) [12,8],  25 ms
 2) [11,9],  27 ms
 3) [11,10],  50 ms
 4) [12,11],  10015 ms
 5) [14,10],  3698 ms
 6) [13,9],  8506 ms
 7) [12,9],  3431 ms
 8) [13,11],  5071 ms
 9) [13,8],  4936 ms
10) [14,7],  5623 ms
11) [10,8],  2888 ms
12) [15,7],  6241 ms
13) [12,7],  10004 ms
14) [12,6],  3380 ms
15) [14,8],  3241 ms
16) [10,11],  6795 ms
17) [11,11],  7065 ms
18) [11,12],  8272 ms
19) [13,10],  4602 ms
20) [12,10],  5677 ms
21) [12,13],  9184 ms
22) [15,8],  3210 ms
23) [15,10],  5941 ms
24) [14,9],  4353 ms
25) [16,9],  10004 ms
26) [16,10],  10032 ms
27) [15,6],  5620 ms
28) [14,12],  3199 ms
29) [15,13],  25 ms
30) [14,11],  4244 ms
31) [15,11],  3911 ms
32) [15,12],  10001 ms
33) [12,12],  8880 ms
34) [13,13],  7557 ms
35) [16,7],  26 ms
36) [17,8],  185 ms
37) [11,14],  5542 ms
38) [11,5],  10001 ms
39) [11,7],  10017 ms
40) [10,5],  5236 ms
41) [12,5],  6799 ms
42) [10,4],  9998 ms
43) [9,3],  6154 ms
44) [10,6],  10004 ms
45) [10,3],  9406 ms
46) [11,3],  6403 ms
47) [11,4],  4048 ms
48) [9,2],  5634 ms
49) [9,5],  3795 ms
50) [9,6],  5658 ms
51) [11,6],  7245 ms
52) [13,4],  6198 ms
53) [16,12],  4978 ms
54) [10,15],  9999 ms
55) [14,14],  1533 ms
56) [13,15],  9002 ms
57) [13,14],  1933 ms
58) [12,14],  3647 ms
59) [11,15],  3160 ms
60) [17,13],  7872 ms
61) [14,16],  4557 ms
62) [11,16],  6688 ms
63) [9,14],  2609 ms
64) [10,16],  9623 ms
65) [10,17],  2854 ms
66) [14,15],  10008 ms
67) [9,13],  1218 ms
68) [10,14],  5167 ms
69) [12,1],  2365 ms
70) [8,14],  10002 ms
71) [8,16],  1093 ms
72) [11,2],  9027 ms
73) [13,3],  2442 ms
74) [10,12],  10001 ms
75) [10,13],  25 ms
76) [9,12],  10006 ms
77) [9,11],  841 ms
78) [17,14],  10003 ms
79) [11,1],  921 ms
80) [14,4],  4839 ms
81) [9,17],  1851 ms
82) [9,16],  8443 ms
83) [13,16],  1572 ms
84) [10,2],  10001 ms
85) [8,2],  532 ms
86) [7,12],  7795 ms
87) [8,12],  24 ms
88) [7,13],  4357 ms
89) [9,15],  1261 ms
90) [10,1],  10001 ms
91) [12,3],  1094 ms
92) [9,10],  3243 ms
93) [8,9],  945 ms
94) [10,7],  3648 ms
95) [7,4],  805 ms
96) [8,17],  4256 ms
97) [7,14],  439 ms
98) [8,10],  10008 ms
99) [10,9],  431 ms
100) [5,13],  4535 ms
101) [6,12],  528 ms
102) [5,10],  4434 ms
103) [7,10],  480 ms
104) [6,9],  5969 ms
105) [7,8],  169 ms
106) [18,10],  9987 ms
107) [18,15],  391 ms
108) [7,6],  10000 ms
109) [4,9],  155 ms
110) [18,9],  4077 ms
111) [17,9],  204 ms
112) [12,15],  4754 ms
113) [17,10],  279 ms
114) [2,10],  10001 ms
115) [12,2],  243 ms
116) [12,4],  24 ms
117) [13,5],  217 ms
118) [8,8],  3868 ms
119) [9,7],  24 ms
120) [3,11],  1496 ms
121) [8,13],  89 ms
122) [11,13],  25 ms
123) [4,12],  90 ms
124) [4,10],  27 ms
125) [6,10],  60 ms
126) [3,10],  47 ms
127) [1,10],  25 ms
128) [3,12],  29 ms
129) [3,13],  143 ms
130) [6,6],  24 ms
131) [8,6],  25 ms
132) [3,9],  25 ms
133) [3,8],  25 ms
134) [4,11],  24 ms
135) [2,13],  24 ms
136) [4,8],  25 ms
137) [5,7],  24 ms
138) [1,11],  26 ms
139) [0,12],  24 ms
140) [5,11],  25 ms
141) [2,11],  24 ms
142) [5,12],  25 ms
143) [5,14],  25 ms
144) [5,9],  25 ms

pela 10.0 wins

pela 10.0:  2490 ms/turn
pela 10.0:  5461 ms/turn
