 0) [8,10],  24 ms
 1) [8,11],  23 ms
 2) [7,10],  23 ms
 3) [6,10],  22 ms
 4) [5,11],  10029 ms
 5) [6,13],  5982 ms
 6) [7,12],  10016 ms
 7) [7,11],  6556 ms
 8) [5,12],  5581 ms
 9) [8,12],  3957 ms
10) [9,13],  5069 ms
11) [4,13],  4496 ms
12) [5,9],  8062 ms
13) [5,10],  3534 ms
14) [6,14],  6447 ms
15) [7,15],  9561 ms
16) [6,8],  9876 ms
17) [7,7],  8482 ms
18) [3,11],  9998 ms
19) [2,12],  7216 ms
20) [9,10],  3889 ms
21) [9,11],  10002 ms
22) [10,11],  10021 ms
23) [10,10],  5348 ms
24) [11,9],  10012 ms
25) [8,9],  5618 ms
26) [11,11],  10031 ms
27) [11,12],  9998 ms
28) [12,10],  10015 ms
29) [10,12],  5300 ms
30) [12,12],  4381 ms
31) [12,11],  3880 ms
32) [13,11],  365 ms
33) [14,12],  4019 ms
34) [14,10],  97 ms
35) [15,9],  10027 ms
36) [13,10],  38 ms
37) [11,10],  3912 ms
38) [13,12],  62 ms
39) [13,13],  9457 ms
40) [13,9],  28 ms
41) [13,8],  25 ms
42) [15,10],  34 ms
43) [16,10],  56 ms
44) [15,11],  57 ms
45) [16,12],  10077 ms
46) [10,8],  27 ms
47) [9,7],  25 ms
48) [12,8],  26 ms
49) [11,7],  25 ms
50) [14,8],  66 ms
51) [15,7],  25 ms
52) [14,11],  27 ms
53) [12,13],  26 ms
54) [14,9],  25 ms
55) [14,7],  24 ms
56) [12,9],  25 ms
57) [10,9],  25 ms
58) [11,8],  25 ms
59) [15,12],  25 ms
60) [10,7],  25 ms

pela 10.0 wins

pela 10.0:  3690 ms/turn
pela 10.0:  4257 ms/turn
