 0) [9,10],  25 ms
 1) [9,11],  25 ms
 2) [10,9],  25 ms
 3) [8,11],  25 ms
 4) [7,11],  9999 ms
 5) [9,9],  10026 ms
 6) [11,10],  4118 ms
 7) [12,11],  3497 ms
 8) [11,12],  6872 ms
 9) [12,13],  9998 ms
10) [11,11],  7257 ms
11) [11,9],  8476 ms
12) [12,12],  7738 ms
13) [10,10],  4904 ms
14) [12,8],  8870 ms
15) [11,13],  10007 ms
16) [10,12],  8065 ms
17) [9,12],  9998 ms
18) [10,13],  10000 ms
19) [14,12],  8939 ms
20) [13,8],  4426 ms
21) [12,10],  9996 ms
22) [13,11],  9055 ms
23) [8,12],  7337 ms
24) [7,13],  26 ms
25) [14,8],  6697 ms
26) [12,9],  305 ms
27) [14,7],  4130 ms
28) [13,9],  178 ms
29) [13,10],  3948 ms
30) [10,14],  175 ms
31) [10,15],  4455 ms
32) [14,10],  294 ms
33) [15,11],  4393 ms
34) [15,9],  48 ms
35) [16,8],  25 ms
36) [14,9],  43 ms
37) [16,9],  25 ms
38) [12,7],  30 ms
39) [11,6],  9994 ms
40) [11,7],  25 ms
41) [10,6],  24 ms
42) [13,6],  24 ms
43) [11,8],  25 ms
44) [12,6],  24 ms
45) [12,5],  25 ms
46) [13,5],  24 ms
47) [13,7],  25 ms
48) [14,4],  24 ms
49) [15,3],  25 ms
50) [10,8],  24 ms

pela 10.0 wins

pela 10.0:  2988 ms/turn
pela 10.0:  4680 ms/turn
