 0) [8,9],  25 ms
 1) [9,9],  24 ms
 2) [7,10],  25 ms
 3) [9,8],  24 ms
 4) [9,7],  10021 ms
 5) [7,9],  8750 ms
 6) [8,11],  10011 ms
 7) [9,12],  10006 ms
 8) [10,11],  5761 ms
 9) [11,12],  10009 ms
10) [9,11],  5125 ms
11) [7,11],  10011 ms
12) [10,12],  4855 ms
13) [8,10],  3946 ms
14) [6,12],  9201 ms
15) [11,11],  10001 ms
16) [10,10],  3272 ms
17) [10,9],  10044 ms
18) [11,10],  10021 ms
19) [10,13],  3535 ms
20) [6,9],  3594 ms
21) [6,10],  9985 ms
22) [7,8],  10003 ms
23) [9,10],  5815 ms
24) [5,10],  153 ms
25) [4,11],  3904 ms
26) [8,7],  72 ms
27) [9,6],  24 ms
28) [5,8],  49 ms
29) [4,7],  24 ms
30) [6,7],  38 ms
31) [5,7],  4146 ms
32) [10,7],  39 ms
33) [7,7],  25 ms
34) [8,5],  36 ms
35) [7,6],  3687 ms
36) [11,9],  35 ms
37) [12,8],  25 ms
38) [8,6],  25 ms
39) [8,8],  25 ms
40) [10,8],  25 ms
41) [12,10],  25 ms
42) [7,5],  25 ms

pela 10.0 wins

pela 10.0:  4477 ms/turn
pela 10.0:  3291 ms/turn
