 0) [9,8],  25 ms
 1) [9,7],  25 ms
 2) [8,7],  24 ms
 3) [8,8],  25 ms
 4) [10,6],  25 ms
 5) [10,7],  25 ms
 6) [11,6],  24 ms
 7) [9,6],  25 ms
 8) [13,8],  25 ms
 9) [12,7],  5724 ms
10) [13,6],  9993 ms
11) [13,7],  3246 ms
12) [11,7],  26 ms
13) [11,8],  10016 ms
14) [8,5],  8132 ms
15) [8,4],  7230 ms
16) [7,6],  5663 ms
17) [6,5],  7733 ms
18) [12,10],  5723 ms
19) [10,9],  9995 ms
20) [13,11],  4558 ms
21) [14,10],  4241 ms
22) [13,13],  5139 ms
23) [14,12],  7733 ms
24) [9,10],  6442 ms
25) [12,6],  5864 ms
26) [12,9],  6922 ms
27) [11,10],  8060 ms
28) [13,10],  55 ms
29) [13,12],  10053 ms
30) [12,11],  27 ms
31) [12,12],  4259 ms
32) [11,12],  26 ms
33) [14,9],  3204 ms
34) [14,11],  26 ms
35) [11,11],  3103 ms
36) [10,10],  6150 ms
37) [10,13],  6486 ms
38) [15,13],  10017 ms
39) [16,13],  10039 ms
40) [16,12],  9990 ms
41) [9,4],  10047 ms
42) [10,4],  9998 ms
43) [9,3],  8980 ms
44) [9,5],  25 ms
45) [11,3],  2765 ms
46) [10,2],  7559 ms
47) [10,3],  4222 ms
48) [8,3],  4347 ms
49) [6,4],  6692 ms
50) [6,6],  10001 ms
51) [5,5],  5735 ms
52) [5,4],  3540 ms
53) [17,11],  4929 ms
54) [7,3],  9996 ms
55) [15,11],  4256 ms
56) [15,9],  6521 ms
57) [3,6],  3635 ms
58) [3,5],  3858 ms
59) [12,8],  3096 ms
60) [12,4],  5597 ms
61) [17,12],  827 ms
62) [17,10],  5223 ms
63) [4,7],  2215 ms
64) [3,7],  10030 ms
65) [4,6],  2203 ms
66) [5,8],  10046 ms
67) [4,5],  649 ms
68) [4,4],  3736 ms
69) [6,7],  1736 ms
70) [5,6],  3349 ms
71) [5,3],  553 ms
72) [12,3],  3212 ms
73) [12,2],  1305 ms
74) [6,8],  3026 ms
75) [7,8],  1312 ms
76) [9,11],  4332 ms
77) [9,12],  1106 ms
78) [5,9],  3673 ms
79) [4,8],  632 ms
80) [4,9],  23 ms
81) [5,7],  390 ms
82) [7,7],  28 ms
83) [8,6],  24 ms
84) [7,5],  24 ms
85) [7,4],  23 ms
86) [3,11],  29 ms
87) [4,10],  23 ms
88) [3,9],  37 ms
89) [2,9],  374 ms
90) [3,10],  28 ms
91) [3,8],  23 ms
92) [11,5],  28 ms
93) [10,5],  23 ms
94) [7,9],  28 ms
95) [6,9],  23 ms
96) [8,12],  27 ms
97) [1,10],  332 ms
98) [0,11],  23 ms
99) [7,13],  241 ms
100) [2,11],  24 ms
101) [1,12],  23 ms
102) [4,11],  25 ms
103) [1,11],  24 ms
104) [8,10],  23 ms
105) [10,12],  23 ms
106) [3,13],  24 ms
107) [3,12],  24 ms
108) [7,10],  23 ms
109) [6,10],  23 ms
110) [6,11],  24 ms
111) [5,11],  23 ms
112) [8,9],  25 ms
113) [5,12],  25 ms
114) [8,11],  40 ms
115) [8,13],  23 ms
116) [10,11],  24 ms
117) [7,11],  23 ms
118) [12,13],  23 ms

pela 10.0 wins

pela 10.0:  2977 ms/turn
pela 10.0:  3126 ms/turn
