 0) [9,12],  25 ms
 1) [9,11],  25 ms
 2) [8,12],  24 ms
 3) [7,12],  24 ms
 4) [6,11],  10019 ms
 5) [7,9],  4444 ms
 6) [8,10],  9778 ms
 7) [8,11],  5440 ms
 8) [6,13],  3380 ms
 9) [6,12],  10016 ms
10) [10,9],  8099 ms
11) [8,9],  10029 ms
12) [7,8],  5130 ms
13) [11,10],  7575 ms
14) [6,8],  3226 ms
15) [5,8],  9997 ms
16) [5,9],  3597 ms
17) [6,10],  10000 ms
18) [4,12],  4060 ms
19) [3,11],  10006 ms
20) [4,13],  6017 ms
21) [4,14],  7707 ms
22) [5,12],  6135 ms
23) [7,10],  4246 ms
24) [4,7],  4440 ms
25) [4,11],  6222 ms
26) [5,11],  5593 ms
27) [5,13],  7506 ms
28) [3,15],  7520 ms
29) [3,10],  10011 ms
30) [5,10],  5174 ms
31) [7,7],  10010 ms
32) [3,12],  3964 ms
33) [2,15],  3310 ms
34) [11,11],  5772 ms
35) [2,12],  3310 ms
36) [1,11],  9994 ms
37) [1,10],  10011 ms
38) [6,15],  8023 ms
39) [5,14],  7096 ms
40) [2,14],  9995 ms
41) [1,15],  10015 ms
42) [10,8],  5644 ms
43) [10,7],  10040 ms
44) [11,6],  5806 ms
45) [9,8],  4576 ms
46) [9,7],  6962 ms
47) [7,13],  7214 ms
48) [7,11],  25 ms
49) [9,9],  5758 ms
50) [12,10],  29 ms
51) [11,9],  4903 ms
52) [9,13],  29 ms
53) [10,12],  25 ms
54) [7,14],  25 ms
55) [8,13],  73 ms
56) [9,16],  30 ms
57) [8,15],  24 ms
58) [10,14],  24 ms
59) [11,15],  24 ms
60) [9,14],  22 ms
61) [9,15],  23 ms
62) [8,14],  24 ms
63) [11,14],  25 ms
64) [6,14],  25 ms

pela 10.0 wins

pela 10.0:  4200 ms/turn
pela 10.0:  5615 ms/turn
