 0) [11,9],  27 ms
 1) [11,10],  26 ms
 2) [12,8],  25 ms
 3) [10,10],  25 ms
 4) [12,10],  4168 ms
 5) [10,8],  23 ms
 6) [10,11],  8409 ms
 7) [13,9],  9934 ms
 8) [12,12],  7750 ms
 9) [12,11],  3633 ms
10) [9,8],  6961 ms
11) [8,10],  9998 ms
12) [11,13],  6970 ms
13) [10,14],  4097 ms
14) [9,10],  6067 ms
15) [8,9],  3136 ms
16) [8,8],  4447 ms
17) [10,9],  8861 ms
18) [12,13],  10003 ms
19) [13,14],  9999 ms
20) [12,15],  9990 ms
21) [12,16],  10049 ms
22) [13,12],  4624 ms
23) [10,7],  10002 ms
24) [10,6],  23 ms
25) [9,9],  4323 ms
26) [7,11],  4362 ms
27) [11,14],  10011 ms
28) [12,14],  6485 ms
29) [9,11],  5508 ms
30) [7,9],  3154 ms
31) [9,7],  3525 ms
32) [11,7],  4020 ms
33) [13,13],  10014 ms
34) [7,7],  4470 ms
35) [7,8],  8899 ms
36) [11,5],  1419 ms
37) [9,5],  8172 ms
38) [11,6],  28 ms
39) [11,8],  23 ms
40) [12,6],  29 ms
41) [13,6],  55 ms
42) [13,7],  29 ms
43) [12,7],  31 ms
44) [14,5],  28 ms
45) [14,8],  29 ms
46) [15,5],  31 ms
47) [14,6],  27 ms
48) [13,5],  29 ms
49) [12,5],  27 ms
50) [9,6],  23 ms
51) [8,6],  23 ms
52) [10,4],  24 ms
53) [9,3],  23 ms
54) [14,4],  44 ms
55) [15,3],  117 ms
56) [11,4],  49 ms
57) [11,3],  24 ms
58) [12,4],  23 ms
59) [13,4],  23 ms
60) [13,3],  24 ms
61) [14,2],  23 ms
62) [12,2],  34 ms
63) [16,6],  23 ms
64) [11,1],  23 ms

pela 10.0 wins

pela 10.0:  2842 ms/turn
pela 10.0:  3771 ms/turn
