 0) [8,11],  25 ms
 1) [9,12],  25 ms
 2) [8,10],  26 ms
 3) [8,9],  25 ms
 4) [7,11],  2955 ms
 5) [6,11],  24 ms
 6) [6,9],  6611 ms
 7) [9,9],  10007 ms
 8) [9,8],  5719 ms
 9) [6,8],  4024 ms
10) [7,10],  5515 ms
11) [7,12],  10008 ms
12) [9,14],  3832 ms
13) [5,8],  4700 ms
14) [5,10],  5315 ms
15) [6,10],  5965 ms
16) [4,8],  3534 ms
17) [8,8],  10022 ms
18) [10,10],  2748 ms
19) [11,10],  9996 ms
20) [10,11],  9662 ms
21) [9,11],  10011 ms
22) [8,12],  3674 ms
23) [8,14],  5791 ms
24) [9,13],  5756 ms
25) [10,14],  10014 ms
26) [3,9],  10001 ms
27) [4,11],  3133 ms
28) [4,12],  9137 ms
29) [2,10],  5312 ms
30) [7,5],  4015 ms
31) [10,16],  10008 ms
32) [10,13],  10044 ms
33) [11,13],  4138 ms
34) [9,15],  9749 ms
35) [7,7],  10025 ms
36) [6,6],  5026 ms
37) [5,7],  24 ms
38) [6,7],  3500 ms
39) [8,16],  7125 ms
40) [12,14],  9994 ms
41) [2,9],  8506 ms
42) [2,11],  3884 ms
43) [10,18],  7287 ms
44) [10,17],  6027 ms
45) [9,17],  6255 ms
46) [7,15],  4465 ms
47) [8,15],  2373 ms
48) [8,17],  10006 ms
49) [11,12],  1651 ms
50) [11,11],  3119 ms
51) [9,18],  2373 ms
52) [8,18],  9999 ms
53) [4,6],  3101 ms
54) [3,5],  8903 ms
55) [5,6],  2743 ms
56) [5,5],  9482 ms
57) [6,5],  1880 ms
58) [7,9],  3288 ms
59) [12,12],  3372 ms
60) [13,12],  6101 ms
61) [12,9],  1573 ms
62) [14,11],  3257 ms
63) [10,12],  1069 ms
64) [11,9],  3630 ms
65) [8,6],  1494 ms
66) [9,5],  10003 ms
67) [13,11],  2262 ms
68) [14,10],  24 ms
69) [15,10],  1354 ms
70) [7,4],  2743 ms
71) [7,3],  1632 ms
72) [3,12],  10028 ms
73) [5,9],  658 ms
74) [4,10],  23 ms
75) [3,11],  1153 ms
76) [12,8],  3864 ms
77) [13,9],  1273 ms
78) [9,6],  7842 ms
79) [10,4],  953 ms
80) [8,5],  31 ms
81) [10,7],  29 ms
82) [8,7],  23 ms
83) [7,8],  23 ms
84) [9,4],  23 ms
85) [9,7],  23 ms
86) [5,2],  24 ms
87) [6,3],  61 ms
88) [13,7],  23 ms
89) [14,6],  23 ms
90) [10,5],  23 ms
91) [11,5],  23 ms
92) [9,3],  24 ms
93) [9,2],  23 ms
94) [12,3],  23 ms
95) [11,4],  23 ms
96) [10,3],  24 ms
97) [7,6],  22 ms
98) [8,3],  25 ms
99) [11,3],  23 ms
100) [8,4],  24 ms
101) [10,2],  23 ms
102) [7,2],  23 ms
103) [11,6],  24 ms
104) [6,1],  28 ms

pela 10.0 wins

pela 10.0:  3339 ms/turn
pela 10.0:  4223 ms/turn
