 0) [11,8],  25 ms
 1) [10,9],  24 ms
 2) [11,7],  26 ms
 3) [11,6],  26 ms
 4) [12,8],  9991 ms
 5) [13,8],  25 ms
 6) [13,6],  3875 ms
 7) [13,9],  6622 ms
 8) [14,9],  4147 ms
 9) [14,5],  9991 ms
10) [15,5],  9995 ms
11) [13,7],  5951 ms
12) [13,10],  5217 ms
13) [12,11],  9086 ms
14) [11,10],  5023 ms
15) [14,11],  6282 ms
16) [11,11],  9998 ms
17) [11,9],  24 ms
18) [15,8],  10039 ms
19) [14,7],  4330 ms
20) [12,9],  6154 ms
21) [16,7],  6663 ms
22) [15,7],  3629 ms
23) [15,6],  5765 ms
24) [13,4],  10033 ms
25) [10,7],  3882 ms
26) [8,9],  10058 ms
27) [8,8],  7594 ms
28) [17,8],  5596 ms
29) [18,8],  4122 ms
30) [17,5],  9934 ms
31) [13,3],  3388 ms
32) [15,3],  2685 ms
33) [16,4],  10012 ms
34) [16,5],  6361 ms
35) [18,5],  5986 ms
36) [12,6],  5737 ms
37) [12,7],  10001 ms
38) [10,11],  5419 ms
39) [9,12],  9704 ms
40) [17,9],  4492 ms
41) [17,7],  4035 ms
42) [15,4],  7379 ms
43) [14,3],  2694 ms
44) [14,4],  6307 ms
45) [13,5],  23 ms
46) [10,5],  3025 ms
47) [9,7],  10004 ms
48) [12,10],  4917 ms
49) [10,10],  9994 ms
50) [10,6],  1472 ms
51) [6,8],  4890 ms
52) [5,8],  1462 ms
53) [9,5],  3667 ms
54) [7,7],  3869 ms
55) [6,10],  4304 ms
56) [5,11],  1780 ms
57) [9,10],  9996 ms
58) [7,10],  2677 ms
59) [5,9],  5571 ms
60) [9,11],  2669 ms
61) [7,11],  6263 ms
62) [4,8],  906 ms
63) [4,7],  6165 ms
64) [9,13],  2162 ms
65) [8,14],  5784 ms
66) [11,13],  1872 ms
67) [15,10],  4064 ms
68) [7,6],  808 ms
69) [7,8],  10004 ms
70) [9,8],  509 ms
71) [11,14],  10023 ms
72) [13,12],  500 ms
73) [5,12],  9993 ms
74) [7,12],  555 ms
75) [10,13],  1154 ms
76) [8,11],  984 ms
77) [9,14],  210 ms
78) [7,14],  1096 ms
79) [8,15],  40 ms
80) [11,12],  25 ms
81) [8,16],  58 ms
82) [11,4],  620 ms
83) [12,4],  24 ms
84) [15,1],  242 ms
85) [15,2],  24 ms
86) [8,17],  754 ms
87) [7,16],  27 ms
88) [6,17],  24 ms
89) [13,16],  27 ms
90) [12,15],  24 ms
91) [12,14],  28 ms
92) [10,14],  24 ms
93) [10,16],  28 ms
94) [9,16],  584 ms
95) [9,15],  30 ms
96) [11,17],  435 ms
97) [7,13],  26 ms
98) [6,12],  24 ms
99) [9,17],  28 ms
100) [11,15],  522 ms
101) [8,12],  25 ms
102) [8,13],  24 ms
103) [7,15],  25 ms
104) [6,14],  25 ms
105) [6,15],  24 ms
106) [10,15],  23 ms
107) [5,15],  22 ms

pela 10.0 wins

pela 10.0:  3272 ms/turn
pela 10.0:  4050 ms/turn
