 0) [11,12],  26 ms
 1) [12,11],  26 ms
 2) [11,13],  25 ms
 3) [11,14],  25 ms
 4) [10,12],  9238 ms
 5) [12,12],  25 ms
 6) [12,15],  9063 ms
 7) [13,15],  10004 ms
 8) [12,10],  3773 ms
 9) [11,11],  7559 ms
10) [14,14],  4099 ms
11) [10,9],  4330 ms
12) [9,8],  3835 ms
13) [8,11],  10014 ms
14) [10,11],  5309 ms
15) [9,10],  10004 ms
16) [7,12],  10016 ms
17) [9,12],  3100 ms
18) [7,10],  8998 ms
19) [10,13],  3055 ms
20) [13,14],  5653 ms
21) [14,15],  6021 ms
22) [13,11],  5084 ms
23) [14,12],  6228 ms
24) [11,8],  5099 ms
25) [10,8],  10048 ms
26) [11,6],  10000 ms
27) [10,7],  10000 ms
28) [10,6],  4326 ms
29) [11,5],  10035 ms
30) [5,10],  4706 ms
31) [7,13],  9999 ms
32) [9,9],  9889 ms
33) [6,11],  10003 ms
34) [7,9],  773 ms
35) [7,11],  6127 ms
36) [5,11],  40 ms
37) [6,10],  4783 ms
38) [5,9],  35 ms
39) [5,8],  4350 ms
40) [9,6],  38 ms
41) [8,6],  3440 ms
42) [6,9],  25 ms
43) [8,9],  25 ms
44) [7,8],  26 ms
45) [8,7],  25 ms
46) [3,9],  26 ms
47) [4,9],  25 ms
48) [5,12],  25 ms
49) [5,13],  25 ms
50) [3,12],  24 ms
51) [4,11],  24 ms
52) [12,6],  23 ms
53) [13,6],  24 ms
54) [6,12],  23 ms
55) [4,12],  24 ms
56) [9,5],  23 ms
57) [9,7],  24 ms
58) [8,10],  24 ms
59) [9,11],  23 ms
60) [7,7],  37 ms
61) [7,6],  50 ms
62) [4,10],  56 ms
63) [2,8],  43 ms
64) [3,11],  24 ms
65) [6,8],  23 ms
66) [3,10],  23 ms
67) [3,13],  24 ms
68) [3,8],  23 ms

pela 10.0 wins

pela 10.0:  3809 ms/turn
pela 10.0:  2868 ms/turn
