 0) [10,8],  25 ms
 1) [11,8],  26 ms
 2) [12,9],  25 ms
 3) [11,9],  25 ms
 4) [11,10],  25 ms
 5) [10,10],  26 ms
 6) [12,8],  25 ms
 7) [12,11],  6098 ms
 8) [12,6],  3911 ms
 9) [12,7],  10014 ms
10) [13,6],  4768 ms
11) [11,6],  10014 ms
12) [13,8],  1634 ms
13) [14,7],  4053 ms
14) [13,7],  345 ms
15) [13,5],  4179 ms
16) [13,9],  1419 ms
17) [13,10],  26 ms
18) [14,8],  527 ms
19) [15,9],  5435 ms
20) [16,6],  56 ms
21) [15,7],  9996 ms
22) [15,8],  28 ms
23) [16,8],  25 ms
24) [14,6],  25 ms
25) [15,6],  25 ms
26) [13,11],  4314 ms
27) [16,4],  5321 ms
28) [18,6],  10002 ms
29) [13,4],  6749 ms
30) [11,5],  10010 ms
31) [10,4],  24 ms
32) [10,11],  4404 ms
33) [9,12],  23 ms
34) [14,4],  9471 ms
35) [12,3],  29 ms
36) [14,5],  3564 ms
37) [14,3],  25 ms
38) [12,5],  5608 ms
39) [13,3],  24 ms
40) [15,3],  5633 ms
41) [13,1],  24 ms
42) [13,2],  23 ms
43) [11,3],  23 ms
44) [10,3],  24 ms
45) [12,2],  23 ms
46) [14,0],  23 ms
47) [9,5],  23 ms

pela 10.0 wins

pela 10.0:  2592 ms/turn
pela 10.0:  2745 ms/turn
