 0) [12,9],  25 ms
 1) [12,8],  25 ms
 2) [13,7],  25 ms
 3) [13,8],  25 ms
 4) [11,8],  25 ms
 5) [10,7],  24 ms
 6) [15,9],  6512 ms
 7) [13,9],  8288 ms
 8) [10,6],  4534 ms
 9) [11,6],  10026 ms
10) [8,8],  8050 ms
11) [14,8],  10001 ms
12) [14,9],  3645 ms
13) [15,10],  10039 ms
14) [15,7],  6814 ms
15) [14,10],  10001 ms
16) [15,11],  3833 ms
17) [13,10],  10013 ms
18) [16,10],  3983 ms
19) [13,12],  268 ms
20) [13,11],  25 ms
21) [17,9],  8788 ms
22) [11,10],  8806 ms
23) [16,8],  9900 ms
24) [15,8],  26 ms
25) [12,7],  4648 ms
26) [11,11],  312 ms
27) [10,5],  3086 ms
28) [9,4],  25 ms
29) [11,9],  10009 ms
30) [10,10],  103 ms
31) [9,9],  5084 ms
32) [9,10],  41 ms
33) [8,10],  4282 ms
34) [12,11],  29 ms
35) [14,11],  71 ms
36) [12,13],  27 ms
37) [10,11],  25 ms
38) [12,12],  26 ms
39) [12,10],  25 ms
40) [13,13],  26 ms
41) [14,14],  25 ms
42) [12,14],  26 ms
43) [14,12],  24 ms
44) [12,15],  24 ms

pela 10.0 wins

pela 10.0:  2040 ms/turn
pela 10.0:  4758 ms/turn
