 0) [9,9],  23 ms
 1) [10,8],  23 ms
 2) [10,10],  23 ms
 3) [8,8],  23 ms
 4) [11,9],  55 ms
 5) [9,11],  23 ms
 6) [7,8],  4802 ms
 7) [12,9],  3318 ms
 8) [7,9],  8065 ms
 9) [8,9],  10008 ms
10) [8,11],  8886 ms
11) [6,9],  9998 ms
12) [5,7],  5104 ms
13) [7,7],  10006 ms
14) [8,6],  10007 ms
15) [4,6],  6032 ms
16) [10,6],  7280 ms
17) [9,6],  5679 ms
18) [11,8],  10026 ms
19) [11,7],  8964 ms
20) [5,8],  7031 ms
21) [7,12],  10031 ms
22) [6,7],  9408 ms
23) [4,9],  6357 ms
24) [6,6],  10002 ms
25) [6,5],  4130 ms
26) [11,11],  9908 ms
27) [11,12],  3122 ms
28) [12,10],  7812 ms
29) [12,12],  2814 ms
30) [13,12],  6471 ms
31) [13,9],  10024 ms
32) [14,11],  7560 ms
33) [11,10],  2843 ms
34) [10,11],  10016 ms
35) [12,13],  8574 ms
36) [3,7],  10005 ms
37) [4,8],  10045 ms
38) [4,7],  4084 ms
39) [2,7],  24 ms
40) [6,11],  10003 ms
41) [12,14],  6406 ms
42) [12,15],  6694 ms
43) [13,11],  5479 ms
44) [11,13],  3934 ms
45) [7,4],  4562 ms
46) [6,3],  4267 ms
47) [7,3],  7364 ms
48) [7,5],  10002 ms
49) [10,7],  3559 ms
50) [9,7],  10003 ms
51) [5,3],  3028 ms
52) [9,8],  3477 ms
53) [11,14],  5355 ms
54) [3,8],  8984 ms
55) [2,6],  2180 ms
56) [2,8],  10025 ms
57) [8,4],  2614 ms
58) [3,5],  7898 ms
59) [3,6],  3911 ms
60) [5,6],  9834 ms
61) [5,5],  2845 ms
62) [6,4],  7186 ms
63) [4,5],  2934 ms
64) [1,8],  7612 ms
65) [1,10],  1071 ms
66) [5,1],  9003 ms
67) [4,3],  833 ms
68) [1,6],  7547 ms
69) [13,14],  794 ms
70) [14,14],  9988 ms
71) [14,10],  788 ms
72) [15,9],  3134 ms
73) [16,10],  1254 ms
74) [15,11],  9995 ms
75) [15,10],  642 ms
76) [17,10],  5628 ms
77) [13,10],  756 ms
78) [13,8],  10007 ms
79) [8,3],  1403 ms
80) [9,2],  6821 ms
81) [11,4],  521 ms
82) [9,4],  2953 ms
83) [9,14],  859 ms
84) [10,14],  25 ms
85) [10,12],  480 ms
86) [9,12],  3070 ms
87) [11,3],  932 ms
88) [9,3],  10000 ms
89) [9,1],  347 ms
90) [5,10],  2625 ms
91) [5,9],  24 ms
92) [11,2],  3701 ms
93) [10,5],  508 ms
94) [13,2],  10000 ms
95) [12,4],  58 ms
96) [13,5],  7899 ms
97) [4,4],  27 ms
98) [4,2],  24 ms
99) [8,1],  32 ms
100) [8,2],  4512 ms
101) [12,3],  28 ms
102) [8,7],  25 ms
103) [15,16],  26 ms
104) [14,15],  26 ms
105) [11,6],  26 ms
106) [11,5],  24 ms
107) [10,2],  26 ms
108) [8,0],  25 ms
109) [3,9],  25 ms
110) [2,9],  25 ms
111) [10,4],  526 ms
112) [10,1],  27 ms
113) [13,4],  24 ms
114) [14,4],  25 ms
115) [12,5],  25 ms
116) [14,3],  25 ms
117) [12,2],  25 ms
118) [12,6],  24 ms
119) [12,1],  25 ms

pela 10.0 wins

pela 10.0:  2906 ms/turn
pela 10.0:  5727 ms/turn
