 0) [12,9],  26 ms
 1) [11,8],  25 ms
 2) [13,8],  26 ms
 3) [11,10],  56 ms
 4) [13,7],  25 ms
 5) [12,10],  25 ms
 6) [11,7],  24 ms
 7) [13,10],  25 ms
 8) [10,10],  3033 ms
 9) [12,7],  10012 ms
10) [14,10],  10046 ms
11) [12,8],  6333 ms
12) [12,11],  5327 ms
13) [13,5],  4587 ms
14) [9,9],  10024 ms
15) [11,11],  2782 ms
16) [11,12],  6203 ms
17) [8,10],  5820 ms
18) [14,7],  7401 ms
19) [14,8],  7200 ms
20) [13,9],  8362 ms
21) [10,9],  10000 ms
22) [9,10],  3612 ms
23) [16,5],  8066 ms
24) [14,5],  3350 ms
25) [9,8],  4439 ms
26) [10,8],  4164 ms
27) [12,13],  5010 ms
28) [8,6],  5969 ms
29) [7,7],  8001 ms
30) [15,6],  10007 ms
31) [16,7],  5030 ms
32) [16,6],  5911 ms
33) [13,6],  10013 ms
34) [15,5],  10000 ms
35) [14,4],  10000 ms
36) [10,12],  10001 ms
37) [9,12],  4198 ms
38) [11,13],  10006 ms
39) [9,7],  10001 ms
40) [8,7],  4577 ms
41) [12,12],  10001 ms
42) [7,6],  8840 ms
43) [8,5],  6995 ms
44) [10,11],  7164 ms
45) [7,8],  10033 ms
46) [15,2],  4849 ms
47) [9,6],  6527 ms
48) [10,13],  5147 ms
49) [10,14],  25 ms
50) [15,3],  2580 ms
51) [15,4],  24 ms
52) [8,15],  4756 ms
53) [9,14],  25 ms
54) [17,6],  1546 ms
55) [18,6],  4598 ms
56) [12,4],  3863 ms
57) [10,7],  27 ms
58) [7,4],  24 ms
59) [11,6],  27 ms
60) [8,9],  3297 ms
61) [9,4],  25 ms
62) [9,5],  24 ms
63) [13,4],  25 ms
64) [12,5],  24 ms
65) [10,6],  24 ms
66) [12,6],  25 ms
67) [13,2],  25 ms
68) [13,3],  24 ms
69) [10,5],  25 ms
70) [8,3],  24 ms
71) [12,1],  25 ms
72) [14,3],  25 ms
73) [10,3],  25 ms
74) [11,2],  24 ms
75) [10,4],  25 ms

pela 10.0 wins

pela 10.0:  4219 ms/turn
pela 10.0:  3950 ms/turn
