 0) [9,12],  25 ms
 1) [10,12],  24 ms
 2) [9,11],  25 ms
 3) [9,10],  24 ms
 4) [8,12],  2805 ms
 5) [7,13],  6878 ms
 6) [5,12],  3275 ms
 7) [6,12],  8633 ms
 8) [8,14],  4096 ms
 9) [8,13],  5613 ms
10) [6,13],  3689 ms
11) [4,11],  9994 ms
12) [4,10],  7249 ms
13) [7,11],  4117 ms
14) [7,10],  10044 ms
15) [6,11],  3881 ms
16) [5,11],  7735 ms
17) [5,10],  10028 ms
18) [7,12],  10000 ms
19) [10,13],  7995 ms
20) [10,11],  10026 ms
21) [11,11],  10027 ms
22) [9,13],  9603 ms
23) [5,14],  9271 ms
24) [4,14],  5557 ms
25) [9,16],  3152 ms
26) [6,8],  2905 ms
27) [9,14],  3210 ms
28) [8,15],  6236 ms
29) [7,9],  4578 ms
30) [9,9],  9098 ms
31) [7,7],  10008 ms
32) [12,9],  4956 ms
33) [13,8],  3634 ms
34) [3,13],  9127 ms
35) [2,12],  9997 ms
36) [7,15],  8506 ms
37) [6,16],  3863 ms
38) [8,7],  10005 ms
39) [8,17],  5658 ms
40) [10,15],  9999 ms
41) [9,15],  4475 ms
42) [7,16],  2734 ms
43) [14,8],  6702 ms
44) [13,9],  6001 ms
45) [11,9],  4128 ms
46) [11,8],  2944 ms
47) [9,6],  6299 ms
48) [3,12],  9987 ms
49) [3,15],  1930 ms
50) [12,8],  3493 ms
51) [12,7],  2719 ms
52) [11,6],  10002 ms
53) [11,7],  4735 ms
54) [9,17],  10001 ms
55) [12,10],  2887 ms
56) [13,11],  10036 ms
57) [9,7],  1508 ms
58) [10,7],  6760 ms
59) [9,8],  1445 ms
60) [9,5],  10036 ms
61) [14,11],  1710 ms
62) [11,10],  10010 ms
63) [7,17],  2969 ms
64) [14,10],  5858 ms
65) [15,9],  1967 ms
66) [13,7],  10004 ms
67) [14,9],  1285 ms
68) [15,10],  3713 ms
69) [16,10],  921 ms
70) [8,4],  10020 ms
71) [15,11],  1959 ms
72) [17,11],  9769 ms
73) [17,9],  1713 ms
74) [18,8],  4372 ms
75) [13,13],  259 ms
76) [14,12],  22 ms
77) [8,16],  45 ms
78) [6,18],  9274 ms
79) [12,12],  35 ms
80) [14,14],  6581 ms
81) [11,13],  23 ms
82) [10,14],  23 ms
83) [16,9],  23 ms
84) [18,9],  60 ms
85) [12,13],  94 ms
86) [14,13],  52 ms
87) [12,11],  23 ms
88) [12,14],  23 ms
89) [13,10],  23 ms
90) [11,12],  23 ms
91) [16,7],  23 ms
92) [15,8],  64 ms
93) [16,8],  23 ms
94) [16,11],  23 ms
95) [16,6],  22 ms

pela 10.0 wins

pela 10.0:  3552 ms/turn
pela 10.0:  5767 ms/turn
