 0) [8,8],  24 ms
 1) [7,8],  25 ms
 2) [7,9],  25 ms
 3) [8,9],  25 ms
 4) [9,10],  25 ms
 5) [8,10],  24 ms
 6) [9,11],  25 ms
 7) [9,9],  25 ms
 8) [7,13],  25 ms
 9) [8,12],  9061 ms
10) [8,13],  5061 ms
11) [6,13],  7345 ms
12) [7,11],  4507 ms
13) [6,11],  3007 ms
14) [5,12],  5622 ms
15) [7,12],  6858 ms
16) [9,13],  3196 ms
17) [9,12],  6340 ms
18) [10,12],  10012 ms
19) [11,11],  10004 ms
20) [8,14],  10001 ms
21) [9,15],  8413 ms
22) [10,13],  10025 ms
23) [11,13],  25 ms
24) [8,15],  9804 ms
25) [11,12],  10001 ms
26) [11,10],  3552 ms
27) [7,15],  8033 ms
28) [9,7],  4328 ms
29) [10,6],  4520 ms
30) [11,15],  9998 ms
31) [5,11],  7453 ms
32) [12,12],  4480 ms
33) [10,14],  5279 ms
34) [8,16],  9991 ms
35) [8,17],  26 ms
36) [5,10],  10006 ms
37) [9,6],  6334 ms
38) [11,6],  10010 ms
39) [12,7],  5811 ms
40) [10,5],  5680 ms
41) [6,14],  7246 ms
42) [6,15],  5262 ms
43) [11,7],  3203 ms
44) [12,6],  3801 ms
45) [14,6],  8750 ms
46) [12,8],  7785 ms
47) [10,10],  5665 ms
48) [13,8],  3068 ms
49) [12,9],  5030 ms
50) [10,9],  6253 ms
51) [15,7],  3090 ms
52) [14,7],  3219 ms
53) [8,7],  6530 ms
54) [6,17],  2792 ms
55) [7,16],  5539 ms
56) [16,8],  2894 ms
57) [14,8],  7608 ms
58) [13,9],  1821 ms
59) [13,12],  6008 ms
60) [11,8],  1806 ms
61) [10,8],  9035 ms
62) [6,10],  3549 ms
63) [15,9],  4629 ms
64) [12,15],  1005 ms
65) [13,14],  10000 ms
66) [14,15],  2342 ms
67) [13,15],  6054 ms
68) [13,13],  773 ms
69) [12,14],  4688 ms
70) [11,14],  2453 ms
71) [7,6],  9201 ms
72) [8,6],  1769 ms
73) [6,7],  3525 ms
74) [13,16],  1061 ms
75) [14,17],  26 ms
76) [7,4],  1619 ms
77) [4,5],  56 ms
78) [5,6],  26 ms
79) [6,5],  131 ms
80) [5,4],  490 ms
81) [5,5],  42 ms
82) [7,5],  1398 ms
83) [6,4],  28 ms
84) [6,6],  475 ms
85) [3,5],  29 ms
86) [2,5],  26 ms
87) [4,6],  29 ms
88) [3,7],  465 ms
89) [7,3],  26 ms
90) [8,2],  24 ms
91) [4,8],  3778 ms
92) [4,7],  1073 ms
93) [12,5],  3383 ms
94) [9,4],  458 ms
95) [8,3],  3411 ms
96) [16,10],  826 ms
97) [16,9],  5471 ms
98) [15,10],  717 ms
99) [13,10],  9751 ms
100) [6,3],  204 ms
101) [14,5],  9997 ms
102) [15,5],  218 ms
103) [15,14],  10006 ms
104) [15,17],  343 ms
105) [10,4],  7523 ms
106) [16,16],  164 ms
107) [15,15],  5533 ms
108) [16,14],  200 ms
109) [16,15],  8667 ms
110) [14,13],  212 ms
111) [14,12],  8834 ms
112) [15,12],  441 ms
113) [16,11],  7841 ms
114) [4,17],  220 ms
115) [5,16],  7341 ms
116) [5,9],  192 ms
117) [5,8],  5187 ms
118) [4,9],  306 ms
119) [3,9],  3135 ms
120) [2,8],  131 ms
121) [5,14],  1105 ms
122) [4,15],  108 ms
123) [4,14],  572 ms
124) [7,14],  213 ms
125) [5,15],  379 ms
126) [5,17],  160 ms
127) [3,17],  63 ms
128) [6,16],  182 ms
129) [3,14],  1016 ms
130) [2,14],  25 ms
131) [3,15],  342 ms
132) [3,16],  106 ms
133) [5,13],  132 ms
134) [2,16],  160 ms
135) [9,5],  25 ms
136) [8,4],  25 ms
137) [3,11],  26 ms
138) [4,12],  25 ms
139) [6,8],  25 ms
140) [3,8],  25 ms
141) [5,7],  26 ms
142) [2,4],  25 ms
143) [2,11],  25 ms
144) [4,11],  25 ms
145) [3,13],  25 ms
146) [3,12],  26 ms
147) [1,11],  25 ms
148) [2,10],  25 ms
149) [2,12],  25 ms

pela 10.0 wins

pela 10.0:  2392 ms/turn
pela 10.0:  4112 ms/turn
