 0) [8,8],  26 ms
 1) [9,9],  27 ms
 2) [8,7],  26 ms
 3) [8,6],  25 ms
 4) [7,8],  10008 ms
 5) [9,8],  24 ms
 6) [7,9],  9526 ms
 7) [7,7],  8269 ms
 8) [9,5],  3915 ms
 9) [6,9],  6054 ms
10) [8,10],  3683 ms
11) [8,11],  10037 ms
12) [9,12],  10015 ms
13) [10,12],  6979 ms
14) [10,5],  6648 ms
15) [9,6],  10000 ms
16) [9,10],  9672 ms
17) [10,6],  3832 ms
18) [11,6],  9997 ms
19) [7,10],  9989 ms
20) [6,11],  5403 ms
21) [9,4],  10047 ms
22) [6,6],  10016 ms
23) [6,8],  5833 ms
24) [5,6],  5665 ms
25) [6,5],  10003 ms
26) [5,8],  4101 ms
27) [6,7],  3777 ms
28) [8,13],  8595 ms
29) [5,10],  4453 ms
30) [9,14],  10005 ms
31) [4,10],  3309 ms
32) [5,9],  24 ms
33) [6,10],  10011 ms
34) [3,10],  24 ms
35) [10,11],  3850 ms
36) [9,15],  516 ms
37) [9,11],  4218 ms
38) [11,11],  511 ms
39) [9,16],  6831 ms
40) [10,15],  26 ms
41) [7,12],  23 ms
42) [11,15],  27 ms
43) [12,15],  6219 ms
44) [8,15],  25 ms
45) [7,15],  24 ms
46) [11,12],  25 ms
47) [10,13],  7688 ms
48) [10,14],  24 ms
49) [11,13],  24 ms
50) [8,14],  25 ms
51) [7,14],  23 ms
52) [8,12],  24 ms
53) [8,16],  23 ms
54) [9,13],  23 ms
55) [12,16],  24 ms
56) [7,11],  24 ms

pela 10.0 wins

pela 10.0:  4700 ms/turn
pela 10.0:  3744 ms/turn
