 0) [12,9],  26 ms
 1) [13,8],  25 ms
 2) [13,10],  25 ms
 3) [11,8],  25 ms
 4) [14,10],  25 ms
 5) [11,9],  25 ms
 6) [14,8],  26 ms
 7) [11,10],  25 ms
 8) [11,7],  5558 ms
 9) [14,9],  9996 ms
10) [11,11],  8033 ms
11) [13,9],  3941 ms
12) [10,9],  5852 ms
13) [16,10],  5289 ms
14) [12,6],  10009 ms
15) [10,8],  9604 ms
16) [9,8],  4882 ms
17) [11,5],  4122 ms
18) [14,11],  6499 ms
19) [13,11],  6540 ms
20) [12,10],  9993 ms
21) [12,7],  10026 ms
22) [11,6],  10006 ms
23) [16,13],  9187 ms
24) [16,11],  7568 ms
25) [13,6],  4566 ms
26) [13,7],  3534 ms
27) [8,9],  4051 ms
28) [9,5],  7815 ms
29) [10,6],  9997 ms
30) [12,4],  9123 ms
31) [8,6],  2961 ms
32) [9,7],  3106 ms
33) [9,6],  7626 ms
34) [7,6],  9997 ms
35) [16,9],  4879 ms
36) [14,5],  5884 ms
37) [14,4],  9724 ms
38) [17,9],  9997 ms
39) [8,7],  3209 ms
40) [8,8],  7032 ms
41) [13,12],  3256 ms
42) [6,10],  3180 ms
43) [5,11],  9995 ms
44) [17,10],  7391 ms
45) [18,9],  3599 ms
46) [9,4],  6338 ms
47) [8,5],  8515 ms
48) [7,4],  2472 ms
49) [7,3],  4037 ms
50) [8,3],  2432 ms
51) [10,5],  4880 ms
52) [11,4],  2223 ms
53) [10,4],  5905 ms
54) [10,7],  24 ms
55) [9,2],  4827 ms
56) [4,7],  3421 ms
57) [6,5],  7673 ms
58) [10,2],  1792 ms
59) [12,5],  4298 ms
60) [4,8],  3673 ms
61) [5,9],  10000 ms
62) [6,9],  1182 ms
63) [15,8],  10005 ms
64) [14,7],  26 ms
65) [5,8],  10006 ms
66) [5,10],  26 ms
67) [4,10],  2916 ms
68) [6,7],  192 ms
69) [6,8],  9991 ms
70) [7,7],  25 ms
71) [3,11],  10009 ms
72) [2,12],  28 ms
73) [7,5],  9835 ms
74) [4,6],  28 ms
75) [4,5],  25 ms
76) [5,5],  25 ms
77) [6,6],  24 ms
78) [3,7],  25 ms
79) [5,7],  61 ms
80) [2,8],  27 ms
81) [6,4],  25 ms
82) [1,9],  94 ms

pela 10.0 wins

pela 10.0:  3800 ms/turn
pela 10.0:  5504 ms/turn
