 0) [12,10],  24 ms
 1) [12,9],  26 ms
 2) [13,9],  24 ms
 3) [13,10],  24 ms
 4) [11,8],  24 ms
 5) [12,8],  24 ms
 6) [11,7],  25 ms
 7) [11,9],  24 ms
 8) [13,5],  25 ms
 9) [12,6],  5239 ms
10) [11,5],  2763 ms
11) [12,5],  8977 ms
12) [12,7],  24 ms
13) [13,7],  5727 ms
14) [10,10],  5445 ms
15) [9,10],  6267 ms
16) [12,4],  4747 ms
17) [11,4],  3415 ms
18) [14,7],  10007 ms
19) [15,7],  6551 ms
20) [15,5],  4732 ms
21) [14,5],  7528 ms
22) [10,2],  3619 ms
23) [11,3],  6858 ms
24) [9,2],  7322 ms
25) [13,3],  10008 ms
26) [14,3],  6519 ms
27) [8,2],  8858 ms
28) [8,4],  4488 ms
29) [9,3],  3329 ms
30) [7,4],  6784 ms
31) [6,4],  9997 ms
32) [12,3],  5336 ms
33) [10,12],  2985 ms
34) [11,12],  10020 ms
35) [6,7],  10001 ms
36) [7,8],  10031 ms
37) [8,8],  9998 ms
38) [6,5],  9496 ms
39) [8,3],  25 ms
40) [7,3],  7261 ms
41) [7,5],  8448 ms
42) [8,6],  4949 ms
43) [10,6],  4108 ms
44) [11,6],  4157 ms
45) [9,11],  8801 ms
46) [8,10],  4002 ms
47) [15,8],  5641 ms
48) [15,9],  4687 ms
49) [13,8],  6732 ms
50) [9,12],  6516 ms
51) [7,6],  5788 ms
52) [14,9],  7840 ms
53) [16,8],  4937 ms
54) [14,8],  24 ms
55) [14,10],  1206 ms
56) [11,14],  4354 ms
57) [8,11],  4050 ms
58) [7,11],  10026 ms
59) [11,13],  1448 ms
60) [12,14],  7347 ms
61) [10,14],  3281 ms
62) [13,11],  10001 ms
63) [7,7],  2164 ms
64) [5,8],  4494 ms
65) [16,10],  2546 ms
66) [17,9],  6810 ms
67) [16,9],  25 ms
68) [16,7],  10009 ms
69) [15,10],  2133 ms
70) [17,10],  24 ms
71) [7,2],  1843 ms
72) [12,15],  5083 ms
73) [10,13],  1557 ms
74) [10,15],  6415 ms
75) [12,13],  1352 ms
76) [9,13],  10000 ms
77) [13,15],  1141 ms
78) [14,11],  10000 ms
79) [17,8],  563 ms
80) [9,16],  4107 ms
81) [9,15],  909 ms
82) [8,16],  10000 ms
83) [9,9],  781 ms
84) [9,7],  10001 ms
85) [8,17],  656 ms
86) [8,7],  9995 ms
87) [10,7],  25 ms
88) [10,9],  3536 ms
89) [16,11],  223 ms
90) [16,12],  25 ms
91) [19,8],  535 ms
92) [18,8],  25 ms
93) [19,6],  459 ms
94) [18,7],  25 ms
95) [5,5],  139 ms
96) [6,6],  24 ms
97) [13,14],  174 ms
98) [13,13],  9999 ms
99) [14,12],  284 ms
100) [5,10],  28 ms
101) [6,9],  161 ms
102) [5,9],  28 ms
103) [5,11],  174 ms
104) [6,10],  25 ms
105) [8,12],  25 ms
106) [5,6],  25 ms
107) [5,7],  24 ms
108) [4,10],  25 ms
109) [7,10],  25 ms
110) [4,7],  25 ms
111) [3,8],  25 ms
112) [4,8],  25 ms
113) [3,7],  25 ms
114) [4,9],  24 ms
115) [4,11],  25 ms
116) [4,6],  25 ms

pela 10.0 wins

pela 10.0:  3074 ms/turn
pela 10.0:  4464 ms/turn
