 0) [8,10],  24 ms
 1) [9,10],  25 ms
 2) [9,9],  24 ms
 3) [8,9],  24 ms
 4) [10,8],  24 ms
 5) [11,7],  23 ms
 6) [12,8],  4212 ms
 7) [13,8],  5209 ms
 8) [10,11],  8154 ms
 9) [10,12],  4059 ms
10) [9,11],  9999 ms
11) [11,11],  3636 ms
12) [12,10],  10005 ms
13) [11,9],  9999 ms
14) [11,6],  10009 ms
15) [10,7],  9997 ms
16) [11,8],  10012 ms
17) [7,11],  5460 ms
18) [6,8],  10016 ms
19) [5,7],  3152 ms
20) [7,7],  10004 ms
21) [8,8],  5206 ms
22) [8,7],  4049 ms
23) [8,6],  3291 ms
24) [14,7],  9027 ms
25) [5,9],  3139 ms
26) [5,8],  4594 ms
27) [4,8],  4261 ms
28) [6,10],  3628 ms
29) [6,11],  9989 ms
30) [7,10],  10003 ms
31) [5,10],  4150 ms
32) [4,9],  10026 ms
33) [6,7],  10001 ms
34) [5,6],  4142 ms
35) [12,9],  4651 ms
36) [6,6],  5031 ms
37) [3,6],  10017 ms
38) [14,5],  7463 ms
39) [14,6],  10052 ms
40) [9,6],  7695 ms
41) [10,5],  3806 ms
42) [9,5],  10015 ms
43) [9,8],  9979 ms
44) [7,4],  3690 ms
45) [6,5],  8557 ms
46) [3,7],  7076 ms
47) [9,7],  7328 ms
48) [13,7],  10022 ms
49) [16,7],  2046 ms
50) [9,4],  6931 ms
51) [8,4],  4513 ms
52) [11,2],  6259 ms
53) [10,3],  3388 ms
54) [10,6],  4372 ms
55) [13,6],  4857 ms
56) [17,6],  5562 ms
57) [7,12],  2236 ms
58) [8,13],  10015 ms
59) [16,8],  3844 ms
60) [16,6],  10022 ms
61) [16,11],  3296 ms
62) [14,9],  10001 ms
63) [16,10],  2859 ms
64) [16,9],  25 ms
65) [9,2],  1167 ms
66) [12,5],  4404 ms
67) [17,9],  1038 ms
68) [13,5],  3915 ms
69) [15,5],  904 ms
70) [15,7],  2752 ms
71) [13,4],  938 ms
72) [18,8],  9304 ms
73) [14,8],  1198 ms
74) [15,8],  6817 ms
75) [7,14],  1128 ms
76) [5,12],  10014 ms
77) [15,11],  1502 ms
78) [18,11],  10014 ms
79) [17,10],  24 ms
80) [18,9],  4833 ms
81) [18,10],  1284 ms
82) [15,10],  3697 ms
83) [17,11],  42 ms
84) [15,9],  10028 ms
85) [15,6],  24 ms
86) [17,12],  3117 ms
87) [14,12],  30 ms
88) [13,13],  25 ms
89) [16,12],  36 ms
90) [15,13],  25 ms
91) [17,8],  24 ms
92) [17,7],  24 ms
93) [16,13],  25 ms
94) [16,14],  24 ms
95) [14,11],  24 ms
96) [13,11],  24 ms
97) [15,12],  24 ms
98) [13,10],  24 ms
99) [13,12],  25 ms
100) [12,12],  24 ms
101) [14,13],  25 ms
102) [13,14],  25 ms
103) [14,10],  24 ms
104) [14,14],  25 ms
105) [17,13],  24 ms
106) [18,14],  24 ms
107) [13,9],  23 ms

pela 10.0 wins

pela 10.0:  3195 ms/turn
pela 10.0:  5393 ms/turn
