 0) [12,11],  25 ms
 1) [11,12],  23 ms
 2) [12,10],  23 ms
 3) [12,9],  23 ms
 4) [13,11],  4433 ms
 5) [14,11],  24 ms
 6) [14,9],  6193 ms
 7) [14,12],  9958 ms
 8) [15,12],  6820 ms
 9) [15,8],  3172 ms
10) [13,8],  10026 ms
11) [12,7],  10015 ms
12) [15,9],  10001 ms
13) [14,10],  2935 ms
14) [16,9],  4343 ms
15) [17,9],  10004 ms
16) [14,14],  3583 ms
17) [15,14],  8486 ms
18) [10,7],  5070 ms
19) [10,8],  6435 ms
20) [9,10],  3527 ms
21) [9,11],  3131 ms
22) [13,9],  3252 ms
23) [13,10],  8383 ms
24) [16,10],  6710 ms
25) [14,8],  7765 ms
26) [12,14],  7697 ms
27) [12,13],  9998 ms
28) [13,12],  10015 ms
29) [13,15],  5505 ms
30) [16,11],  3801 ms
31) [16,12],  4158 ms
32) [8,9],  8841 ms
33) [7,10],  7766 ms
34) [15,10],  3347 ms
35) [17,12],  24 ms
36) [14,15],  2990 ms
37) [14,13],  5376 ms
38) [7,11],  9967 ms
39) [7,8],  10013 ms
40) [12,5],  6141 ms
41) [9,8],  3759 ms
42) [8,8],  5318 ms
43) [15,13],  8993 ms
44) [13,13],  9075 ms
45) [8,10],  7724 ms
46) [5,9],  6697 ms
47) [6,10],  2256 ms
48) [4,10],  10000 ms
49) [16,7],  4940 ms
50) [6,8],  9998 ms
51) [3,11],  3132 ms
52) [3,9],  9994 ms
53) [6,9],  2152 ms
54) [7,7],  261 ms
55) [8,6],  23 ms
56) [6,6],  87 ms
57) [5,5],  1739 ms
58) [4,8],  46 ms
59) [7,5],  2963 ms
60) [9,7],  24 ms
61) [8,7],  1646 ms
62) [10,10],  24 ms
63) [9,9],  24 ms
64) [5,10],  9997 ms
65) [5,8],  121 ms
66) [4,7],  10004 ms
67) [4,9],  1381 ms
68) [5,7],  23 ms
69) [2,10],  23 ms
70) [3,7],  23 ms
71) [6,7],  24 ms
72) [1,7],  23 ms
73) [2,7],  23 ms
74) [2,8],  23 ms
75) [5,11],  39 ms
76) [0,6],  66 ms

pela 10.0 wins

pela 10.0:  4056 ms/turn
pela 10.0:  4833 ms/turn
