 0) [11,12],  25 ms
 1) [10,13],  26 ms
 2) [12,13],  24 ms
 3) [10,11],  25 ms
 4) [11,14],  25 ms
 5) [13,12],  25 ms
 6) [10,10],  3390 ms
 7) [11,15],  10012 ms
 8) [11,10],  8394 ms
 9) [11,11],  10004 ms
10) [13,11],  10013 ms
11) [12,10],  3990 ms
12) [9,13],  4455 ms
13) [10,16],  10007 ms
14) [9,17],  5218 ms
15) [10,17],  3462 ms
16) [10,15],  4353 ms
17) [8,17],  3678 ms
18) [8,14],  9996 ms
19) [9,14],  5754 ms
20) [6,12],  6312 ms
21) [9,11],  5392 ms
22) [8,11],  3654 ms
23) [8,15],  4840 ms
24) [7,16],  4309 ms
25) [7,15],  5545 ms
26) [8,10],  10006 ms
27) [8,12],  3574 ms
28) [9,10],  24 ms
29) [7,10],  23 ms
30) [10,9],  24 ms
31) [11,8],  23 ms
32) [7,13],  25 ms
33) [5,11],  22 ms
34) [6,13],  23 ms
35) [7,12],  23 ms
36) [5,13],  23 ms
37) [8,13],  23 ms
38) [7,11],  23 ms
39) [9,9],  23 ms
40) [4,14],  23 ms

pela 10.0 wins

pela 10.0:  3349 ms/turn
pela 10.0:  3323 ms/turn
