 0) [9,12],  25 ms
 1) [8,13],  26 ms
 2) [9,11],  24 ms
 3) [9,10],  43 ms
 4) [10,12],  3101 ms
 5) [8,12],  25 ms
 6) [7,8],  7439 ms
 7) [7,9],  10030 ms
 8) [8,14],  3835 ms
 9) [9,13],  10005 ms
10) [6,10],  10015 ms
11) [6,9],  3147 ms
12) [5,9],  10011 ms
13) [4,8],  3430 ms
14) [7,12],  5516 ms
15) [11,13],  46 ms
16) [10,13],  4858 ms
17) [10,11],  4066 ms
18) [11,15],  3357 ms
19) [12,15],  7139 ms
20) [10,16],  4774 ms
21) [9,15],  3457 ms
22) [10,14],  7204 ms
23) [10,15],  25 ms
24) [9,14],  10036 ms
25) [11,14],  10018 ms
26) [12,13],  6977 ms
27) [7,14],  4326 ms
28) [12,11],  10009 ms
29) [11,12],  6385 ms
30) [4,10],  4464 ms
31) [3,11],  5079 ms
32) [12,16],  10036 ms
33) [3,9],  10044 ms
34) [2,10],  9986 ms
35) [8,15],  3033 ms
36) [6,15],  9795 ms
37) [10,17],  5768 ms
38) [9,16],  6699 ms
39) [11,16],  9550 ms
40) [9,18],  3670 ms
41) [6,16],  8619 ms
42) [5,10],  2967 ms
43) [3,10],  25 ms
44) [3,8],  2130 ms
45) [6,11],  5092 ms
46) [11,10],  3524 ms
47) [13,12],  5324 ms
48) [5,14],  5639 ms
49) [8,10],  5101 ms
50) [9,8],  2614 ms
51) [8,7],  10005 ms
52) [5,6],  4469 ms
53) [5,8],  10047 ms
54) [6,7],  1403 ms
55) [4,5],  3945 ms
56) [4,7],  2085 ms
57) [6,5],  7223 ms
58) [8,9],  3107 ms
59) [3,13],  4333 ms
60) [3,12],  25 ms
61) [4,13],  4802 ms
62) [5,12],  1656 ms
63) [6,12],  6820 ms
64) [5,13],  27 ms
65) [5,11],  26 ms
66) [5,15],  25 ms
67) [5,16],  26 ms
68) [2,11],  25 ms
69) [2,9],  26 ms
70) [4,15],  27 ms
71) [3,15],  25 ms
72) [6,13],  26 ms
73) [8,11],  25 ms
74) [3,16],  25 ms

pela 10.0 wins

pela 10.0:  4252 ms/turn
pela 10.0:  4516 ms/turn
