 0) [12,8],  25 ms
 1) [11,7],  26 ms
 2) [13,7],  24 ms
 3) [11,9],  26 ms
 4) [12,6],  25 ms
 5) [14,8],  24 ms
 6) [11,8],  7899 ms
 7) [13,6],  8320 ms
 8) [15,7],  6864 ms
 9) [12,7],  5312 ms
10) [15,8],  10029 ms
11) [15,5],  5910 ms
12) [16,8],  10013 ms
13) [15,9],  5750 ms
14) [10,7],  10043 ms
15) [9,6],  9160 ms
16) [17,8],  3619 ms
17) [16,7],  3775 ms
18) [17,9],  10008 ms
19) [18,10],  5108 ms
20) [17,10],  4307 ms
21) [17,11],  10024 ms
22) [16,9],  3590 ms
23) [18,11],  6554 ms
24) [18,12],  5685 ms
25) [14,5],  3324 ms
26) [15,4],  8529 ms
27) [17,6],  3719 ms
28) [15,6],  9948 ms
29) [14,9],  3982 ms
30) [13,9],  5302 ms
31) [18,8],  5616 ms
32) [19,9],  4223 ms
33) [13,8],  9999 ms
34) [15,10],  3002 ms
35) [14,11],  8929 ms
36) [14,7],  10024 ms
37) [9,7],  10015 ms
38) [9,8],  8047 ms
39) [9,5],  10002 ms
40) [14,10],  3429 ms
41) [16,10],  10011 ms
42) [12,10],  4360 ms
43) [11,10],  4614 ms
44) [16,5],  3982 ms
45) [8,6],  4719 ms
46) [11,6],  4241 ms
47) [8,9],  2897 ms
48) [13,4],  5436 ms
49) [12,5],  25 ms
50) [13,5],  3452 ms
51) [14,6],  26 ms
52) [17,4],  3743 ms
53) [18,3],  25 ms
54) [14,4],  2558 ms
55) [16,4],  25 ms
56) [11,4],  1273 ms
57) [12,4],  25 ms
58) [8,8],  3309 ms
59) [10,8],  25 ms
60) [7,5],  24 ms
61) [11,5],  3822 ms
62) [10,6],  1631 ms
63) [9,9],  1775 ms
64) [10,9],  1174 ms
65) [8,5],  50 ms
66) [10,5],  25 ms
67) [8,3],  10005 ms
68) [8,4],  2623 ms
69) [9,3],  10004 ms
70) [9,4],  24 ms
71) [10,4],  8867 ms
72) [11,3],  2499 ms
73) [5,6],  2170 ms
74) [15,3],  2143 ms
75) [16,2],  25 ms
76) [18,7],  958 ms
77) [19,6],  25 ms
78) [15,11],  770 ms
79) [16,12],  24 ms
80) [6,3],  1170 ms
81) [6,8],  27 ms
82) [7,7],  25 ms
83) [8,10],  27 ms
84) [7,11],  25 ms
85) [7,9],  29 ms
86) [9,11],  872 ms
87) [8,2],  24 ms
88) [7,1],  24 ms
89) [5,9],  25 ms
90) [6,9],  25 ms
91) [5,7],  25 ms
92) [4,6],  24 ms
93) [5,8],  25 ms
94) [5,10],  25 ms
95) [5,5],  25 ms

pela 10.0 wins

pela 10.0:  3563 ms/turn
pela 10.0:  3644 ms/turn
