 0) [11,11],  24 ms
 1) [10,10],  22 ms
 2) [10,12],  23 ms
 3) [12,10],  23 ms
 4) [9,12],  23 ms
 5) [12,11],  23 ms
 6) [9,10],  22 ms
 7) [12,12],  23 ms
 8) [12,9],  8092 ms
 9) [9,11],  10004 ms
10) [12,13],  10000 ms
11) [10,11],  9705 ms
12) [13,11],  6361 ms
13) [7,12],  10029 ms
14) [11,8],  10035 ms
15) [13,10],  6717 ms
16) [14,10],  6188 ms
17) [12,7],  5518 ms
18) [9,13],  7176 ms
19) [10,13],  7011 ms
20) [11,12],  10006 ms
21) [11,9],  3411 ms
22) [8,12],  7547 ms
23) [8,14],  4669 ms
24) [14,13],  10008 ms
25) [13,7],  6120 ms
26) [12,8],  25 ms
27) [14,12],  7006 ms
28) [11,14],  1325 ms
29) [11,13],  4519 ms
30) [10,15],  48 ms
31) [9,16],  10010 ms
32) [10,14],  36 ms
33) [11,15],  2811 ms
34) [13,12],  29 ms
35) [14,11],  26 ms
36) [13,14],  30 ms
37) [12,14],  2964 ms
38) [13,13],  25 ms
39) [13,15],  56 ms
40) [15,12],  65 ms
41) [16,11],  9934 ms
42) [15,16],  28 ms
43) [14,15],  26 ms
44) [15,11],  27 ms
45) [13,9],  26 ms
46) [15,13],  42 ms
47) [16,13],  118 ms
48) [15,10],  27 ms
49) [15,14],  73 ms
50) [15,9],  26 ms

pela 10.0 wins

pela 10.0:  2970 ms/turn
pela 10.0:  4033 ms/turn
