 0) [8,8],  25 ms
 1) [9,9],  27 ms
 2) [9,7],  25 ms
 3) [7,9],  24 ms
 4) [10,8],  25 ms
 5) [8,6],  26 ms
 6) [6,9],  5363 ms
 7) [11,8],  10005 ms
 8) [6,8],  7369 ms
 9) [7,8],  10026 ms
10) [7,6],  6525 ms
11) [6,7],  10029 ms
12) [9,10],  9856 ms
13) [12,9],  7918 ms
14) [13,10],  4896 ms
15) [10,10],  3420 ms
16) [12,8],  10016 ms
17) [9,11],  9479 ms
18) [11,9],  4420 ms
19) [13,11],  9999 ms
20) [12,12],  9999 ms
21) [5,7],  4550 ms
22) [7,11],  7720 ms
23) [10,12],  8928 ms
24) [11,13],  3556 ms
25) [12,13],  4124 ms
26) [10,6],  9620 ms
27) [9,5],  2894 ms
28) [5,6],  8804 ms
29) [14,11],  10007 ms
30) [13,12],  10000 ms
31) [14,12],  3464 ms
32) [15,11],  3645 ms
33) [10,5],  3432 ms
34) [10,4],  5088 ms
35) [13,9],  7149 ms
36) [10,11],  10003 ms
37) [9,4],  6146 ms
38) [8,5],  2674 ms
39) [4,8],  9244 ms
40) [3,7],  3132 ms
41) [4,10],  10008 ms
42) [4,9],  3088 ms
43) [11,5],  3386 ms
44) [11,6],  7729 ms
45) [13,4],  10000 ms
46) [13,5],  1972 ms
47) [14,6],  9998 ms
48) [14,9],  2047 ms
49) [12,11],  9998 ms
50) [15,6],  6047 ms
51) [14,4],  10000 ms
52) [14,5],  2704 ms
53) [16,5],  9999 ms
54) [16,4],  4380 ms
55) [8,12],  9996 ms
56) [7,4],  4031 ms
57) [6,5],  3070 ms
58) [8,13],  3067 ms
59) [6,11],  7522 ms
60) [7,13],  2270 ms
61) [7,14],  10008 ms
62) [1,9],  2860 ms
63) [3,6],  5417 ms
64) [2,10],  2427 ms
65) [2,9],  9999 ms
66) [9,14],  1712 ms
67) [9,13],  4692 ms
68) [15,10],  616 ms
69) [15,8],  10005 ms
70) [14,14],  1085 ms
71) [15,14],  3744 ms
72) [5,13],  1207 ms
73) [4,12],  10012 ms
74) [15,3],  668 ms
75) [12,7],  10003 ms
76) [14,3],  1345 ms
77) [17,3],  6126 ms
78) [5,12],  502 ms
79) [6,13],  8227 ms
80) [8,15],  791 ms
81) [4,14],  5036 ms
82) [12,10],  816 ms
83) [4,13],  4973 ms
84) [4,11],  24 ms
85) [14,10],  10038 ms
86) [5,14],  269 ms
87) [5,15],  9997 ms
88) [4,16],  383 ms
89) [9,15],  4152 ms
90) [3,15],  636 ms
91) [5,10],  8216 ms
92) [6,10],  305 ms
93) [13,3],  9996 ms
94) [6,15],  490 ms
95) [7,16],  3205 ms
96) [3,16],  542 ms
97) [3,17],  4608 ms
98) [7,15],  178 ms
99) [15,13],  5084 ms
100) [3,13],  383 ms
101) [3,12],  2999 ms
102) [2,17],  371 ms
103) [2,14],  3079 ms
104) [12,2],  307 ms
105) [14,15],  5103 ms
106) [15,16],  126 ms
107) [11,4],  7639 ms
108) [8,7],  273 ms
109) [12,3],  882 ms
110) [9,6],  128 ms
111) [12,4],  26 ms
112) [15,4],  25 ms
113) [12,5],  25 ms
114) [12,6],  25 ms
115) [13,6],  25 ms
116) [14,7],  25 ms
117) [14,2],  24 ms
118) [15,1],  25 ms
119) [10,3],  25 ms
120) [9,2],  25 ms
121) [11,3],  25 ms
122) [9,3],  25 ms
123) [13,2],  24 ms
124) [14,1],  25 ms
125) [11,2],  25 ms
126) [11,1],  25 ms
127) [13,0],  24 ms
128) [12,1],  25 ms
129) [13,1],  25 ms

pela 10.0 wins

pela 10.0:  2750 ms/turn
pela 10.0:  5667 ms/turn
