 0) [12,12],  23 ms
 1) [11,11],  23 ms
 2) [11,13],  24 ms
 3) [13,11],  22 ms
 4) [10,12],  24 ms
 5) [12,14],  27 ms
 6) [12,11],  5008 ms
 7) [10,13],  10034 ms
 8) [11,15],  7722 ms
 9) [11,12],  4968 ms
10) [12,15],  10030 ms
11) [9,15],  6201 ms
12) [12,16],  10004 ms
13) [14,15],  3722 ms
14) [15,14],  6385 ms
15) [11,16],  5450 ms
16) [9,14],  3884 ms
17) [14,18],  3597 ms
18) [13,14],  7514 ms
19) [13,12],  6163 ms
20) [14,14],  4969 ms
21) [15,13],  8042 ms
22) [16,14],  3829 ms
23) [17,14],  23 ms
24) [16,16],  5004 ms
25) [15,15],  7232 ms
26) [18,15],  10001 ms
27) [10,16],  5121 ms
28) [13,10],  6027 ms
29) [11,9],  6385 ms
30) [14,12],  9999 ms
31) [16,17],  8425 ms
32) [8,14],  10000 ms
33) [10,14],  7447 ms
34) [18,16],  5520 ms
35) [18,17],  5290 ms
36) [10,9],  5536 ms
37) [12,10],  5500 ms
38) [9,8],  5066 ms
39) [8,7],  5998 ms
40) [8,13],  10010 ms
41) [7,12],  10000 ms
42) [9,12],  10001 ms
43) [7,14],  3374 ms
44) [7,13],  3950 ms
45) [8,12],  9369 ms
46) [12,9],  3339 ms
47) [11,8],  3928 ms
48) [11,10],  24 ms
49) [10,11],  24 ms
50) [9,7],  4852 ms
51) [6,12],  7660 ms
52) [5,12],  6690 ms
53) [8,11],  2105 ms
54) [7,11],  3218 ms
55) [15,16],  2779 ms
56) [14,17],  6147 ms
57) [9,6],  4390 ms
58) [17,18],  3460 ms
59) [11,6],  5257 ms
60) [8,6],  4161 ms
61) [10,5],  31 ms
62) [11,4],  5854 ms
63) [11,5],  29 ms
64) [11,7],  25 ms
65) [12,5],  29 ms
66) [13,5],  5306 ms
67) [9,4],  40 ms
68) [12,7],  5264 ms
69) [9,5],  26 ms
70) [8,5],  25 ms
71) [9,3],  25 ms
72) [9,2],  24 ms
73) [13,7],  4465 ms
74) [12,6],  9995 ms
75) [10,8],  3497 ms
76) [8,3],  8875 ms
77) [8,2],  1968 ms
78) [7,1],  10037 ms
79) [12,4],  1068 ms
80) [5,3],  10010 ms
81) [6,4],  2449 ms
82) [8,4],  10001 ms
83) [6,5],  2408 ms
84) [7,8],  10001 ms
85) [7,9],  1373 ms
86) [6,6],  10001 ms
87) [6,2],  2001 ms
88) [8,1],  4816 ms
89) [14,4],  1728 ms
90) [14,3],  10011 ms
91) [8,9],  899 ms
92) [12,13],  6594 ms
93) [13,3],  1351 ms
94) [14,2],  3888 ms
95) [10,1],  1092 ms
96) [12,2],  2951 ms
97) [17,13],  1022 ms
98) [18,13],  10020 ms
99) [11,2],  856 ms
100) [5,5],  10001 ms
101) [5,1],  319 ms
102) [10,17],  10016 ms
103) [10,3],  602 ms
104) [12,3],  9349 ms
105) [4,4],  599 ms
106) [6,3],  3439 ms
107) [5,4],  519 ms
108) [18,14],  9987 ms
109) [18,12],  25 ms
110) [4,3],  10007 ms
111) [7,3],  24 ms
112) [3,4],  5819 ms
113) [2,3],  343 ms
114) [17,12],  10003 ms
115) [16,11],  272 ms
116) [12,1],  10033 ms
117) [2,5],  118 ms
118) [10,0],  3338 ms
119) [4,7],  236 ms
120) [9,9],  6066 ms
121) [5,8],  186 ms
122) [9,11],  2943 ms
123) [9,10],  24 ms
124) [6,9],  53 ms
125) [3,8],  34 ms
126) [5,6],  10042 ms
127) [3,6],  29 ms
128) [1,4],  24 ms
129) [3,7],  34 ms
130) [3,9],  4045 ms
131) [6,7],  29 ms
132) [2,7],  5660 ms
133) [8,10],  26 ms
134) [8,8],  25 ms
135) [7,7],  24 ms
136) [5,7],  24 ms
137) [6,13],  25 ms
138) [5,14],  25 ms
139) [4,8],  24 ms
140) [2,8],  25 ms
141) [4,6],  24 ms
142) [4,5],  24 ms
143) [4,9],  24 ms
144) [4,10],  25 ms
145) [6,11],  23 ms
146) [5,10],  24 ms
147) [3,10],  23 ms
148) [7,6],  22 ms
149) [2,11],  23 ms

pela 10.0 wins

pela 10.0:  2380 ms/turn
pela 10.0:  5428 ms/turn
