 0) [8,9],  25 ms
 1) [9,10],  24 ms
 2) [7,10],  25 ms
 3) [9,8],  25 ms
 4) [7,11],  24 ms
 5) [8,8],  29 ms
 6) [9,11],  25 ms
 7) [7,8],  24 ms
 8) [6,8],  10009 ms
 9) [7,9],  10052 ms
10) [8,11],  465 ms
11) [6,11],  10004 ms
12) [10,11],  104 ms
13) [11,11],  24 ms
14) [9,12],  33 ms
15) [10,13],  4176 ms
16) [8,13],  27 ms
17) [10,8],  3480 ms
18) [11,8],  24 ms
19) [7,14],  4245 ms
20) [8,12],  26 ms
21) [8,10],  25 ms
22) [10,12],  47 ms
23) [7,12],  10009 ms
24) [6,10],  45 ms
25) [5,9],  9131 ms
26) [8,14],  29 ms
27) [8,15],  25 ms
28) [7,13],  28 ms
29) [6,14],  26 ms
30) [9,13],  26 ms
31) [10,14],  26 ms
32) [9,15],  25 ms
33) [9,14],  26 ms
34) [6,12],  25 ms
35) [10,16],  26 ms
36) [5,11],  25 ms

pela 10.0 wins

pela 10.0:  2854 ms/turn
pela 10.0:  580 ms/turn
