 0) [12,12],  26 ms
 1) [11,13],  25 ms
 2) [11,11],  25 ms
 3) [13,13],  26 ms
 4) [10,12],  25 ms
 5) [12,10],  25 ms
 6) [14,13],  9998 ms
 7) [9,12],  8475 ms
 8) [14,12],  6399 ms
 9) [13,12],  9998 ms
10) [13,10],  10001 ms
11) [14,11],  5506 ms
12) [11,14],  10017 ms
13) [8,13],  5714 ms
14) [7,14],  4817 ms
15) [7,13],  4052 ms
16) [9,13],  5805 ms
17) [7,15],  10019 ms
18) [5,13],  5860 ms
19) [8,11],  10000 ms
20) [7,10],  7361 ms
21) [12,9],  3798 ms
22) [10,11],  8410 ms
23) [10,10],  5355 ms
24) [9,11],  5753 ms
25) [12,11],  3278 ms
26) [12,8],  10002 ms
27) [7,9],  2905 ms
28) [10,9],  9997 ms
29) [9,8],  6454 ms
30) [8,8],  5234 ms
31) [10,14],  3647 ms
32) [8,10],  6171 ms
33) [6,10],  4042 ms
34) [13,14],  5628 ms
35) [12,15],  9988 ms
36) [6,13],  7609 ms
37) [5,14],  9188 ms
38) [13,9],  10007 ms
39) [11,7],  6331 ms
40) [4,12],  3182 ms
41) [5,12],  9997 ms
42) [9,10],  4719 ms
43) [10,15],  5520 ms
44) [9,15],  7260 ms
45) [9,7],  4732 ms
46) [9,6],  9997 ms
47) [12,17],  2935 ms
48) [11,16],  10018 ms
49) [5,9],  3723 ms
50) [6,9],  6769 ms
51) [7,8],  6336 ms
52) [8,7],  10039 ms
53) [8,6],  4559 ms
54) [7,7],  5735 ms
55) [13,7],  3392 ms
56) [10,7],  6346 ms
57) [4,13],  4039 ms
58) [3,12],  6035 ms
59) [4,8],  3708 ms
60) [3,7],  10031 ms
61) [12,16],  3189 ms
62) [12,14],  9014 ms
63) [7,12],  2696 ms
64) [14,14],  10001 ms
65) [15,14],  24 ms
66) [14,15],  8514 ms
67) [14,16],  25 ms
68) [11,12],  8793 ms
69) [12,13],  25 ms
70) [8,12],  7343 ms
71) [6,11],  25 ms
72) [9,14],  25 ms
73) [5,10],  24 ms
74) [4,9],  25 ms
75) [5,8],  25 ms
76) [5,11],  25 ms
77) [10,8],  24 ms
78) [11,9],  25 ms
79) [6,8],  25 ms
80) [3,8],  26 ms
81) [5,7],  24 ms
82) [5,6],  25 ms
83) [7,5],  24 ms
84) [6,4],  25 ms
85) [6,6],  24 ms
86) [8,4],  25 ms
87) [3,9],  25 ms

pela 10.0 wins

pela 10.0:  3726 ms/turn
pela 10.0:  5753 ms/turn
