 0) [11,9],  26 ms
 1) [10,9],  26 ms
 2) [12,8],  25 ms
 3) [10,10],  26 ms
 4) [10,11],  9993 ms
 5) [12,9],  6356 ms
 6) [11,7],  3007 ms
 7) [10,6],  9997 ms
 8) [9,7],  5595 ms
 9) [8,6],  8002 ms
10) [10,7],  6593 ms
11) [12,7],  3559 ms
12) [9,6],  6404 ms
13) [11,8],  7693 ms
14) [13,6],  10023 ms
15) [8,7],  9996 ms
16) [9,8],  10016 ms
17) [9,9],  3539 ms
18) [8,8],  10024 ms
19) [9,5],  5578 ms
20) [13,9],  3928 ms
21) [13,8],  10057 ms
22) [12,10],  6730 ms
23) [10,8],  6419 ms
24) [14,8],  198 ms
25) [15,7],  6031 ms
26) [11,11],  97 ms
27) [10,12],  24 ms
28) [14,10],  44 ms
29) [15,11],  24 ms
30) [13,11],  38 ms
31) [14,11],  9995 ms
32) [9,11],  39 ms
33) [12,11],  24 ms
34) [11,13],  35 ms
35) [12,12],  4927 ms
36) [8,9],  31 ms
37) [7,10],  40 ms
38) [11,12],  24 ms
39) [11,10],  24 ms
40) [9,10],  66 ms
41) [12,13],  120 ms
42) [7,8],  111 ms

pela 10.0 wins

pela 10.0:  4402 ms/turn
pela 10.0:  3320 ms/turn
