 0) [8,10],  25 ms
 1) [7,10],  26 ms
 2) [7,9],  25 ms
 3) [8,9],  27 ms
 4) [9,11],  25 ms
 5) [10,12],  27 ms
 6) [11,11],  7157 ms
 7) [12,11],  8719 ms
 8) [9,8],  3264 ms
 9) [9,7],  8064 ms
10) [10,8],  3696 ms
11) [8,8],  10010 ms
12) [10,10],  3374 ms
13) [11,9],  5828 ms
14) [8,12],  10003 ms
15) [9,9],  6822 ms
16) [9,13],  5578 ms
17) [10,9],  7757 ms
18) [12,9],  25 ms
19) [8,13],  4323 ms
20) [7,13],  10012 ms
21) [6,14],  25 ms
22) [7,11],  10007 ms
23) [6,10],  4898 ms
24) [5,11],  10035 ms
25) [6,11],  3166 ms
26) [6,8],  9997 ms
27) [5,7],  25 ms
28) [6,13],  4445 ms
29) [6,12],  10000 ms
30) [13,10],  6412 ms
31) [10,11],  5164 ms
32) [9,12],  10003 ms
33) [9,14],  8197 ms
34) [7,12],  10010 ms
35) [7,14],  10037 ms
36) [8,14],  10009 ms
37) [10,14],  3436 ms
38) [10,15],  10016 ms
39) [11,8],  10002 ms
40) [9,10],  5094 ms
41) [5,14],  9529 ms
42) [3,14],  10004 ms
43) [6,6],  9127 ms
44) [5,5],  4051 ms
45) [8,6],  876 ms
46) [11,10],  9355 ms
47) [12,10],  25 ms
48) [8,7],  10006 ms
49) [7,6],  30 ms
50) [9,6],  3740 ms
51) [7,5],  28 ms
52) [8,4],  4601 ms
53) [7,4],  27 ms
54) [7,7],  27 ms
55) [4,6],  29 ms
56) [5,6],  26 ms
57) [4,8],  31 ms
58) [3,9],  25 ms
59) [7,2],  27 ms
60) [7,3],  25 ms
61) [4,7],  28 ms
62) [4,9],  3647 ms
63) [6,4],  25 ms
64) [5,3],  25 ms
65) [6,9],  7661 ms
66) [3,6],  10001 ms
67) [5,4],  3015 ms
68) [4,5],  10001 ms
69) [3,5],  4210 ms
70) [2,4],  7149 ms
71) [6,2],  2609 ms
72) [5,2],  4335 ms
73) [2,3],  5167 ms
74) [11,14],  5602 ms
75) [11,13],  2099 ms
76) [4,13],  7007 ms
77) [12,12],  1885 ms
78) [13,11],  7171 ms
79) [3,7],  2434 ms
80) [2,7],  2809 ms
81) [0,9],  3494 ms
82) [6,5],  9592 ms
83) [12,14],  1448 ms
84) [12,13],  25 ms
85) [3,4],  1805 ms
86) [4,4],  24 ms
87) [13,15],  1266 ms
88) [14,16],  25 ms
89) [13,12],  2363 ms
90) [14,12],  10001 ms
91) [3,13],  2016 ms
92) [4,15],  10000 ms
93) [2,15],  1735 ms
94) [14,11],  10000 ms
95) [15,12],  1484 ms
96) [3,3],  5770 ms
97) [4,2],  592 ms
98) [15,16],  3056 ms
99) [13,16],  763 ms
100) [13,13],  10008 ms
101) [7,17],  520 ms
102) [8,16],  9996 ms
103) [9,16],  306 ms
104) [10,6],  10007 ms
105) [9,5],  318 ms
106) [12,6],  10010 ms
107) [10,5],  922 ms
108) [11,5],  10001 ms
109) [13,7],  781 ms
110) [12,7],  3923 ms
111) [12,5],  221 ms
112) [6,3],  4956 ms
113) [4,3],  24 ms
114) [15,15],  4086 ms
115) [16,14],  439 ms
116) [16,15],  10009 ms
117) [14,14],  178 ms
118) [5,9],  3113 ms
119) [4,10],  552 ms
120) [5,10],  4988 ms
121) [5,12],  393 ms
122) [8,3],  9980 ms
123) [9,3],  24 ms
124) [12,16],  3189 ms
125) [15,17],  320 ms
126) [7,15],  8313 ms
127) [6,16],  373 ms
128) [5,15],  7351 ms
129) [6,15],  321 ms
130) [6,17],  4034 ms
131) [5,16],  188 ms
132) [4,17],  24 ms
133) [12,17],  239 ms
134) [13,14],  8961 ms
135) [14,15],  211 ms
136) [11,18],  6388 ms
137) [11,4],  66 ms
138) [10,3],  10000 ms
139) [13,4],  66 ms
140) [13,5],  6890 ms
141) [1,9],  154 ms
142) [12,4],  4723 ms
143) [11,7],  136 ms
144) [11,6],  10001 ms
145) [13,6],  24 ms
146) [14,9],  10007 ms
147) [14,10],  110 ms
148) [13,8],  5592 ms
149) [15,10],  23 ms
150) [14,7],  9995 ms
151) [15,6],  24 ms
152) [14,6],  10008 ms
153) [15,14],  46 ms
154) [16,13],  24 ms
155) [15,13],  57 ms
156) [15,11],  24 ms
157) [0,10],  51 ms
158) [2,8],  24 ms
159) [17,11],  50 ms
160) [16,12],  24 ms
161) [8,11],  44 ms
162) [5,8],  24 ms
163) [17,14],  41 ms
164) [18,14],  23 ms
165) [15,7],  52 ms
166) [13,3],  24 ms
167) [14,2],  24 ms
168) [14,5],  24 ms
169) [14,8],  24 ms
170) [11,3],  23 ms
171) [10,2],  25 ms
172) [14,3],  24 ms
173) [12,3],  24 ms
174) [14,4],  24 ms

pela 10.0 wins

pela 10.0:  2066 ms/turn
pela 10.0:  5387 ms/turn
