 0) [10,8],  23 ms
 1) [9,7],  24 ms
 2) [10,9],  23 ms
 3) [10,10],  24 ms
 4) [11,8],  3517 ms
 5) [9,8],  24 ms
 6) [9,11],  9846 ms
 7) [8,11],  10015 ms
 8) [9,6],  4050 ms
 9) [10,7],  7813 ms
10) [7,10],  5900 ms
11) [7,12],  4156 ms
12) [9,10],  10022 ms
13) [12,7],  4538 ms
14) [11,7],  4111 ms
15) [9,9],  8574 ms
16) [11,6],  4020 ms
17) [11,5],  3322 ms
18) [8,8],  10007 ms
19) [7,8],  6942 ms
20) [13,7],  5627 ms
21) [11,9],  3020 ms
22) [5,10],  8165 ms
23) [6,10],  10029 ms
24) [5,9],  3572 ms
25) [8,6],  7622 ms
26) [4,10],  7551 ms
27) [5,11],  5351 ms
28) [4,12],  4731 ms
29) [4,13],  6922 ms
30) [3,11],  222 ms
31) [2,12],  5172 ms
32) [4,11],  31 ms
33) [3,9],  26 ms
34) [4,9],  26 ms
35) [4,8],  25 ms
36) [2,10],  26 ms
37) [1,9],  6028 ms
38) [3,10],  26 ms
39) [1,10],  23 ms
40) [5,8],  25 ms
41) [2,11],  3043 ms
42) [6,8],  24 ms
43) [7,7],  23 ms
44) [5,7],  23 ms
45) [5,6],  24 ms
46) [7,9],  23 ms
47) [8,10],  24 ms
48) [6,7],  24 ms
49) [7,6],  23 ms
50) [6,9],  24 ms
51) [8,9],  24 ms
52) [4,6],  23 ms
53) [3,5],  24 ms
54) [6,5],  23 ms
55) [6,6],  24 ms
56) [4,7],  23 ms
57) [3,6],  24 ms
58) [2,7],  25 ms
59) [3,7],  25 ms
60) [3,8],  35 ms
61) [6,11],  23 ms
62) [1,6],  24 ms

pela 10.0 wins

pela 10.0:  2556 ms/turn
pela 10.0:  2997 ms/turn
