 0) [10,11],  26 ms
 1) [11,12],  24 ms
 2) [9,12],  25 ms
 3) [11,10],  25 ms
 4) [10,13],  25 ms
 5) [8,11],  27 ms
 6) [11,9],  5855 ms
 7) [10,14],  9097 ms
 8) [10,10],  5371 ms
 9) [10,9],  9999 ms
10) [12,11],  4417 ms
11) [9,11],  10006 ms
12) [7,12],  4683 ms
13) [8,12],  4279 ms
14) [8,10],  7183 ms
15) [11,15],  6300 ms
16) [9,13],  5199 ms
17) [8,13],  10014 ms
18) [8,14],  3757 ms
19) [11,11],  6266 ms
20) [11,13],  10048 ms
21) [13,13],  10026 ms
22) [12,14],  10000 ms
23) [7,15],  3962 ms
24) [12,10],  9264 ms
25) [12,8],  4750 ms
26) [6,12],  9893 ms
27) [7,11],  10055 ms
28) [5,12],  6272 ms
29) [4,12],  5411 ms
30) [5,11],  9620 ms
31) [7,13],  10011 ms
32) [6,14],  25 ms
33) [6,13],  3294 ms
34) [5,10],  1207 ms
35) [5,13],  10007 ms
36) [4,13],  25 ms
37) [7,10],  9491 ms
38) [3,14],  161 ms
39) [2,15],  3047 ms
40) [5,14],  92 ms
41) [4,14],  2415 ms
42) [3,12],  62 ms
43) [2,11],  5850 ms
44) [5,9],  104 ms
45) [5,8],  25 ms
46) [6,9],  228 ms
47) [7,8],  3185 ms
48) [3,11],  437 ms
49) [3,10],  4250 ms
50) [7,16],  25 ms
51) [6,15],  25 ms
52) [3,13],  25 ms
53) [3,15],  26 ms
54) [9,14],  25 ms
55) [7,14],  25 ms
56) [2,13],  26 ms
57) [4,11],  25 ms
58) [1,13],  25 ms
59) [0,13],  26 ms
60) [4,10],  26 ms
61) [2,12],  25 ms
62) [3,9],  25 ms
63) [2,8],  25 ms
64) [4,9],  25 ms
65) [7,9],  25 ms
66) [2,9],  25 ms

pela 10.0 wins

pela 10.0:  4303 ms/turn
pela 10.0:  2770 ms/turn
