 0) [10,10],  25 ms
 1) [11,11],  26 ms
 2) [10,9],  25 ms
 3) [10,8],  26 ms
 4) [9,10],  5902 ms
 5) [11,10],  25 ms
 6) [9,11],  5402 ms
 7) [9,9],  4121 ms
 8) [11,7],  10010 ms
 9) [8,11],  4869 ms
10) [10,12],  3887 ms
11) [10,13],  3203 ms
12) [11,14],  10010 ms
13) [12,14],  8991 ms
14) [12,7],  9276 ms
15) [11,8],  3029 ms
16) [11,12],  9997 ms
17) [12,8],  5078 ms
18) [13,8],  3872 ms
19) [9,12],  10005 ms
20) [8,13],  5586 ms
21) [11,6],  10034 ms
22) [8,8],  10005 ms
23) [8,10],  5847 ms
24) [7,8],  6608 ms
25) [8,7],  3298 ms
26) [7,10],  5076 ms
27) [8,9],  10002 ms
28) [10,15],  8220 ms
29) [7,12],  9998 ms
30) [11,16],  10004 ms
31) [12,13],  7375 ms
32) [11,15],  2843 ms
33) [11,13],  25 ms
34) [13,13],  7837 ms
35) [6,12],  4248 ms
36) [7,11],  26 ms
37) [8,12],  7639 ms
38) [5,12],  25 ms
39) [11,17],  7592 ms
40) [12,17],  28 ms
41) [9,14],  25 ms
42) [12,15],  36 ms
43) [13,15],  4318 ms
44) [10,17],  28 ms
45) [9,18],  26 ms
46) [8,15],  27 ms
47) [9,15],  25 ms
48) [9,16],  25 ms
49) [7,14],  25 ms
50) [13,14],  25 ms
51) [14,13],  25 ms
52) [8,17],  25 ms
53) [7,18],  24 ms
54) [8,16],  25 ms
55) [8,14],  41 ms
56) [10,16],  25 ms
57) [12,16],  24 ms
58) [7,16],  23 ms

pela 10.0 wins

pela 10.0:  3830 ms/turn
pela 10.0:  3791 ms/turn
