 0) [10,11],  25 ms
 1) [11,12],  26 ms
 2) [9,12],  25 ms
 3) [11,10],  25 ms
 4) [9,13],  25 ms
 5) [10,10],  24 ms
 6) [11,13],  25 ms
 7) [9,10],  25 ms
 8) [8,10],  7475 ms
 9) [9,11],  7190 ms
10) [10,13],  247 ms
11) [8,13],  9376 ms
12) [12,13],  73 ms
13) [13,13],  24 ms
14) [11,14],  34 ms
15) [12,15],  2979 ms
16) [10,15],  28 ms
17) [12,10],  3033 ms
18) [13,10],  23 ms
19) [9,16],  3309 ms
20) [10,14],  27 ms
21) [10,12],  26 ms
22) [12,14],  49 ms
23) [9,14],  9610 ms
24) [8,12],  44 ms
25) [7,11],  5453 ms
26) [10,16],  28 ms
27) [10,17],  25 ms
28) [9,15],  28 ms
29) [8,16],  25 ms
30) [11,15],  25 ms
31) [12,16],  24 ms
32) [11,17],  25 ms
33) [11,16],  26 ms
34) [8,14],  24 ms
35) [12,18],  25 ms
36) [7,13],  25 ms

pela 10.0 wins

pela 10.0:  434 ms/turn
pela 10.0:  2290 ms/turn
