 0) [9,9],  24 ms
 1) [10,10],  23 ms
 2) [9,8],  23 ms
 3) [9,7],  24 ms
 4) [8,9],  3086 ms
 5) [10,9],  23 ms
 6) [8,10],  10004 ms
 7) [8,8],  6325 ms
 8) [10,6],  10004 ms
 9) [7,10],  3567 ms
10) [9,11],  9996 ms
11) [9,12],  9288 ms
12) [10,13],  9709 ms
13) [11,13],  5089 ms
14) [11,6],  5263 ms
15) [10,7],  8581 ms
16) [10,11],  10016 ms
17) [11,7],  4977 ms
18) [12,7],  4498 ms
19) [8,11],  10037 ms
20) [7,12],  5780 ms
21) [10,5],  10002 ms
22) [7,7],  10001 ms
23) [7,9],  5828 ms
24) [6,7],  6610 ms
25) [7,6],  3248 ms
26) [6,9],  4639 ms
27) [7,8],  3229 ms
28) [9,14],  7747 ms
29) [6,11],  3710 ms
30) [10,15],  10006 ms
31) [5,11],  10017 ms
32) [6,10],  25 ms
33) [7,11],  7485 ms
34) [4,11],  23 ms
35) [11,12],  7114 ms
36) [10,16],  310 ms
37) [10,12],  9997 ms
38) [12,12],  261 ms
39) [10,17],  10005 ms
40) [11,16],  26 ms
41) [8,13],  23 ms
42) [12,16],  26 ms
43) [13,16],  9988 ms
44) [9,16],  26 ms
45) [8,16],  24 ms
46) [12,13],  27 ms
47) [11,14],  10001 ms
48) [11,15],  26 ms
49) [12,14],  25 ms
50) [9,15],  26 ms
51) [8,15],  25 ms
52) [9,13],  25 ms
53) [9,17],  25 ms
54) [10,14],  24 ms
55) [13,17],  25 ms
56) [8,12],  24 ms

pela 10.0 wins

pela 10.0:  3732 ms/turn
pela 10.0:  4953 ms/turn
