 0) [9,10],  25 ms
 1) [8,10],  25 ms
 2) [7,11],  24 ms
 3) [8,11],  24 ms
 4) [8,12],  25 ms
 5) [9,13],  25 ms
 6) [7,10],  5199 ms
 7) [7,8],  3912 ms
 8) [4,8],  10005 ms
 9) [6,10],  5976 ms
10) [8,8],  5363 ms
11) [7,13],  4146 ms
12) [10,13],  10029 ms
13) [8,14],  4925 ms
14) [10,12],  7006 ms
15) [11,12],  10006 ms
16) [9,15],  7381 ms
17) [10,10],  3176 ms
18) [9,8],  4292 ms
19) [10,7],  9997 ms
20) [7,7],  5091 ms
21) [9,9],  8679 ms
22) [11,7],  9997 ms
23) [6,8],  10016 ms
24) [5,7],  10010 ms
25) [5,5],  10027 ms
26) [10,6],  10033 ms
27) [9,7],  7101 ms
28) [4,7],  215 ms
29) [6,7],  9030 ms
30) [6,6],  111 ms
31) [7,5],  4105 ms
32) [4,9],  117 ms
33) [4,6],  7438 ms
34) [4,10],  28 ms
35) [4,11],  23 ms
36) [3,9],  23 ms
37) [2,10],  28 ms
38) [6,9],  23 ms
39) [5,9],  28 ms
40) [3,6],  24 ms
41) [5,8],  23 ms
42) [1,7],  25 ms
43) [2,8],  23 ms
44) [3,7],  23 ms
45) [2,7],  23 ms
46) [3,8],  26 ms
47) [3,10],  23 ms
48) [3,5],  24 ms

pela 10.0 wins

pela 10.0:  3404 ms/turn
pela 10.0:  4115 ms/turn
