 0) [11,10],  23 ms
 1) [10,11],  23 ms
 2) [11,9],  26 ms
 3) [11,8],  23 ms
 4) [12,10],  5060 ms
 5) [10,10],  23 ms
 6) [9,6],  9283 ms
 7) [9,7],  10011 ms
 8) [10,12],  4748 ms
 9) [11,11],  3014 ms
10) [8,8],  10004 ms
11) [8,7],  10000 ms
12) [7,7],  10001 ms
13) [6,6],  3325 ms
14) [9,10],  6142 ms
15) [13,11],  45 ms
16) [12,11],  5255 ms
17) [12,9],  4397 ms
18) [13,13],  10004 ms
19) [14,13],  7765 ms
20) [12,14],  5440 ms
21) [11,13],  5640 ms
22) [12,12],  10001 ms
23) [12,13],  25 ms
24) [13,14],  3234 ms
25) [14,14],  7345 ms
26) [14,11],  3787 ms
27) [13,12],  10034 ms
28) [9,12],  6493 ms
29) [8,12],  5603 ms
30) [6,8],  4199 ms
31) [9,11],  10039 ms
32) [6,14],  9627 ms
33) [5,9],  10004 ms
34) [7,11],  8239 ms
35) [5,8],  10035 ms
36) [5,7],  7490 ms
37) [7,9],  5306 ms
38) [4,9],  4985 ms
39) [11,15],  6974 ms
40) [11,14],  5193 ms
41) [10,14],  3590 ms
42) [9,13],  7635 ms
43) [10,13],  3848 ms
44) [6,11],  4308 ms
45) [6,10],  6548 ms
46) [7,12],  30 ms
47) [5,10],  7964 ms
48) [7,14],  26 ms
49) [7,13],  6944 ms
50) [8,14],  25 ms
51) [5,14],  5949 ms
52) [7,15],  25 ms
53) [6,16],  23 ms
54) [4,12],  27 ms
55) [3,11],  26 ms
56) [8,16],  25 ms
57) [5,13],  24 ms
58) [8,13],  28 ms
59) [8,15],  2909 ms
60) [10,15],  25 ms
61) [9,14],  26 ms
62) [6,15],  25 ms
63) [5,16],  24 ms
64) [6,13],  25 ms
65) [6,12],  26 ms
66) [8,11],  24 ms
67) [10,9],  26 ms
68) [10,18],  24 ms
69) [9,17],  25 ms
70) [7,16],  25 ms
71) [5,15],  25 ms
72) [5,17],  24 ms
73) [5,12],  25 ms

pela 10.0 wins

pela 10.0:  3990 ms/turn
pela 10.0:  3825 ms/turn
