 0) [10,9],  26 ms
 1) [9,9],  25 ms
 2) [8,8],  27 ms
 3) [9,8],  27 ms
 4) [9,10],  27 ms
 5) [8,11],  30 ms
 6) [10,8],  10020 ms
 7) [10,6],  9999 ms
 8) [13,6],  4075 ms
 9) [11,8],  8062 ms
10) [9,6],  4667 ms
11) [10,11],  3682 ms
12) [7,11],  8454 ms
13) [11,9],  6096 ms
14) [11,11],  5302 ms
15) [10,13],  3862 ms
16) [7,10],  9916 ms
17) [6,10],  3143 ms
18) [8,13],  5808 ms
19) [13,10],  10022 ms
20) [12,8],  8221 ms
21) [7,8],  3420 ms
22) [12,11],  9990 ms
23) [13,11],  6941 ms
24) [13,9],  8027 ms
25) [12,10],  8809 ms
26) [14,10],  8216 ms
27) [15,11],  2937 ms
28) [15,13],  10000 ms
29) [13,14],  5844 ms
30) [13,13],  9415 ms
31) [14,13],  10008 ms
32) [14,14],  3577 ms
33) [12,12],  8701 ms
34) [15,12],  9992 ms
35) [11,14],  4720 ms
36) [12,15],  10012 ms
37) [10,14],  36 ms
38) [10,12],  9996 ms
39) [9,14],  40 ms
40) [12,14],  23 ms
41) [8,15],  29 ms
42) [7,16],  3768 ms
43) [10,16],  28 ms
44) [10,15],  10003 ms
45) [8,14],  23 ms
46) [7,14],  24 ms
47) [9,15],  23 ms
48) [11,13],  24 ms
49) [7,13],  23 ms
50) [11,17],  24 ms
51) [6,12],  23 ms

pela 10.0 wins

pela 10.0:  3713 ms/turn
pela 10.0:  5755 ms/turn
