 0) [12,9],  25 ms
 1) [11,9],  26 ms
 2) [13,10],  25 ms
 3) [11,8],  25 ms
 4) [11,7],  4125 ms
 5) [13,9],  9818 ms
 6) [12,11],  4324 ms
 7) [11,12],  10033 ms
 8) [10,11],  7674 ms
 9) [9,12],  8760 ms
10) [11,11],  6670 ms
11) [13,11],  3851 ms
12) [10,12],  6242 ms
13) [12,10],  7634 ms
14) [14,12],  9704 ms
15) [9,11],  10036 ms
16) [10,10],  3589 ms
17) [10,9],  3379 ms
18) [9,10],  10030 ms
19) [10,14],  4576 ms
20) [14,13],  7001 ms
21) [12,12],  10019 ms
22) [11,13],  10015 ms
23) [10,8],  4973 ms
24) [9,7],  24 ms
25) [14,14],  5105 ms
26) [13,12],  590 ms
27) [15,14],  8556 ms
28) [13,13],  278 ms
29) [12,13],  8220 ms
30) [8,10],  256 ms
31) [7,10],  7426 ms
32) [12,14],  507 ms
33) [11,15],  7626 ms
34) [13,15],  47 ms
35) [14,16],  24 ms
36) [13,14],  43 ms
37) [13,16],  24 ms
38) [15,12],  29 ms
39) [16,11],  5138 ms
40) [15,11],  24 ms
41) [16,10],  24 ms
42) [16,13],  24 ms
43) [14,11],  25 ms
44) [16,12],  24 ms
45) [17,12],  24 ms
46) [17,13],  24 ms
47) [15,13],  25 ms
48) [18,14],  24 ms
49) [19,15],  25 ms
50) [14,10],  27 ms

pela 10.0 wins

pela 10.0:  4614 ms/turn
pela 10.0:  2744 ms/turn
