 0) [8,12],  24 ms
 1) [7,13],  23 ms
 2) [7,11],  23 ms
 3) [9,13],  23 ms
 4) [6,12],  41 ms
 5) [8,10],  23 ms
 6) [10,13],  4134 ms
 7) [5,12],  10008 ms
 8) [10,12],  8306 ms
 9) [9,12],  3291 ms
10) [9,10],  10030 ms
11) [10,11],  5406 ms
12) [7,14],  10016 ms
13) [4,13],  5613 ms
14) [3,14],  4633 ms
15) [3,13],  3739 ms
16) [5,13],  9996 ms
17) [3,15],  10010 ms
18) [3,12],  7312 ms
19) [4,11],  10004 ms
20) [4,12],  6988 ms
21) [6,14],  5584 ms
22) [8,15],  25 ms
23) [9,14],  3968 ms
24) [9,15],  10007 ms
25) [10,15],  10005 ms
26) [7,12],  10016 ms
27) [8,9],  3231 ms
28) [1,12],  7799 ms
29) [2,12],  10038 ms
30) [5,15],  4607 ms
31) [6,15],  5062 ms
32) [7,17],  10004 ms
33) [8,16],  6399 ms
34) [6,11],  10023 ms
35) [2,13],  2723 ms
36) [1,13],  3516 ms
37) [1,11],  8612 ms
38) [2,11],  5290 ms
39) [4,9],  3735 ms
40) [5,17],  7884 ms
41) [5,14],  3759 ms
42) [7,16],  7061 ms
43) [7,18],  8856 ms
44) [0,10],  5206 ms
45) [8,17],  5147 ms
46) [9,16],  1750 ms
47) [10,17],  7194 ms
48) [12,17],  2327 ms
49) [6,9],  6319 ms
50) [7,9],  1693 ms
51) [3,9],  10034 ms
52) [2,9],  1760 ms
53) [4,8],  6619 ms
54) [2,10],  3004 ms
55) [1,9],  8893 ms
56) [4,10],  1470 ms
57) [1,10],  4880 ms
58) [1,8],  3579 ms
59) [3,8],  9998 ms
60) [5,8],  1682 ms
61) [2,7],  6310 ms
62) [1,6],  2837 ms
63) [7,8],  4357 ms
64) [8,7],  1578 ms
65) [8,11],  9733 ms
66) [5,7],  1113 ms
67) [5,10],  9488 ms
68) [12,18],  1451 ms
69) [6,7],  10015 ms
70) [4,5],  1828 ms
71) [5,5],  7722 ms
72) [3,7],  1143 ms
73) [12,16],  7036 ms
74) [9,7],  471 ms
75) [10,7],  10005 ms
76) [12,9],  671 ms
77) [9,8],  10002 ms
78) [11,6],  656 ms
79) [11,16],  4968 ms
80) [10,18],  409 ms
81) [11,18],  4067 ms
82) [11,15],  593 ms
83) [9,19],  6759 ms
84) [4,6],  588 ms
85) [3,5],  4736 ms
86) [13,17],  544 ms
87) [14,17],  7137 ms
88) [15,16],  837 ms
89) [8,8],  3295 ms
90) [6,8],  423 ms
91) [15,15],  4670 ms
92) [12,8],  653 ms
93) [12,10],  3041 ms
94) [13,14],  181 ms
95) [14,15],  5630 ms
96) [14,14],  290 ms
97) [12,14],  5177 ms
98) [13,8],  201 ms
99) [11,8],  10004 ms
100) [10,8],  25 ms
101) [7,7],  7023 ms
102) [6,6],  306 ms
103) [10,5],  5669 ms
104) [11,9],  244 ms
105) [7,5],  10015 ms
106) [7,4],  198 ms
107) [14,6],  5658 ms
108) [13,9],  32 ms
109) [14,9],  7956 ms
110) [9,9],  32 ms
111) [10,9],  26 ms
112) [10,6],  33 ms
113) [11,7],  8419 ms
114) [9,6],  27 ms
115) [12,6],  3581 ms
116) [4,3],  27 ms
117) [4,4],  25 ms
118) [7,6],  25 ms
119) [8,6],  25 ms
120) [6,5],  25 ms
121) [5,4],  24 ms
122) [5,6],  25 ms
123) [3,6],  25 ms
124) [8,3],  25 ms
125) [9,2],  24 ms
126) [4,7],  26 ms

pela 10.0 wins

pela 10.0:  2776 ms/turn
pela 10.0:  5743 ms/turn
