 0) [8,9],  24 ms
 1) [9,8],  24 ms
 2) [9,10],  24 ms
 3) [7,8],  24 ms
 4) [10,10],  24 ms
 5) [7,9],  24 ms
 6) [10,8],  24 ms
 7) [7,10],  24 ms
 8) [7,7],  9127 ms
 9) [10,9],  10001 ms
10) [7,11],  10021 ms
11) [9,9],  4744 ms
12) [6,9],  5665 ms
13) [12,10],  5153 ms
14) [8,6],  9995 ms
15) [6,8],  10015 ms
16) [5,8],  6843 ms
17) [7,5],  6593 ms
18) [10,11],  6559 ms
19) [9,11],  8711 ms
20) [8,10],  7209 ms
21) [8,7],  10023 ms
22) [7,6],  4423 ms
23) [12,13],  10001 ms
24) [12,11],  5187 ms
25) [9,6],  4576 ms
26) [9,7],  6347 ms
27) [4,9],  4172 ms
28) [5,11],  9866 ms
29) [8,11],  4254 ms
30) [10,13],  4545 ms
31) [10,12],  9337 ms
32) [10,5],  10025 ms
33) [10,4],  7509 ms
34) [6,12],  9997 ms
35) [4,10],  7145 ms
36) [5,12],  319 ms
37) [5,10],  6790 ms
38) [7,12],  166 ms
39) [4,12],  5558 ms
40) [4,11],  29 ms
41) [6,11],  9994 ms
42) [7,14],  28 ms
43) [6,13],  24 ms
44) [9,12],  24 ms
45) [8,12],  24 ms
46) [8,13],  24 ms
47) [11,10],  23 ms
48) [6,15],  24 ms

pela 10.0 wins

pela 10.0:  4260 ms/turn
pela 10.0:  5197 ms/turn
