 0) [9,11],  25 ms
 1) [8,11],  24 ms
 2) [10,10],  25 ms
 3) [8,12],  25 ms
 4) [8,13],  4739 ms
 5) [10,11],  10006 ms
 6) [9,9],  4166 ms
 7) [8,8],  3204 ms
 8) [7,9],  7228 ms
 9) [6,8],  7964 ms
10) [8,9],  6356 ms
11) [10,9],  3682 ms
12) [7,8],  6076 ms
13) [9,10],  6831 ms
14) [11,8],  9996 ms
15) [6,9],  10017 ms
16) [7,10],  10015 ms
17) [7,11],  3062 ms
18) [6,10],  10001 ms
19) [7,7],  4514 ms
20) [11,11],  3218 ms
21) [11,10],  10004 ms
22) [10,12],  6865 ms
23) [8,10],  6730 ms
24) [12,10],  190 ms
25) [13,9],  5799 ms
26) [9,13],  97 ms
27) [8,14],  23 ms
28) [12,12],  90 ms
29) [13,13],  23 ms
30) [11,13],  109 ms
31) [12,13],  9513 ms
32) [7,13],  38 ms
33) [10,13],  24 ms
34) [9,15],  34 ms
35) [10,14],  3884 ms
36) [6,11],  30 ms
37) [5,12],  24 ms
38) [9,14],  23 ms
39) [9,12],  23 ms
40) [7,12],  24 ms
41) [10,15],  23 ms
42) [5,10],  25 ms

pela 10.0 wins

pela 10.0:  4066 ms/turn
pela 10.0:  3153 ms/turn
