 0) [9,12],  24 ms
 1) [8,12],  25 ms
 2) [10,13],  25 ms
 3) [8,11],  24 ms
 4) [8,13],  10001 ms
 5) [10,11],  25 ms
 6) [7,11],  4992 ms
 7) [9,14],  5520 ms
 8) [6,13],  3800 ms
 9) [7,13],  9962 ms
10) [10,10],  6188 ms
11) [6,14],  5921 ms
12) [5,15],  6647 ms
13) [9,10],  10016 ms
14) [8,9],  10003 ms
15) [11,14],  8735 ms
16) [10,14],  9312 ms
17) [10,15],  6932 ms
18) [9,15],  4509 ms
19) [11,13],  6041 ms
20) [12,13],  2992 ms
21) [8,16],  3609 ms
22) [5,13],  9862 ms
23) [5,14],  10022 ms
24) [7,14],  8789 ms
25) [5,12],  9998 ms
26) [6,15],  490 ms
27) [5,16],  24 ms
28) [6,12],  1388 ms
29) [4,14],  10037 ms
30) [9,9],  386 ms
31) [8,10],  25 ms
32) [11,11],  102 ms
33) [3,14],  3248 ms
34) [2,14],  24 ms
35) [8,8],  5631 ms
36) [12,12],  36 ms
37) [13,13],  25 ms
38) [12,11],  28 ms
39) [12,10],  4428 ms
40) [10,9],  33 ms
41) [11,9],  3494 ms
42) [7,9],  35 ms
43) [6,9],  28 ms
44) [9,8],  28 ms
45) [11,10],  25 ms
46) [7,10],  27 ms
47) [10,7],  25 ms
48) [7,8],  26 ms
49) [7,12],  25 ms
50) [7,7],  26 ms

pela 10.0 wins

pela 10.0:  4153 ms/turn
pela 10.0:  3068 ms/turn
