 0) [8,12],  27 ms
 1) [9,11],  26 ms
 2) [9,13],  26 ms
 3) [7,11],  27 ms
 4) [10,13],  26 ms
 5) [7,12],  26 ms
 6) [10,11],  26 ms
 7) [7,13],  27 ms
 8) [7,10],  10059 ms
 9) [10,12],  10019 ms
10) [7,14],  9719 ms
11) [9,12],  4404 ms
12) [6,12],  5668 ms
13) [12,13],  5075 ms
14) [8,9],  10011 ms
15) [6,11],  10025 ms
16) [5,11],  5630 ms
17) [7,8],  6177 ms
18) [10,14],  6908 ms
19) [9,14],  9124 ms
20) [8,13],  8213 ms
21) [8,10],  10055 ms
22) [7,9],  4447 ms
23) [12,16],  10022 ms
24) [12,14],  6316 ms
25) [9,9],  4753 ms
26) [9,10],  5558 ms
27) [4,12],  3951 ms
28) [5,14],  8416 ms
29) [8,14],  4076 ms
30) [10,16],  3073 ms
31) [10,15],  4587 ms
32) [10,8],  10006 ms
33) [10,7],  3997 ms
34) [6,15],  9993 ms
35) [4,13],  10001 ms
36) [5,15],  458 ms
37) [5,13],  8302 ms
38) [7,15],  233 ms
39) [4,15],  8650 ms
40) [4,14],  36 ms
41) [6,14],  5817 ms
42) [7,17],  31 ms
43) [6,16],  26 ms
44) [9,15],  27 ms
45) [8,15],  26 ms
46) [8,16],  27 ms
47) [11,13],  26 ms
48) [6,18],  27 ms

pela 10.0 wins

pela 10.0:  4967 ms/turn
pela 10.0:  4198 ms/turn
