 0) [8,8],  25 ms
 1) [7,7],  24 ms
 2) [9,7],  25 ms
 3) [7,9],  56 ms
 4) [8,6],  24 ms
 5) [10,8],  25 ms
 6) [7,8],  4378 ms
 7) [9,6],  10055 ms
 8) [11,7],  7515 ms
 9) [8,7],  5331 ms
10) [11,8],  9999 ms
11) [11,5],  7202 ms
12) [6,7],  3008 ms
13) [5,6],  8682 ms
14) [9,10],  4992 ms
15) [11,10],  6917 ms
16) [6,10],  10000 ms
17) [10,9],  3522 ms
18) [9,8],  6581 ms
19) [6,8],  9142 ms
20) [10,7],  5221 ms
21) [8,9],  4551 ms
22) [9,9],  24 ms
23) [9,11],  25 ms
24) [8,10],  28 ms
25) [7,10],  2896 ms
26) [4,6],  3593 ms
27) [10,11],  9565 ms
28) [8,11],  9319 ms
29) [12,11],  648 ms
30) [13,11],  3473 ms
31) [10,12],  30 ms
32) [10,10],  24 ms
33) [13,12],  29 ms
34) [14,13],  25 ms
35) [12,12],  27 ms
36) [11,12],  32 ms
37) [12,9],  24 ms
38) [13,8],  23 ms
39) [12,10],  23 ms
40) [12,13],  23 ms
41) [12,8],  23 ms

pela 10.0 wins

pela 10.0:  3253 ms/turn
pela 10.0:  3276 ms/turn
