 0) [12,8],  25 ms
 1) [11,9],  25 ms
 2) [12,7],  25 ms
 3) [12,6],  24 ms
 4) [13,8],  4220 ms
 5) [14,8],  25 ms
 6) [14,6],  6608 ms
 7) [15,10],  9982 ms
 8) [15,9],  10004 ms
 9) [11,6],  4217 ms
10) [11,5],  10002 ms
11) [13,7],  3887 ms
12) [14,4],  6568 ms
13) [14,5],  7885 ms
14) [16,4],  6191 ms
15) [17,4],  4194 ms
16) [18,6],  9996 ms
17) [16,8],  6183 ms
18) [17,8],  4740 ms
19) [15,3],  4005 ms
20) [10,6],  4573 ms
21) [9,5],  10016 ms
22) [15,2],  3623 ms
23) [9,7],  4874 ms
24) [10,8],  9318 ms
25) [11,8],  6842 ms
26) [11,10],  10007 ms
27) [12,9],  7438 ms
28) [9,6],  5651 ms
29) [13,9],  10007 ms
30) [10,9],  3412 ms
31) [10,7],  3172 ms
32) [15,7],  3686 ms
33) [9,8],  4256 ms
34) [8,9],  10021 ms
35) [13,3],  6485 ms
36) [13,4],  7344 ms
37) [12,4],  4161 ms
38) [8,10],  7990 ms
39) [14,11],  4292 ms
40) [13,10],  23 ms
41) [13,12],  4875 ms
42) [12,13],  10018 ms
43) [8,7],  3111 ms
44) [7,7],  7856 ms
45) [10,10],  5219 ms
46) [7,11],  82 ms
47) [9,9],  5926 ms
48) [8,12],  167 ms
49) [8,11],  8424 ms
50) [9,13],  79 ms
51) [10,14],  2434 ms
52) [5,9],  38 ms
53) [6,10],  25 ms
54) [6,8],  39 ms
55) [4,10],  6869 ms
56) [7,9],  29 ms
57) [5,7],  51 ms
58) [7,8],  25 ms
59) [7,10],  24 ms
60) [7,6],  24 ms
61) [7,5],  25 ms
62) [6,9],  24 ms
63) [4,9],  25 ms
64) [6,6],  24 ms
65) [8,6],  25 ms
66) [6,7],  24 ms
67) [6,5],  24 ms
68) [5,6],  30 ms
69) [9,10],  25 ms
70) [4,5],  24 ms

pela 10.0 wins

pela 10.0:  3972 ms/turn
pela 10.0:  3958 ms/turn
