 0) [11,8],  25 ms
 1) [11,7],  24 ms
 2) [10,7],  24 ms
 3) [10,8],  24 ms
 4) [12,6],  25 ms
 5) [11,6],  24 ms
 6) [12,5],  24 ms
 7) [12,7],  24 ms
 8) [10,3],  24 ms
 9) [11,4],  6716 ms
10) [12,3],  3674 ms
11) [11,3],  10001 ms
12) [11,5],  24 ms
13) [10,5],  6180 ms
14) [13,8],  8372 ms
15) [14,8],  5170 ms
16) [12,9],  6991 ms
17) [13,10],  8472 ms
18) [8,4],  4762 ms
19) [8,5],  10050 ms
20) [12,4],  3870 ms
21) [12,2],  25 ms
22) [9,3],  3730 ms
23) [10,4],  9985 ms
24) [13,1],  10006 ms
25) [13,3],  4705 ms
26) [8,6],  10027 ms
27) [6,6],  7579 ms
28) [9,4],  3231 ms
29) [14,7],  10033 ms
30) [14,6],  5802 ms
31) [12,10],  4415 ms
32) [15,7],  10042 ms
33) [14,10],  979 ms
34) [11,10],  9996 ms
35) [13,11],  466 ms
36) [11,9],  6125 ms
37) [14,11],  26 ms
38) [14,9],  25 ms
39) [15,9],  5989 ms
40) [13,9],  10049 ms
41) [10,9],  23 ms
42) [10,11],  7475 ms
43) [9,12],  24 ms
44) [16,8],  7102 ms
45) [13,5],  25 ms
46) [15,10],  9852 ms
47) [14,12],  3972 ms
48) [16,11],  8388 ms
49) [17,12],  24 ms
50) [17,9],  525 ms
51) [18,10],  25 ms
52) [15,13],  2980 ms
53) [15,12],  57 ms
54) [16,12],  6602 ms
55) [14,14],  29 ms
56) [14,13],  57 ms
57) [16,13],  27 ms
58) [17,14],  26 ms
59) [12,12],  27 ms
60) [11,13],  24 ms
61) [16,10],  27 ms
62) [13,7],  3735 ms
63) [18,12],  25 ms
64) [17,11],  25 ms
65) [12,8],  4408 ms
66) [11,12],  2064 ms
67) [11,11],  25 ms
68) [13,13],  4145 ms
69) [12,13],  24 ms
70) [12,11],  1729 ms
71) [6,4],  6921 ms
72) [6,5],  1911 ms
73) [5,5],  3931 ms
74) [15,14],  2995 ms
75) [13,12],  24 ms
76) [7,7],  3408 ms
77) [9,5],  5406 ms
78) [4,6],  2861 ms
79) [9,13],  10000 ms
80) [11,14],  2077 ms
81) [8,12],  10001 ms
82) [11,15],  1434 ms
83) [11,16],  25 ms
84) [9,14],  813 ms
85) [8,15],  3804 ms
86) [8,14],  1848 ms
87) [10,14],  7232 ms
88) [7,11],  977 ms
89) [8,3],  7774 ms
90) [4,7],  445 ms
91) [7,8],  8584 ms
92) [3,8],  540 ms
93) [5,6],  9995 ms
94) [4,8],  135 ms
95) [4,9],  3831 ms
96) [4,5],  43 ms
97) [4,4],  25 ms
98) [5,8],  58 ms
99) [6,8],  5163 ms
100) [1,8],  25 ms
101) [2,8],  26 ms
102) [5,4],  1273 ms
103) [8,7],  25 ms
104) [9,6],  24 ms
105) [8,8],  26 ms
106) [9,8],  26 ms
107) [9,9],  24 ms
108) [10,10],  25 ms
109) [9,10],  24 ms
110) [9,11],  24 ms
111) [8,9],  24 ms
112) [6,7],  24 ms
113) [8,11],  25 ms
114) [8,10],  28 ms
115) [7,12],  24 ms
116) [6,13],  25 ms
117) [6,12],  24 ms
118) [10,12],  24 ms
119) [5,12],  24 ms

pela 10.0 wins

pela 10.0:  2877 ms/turn
pela 10.0:  3043 ms/turn
