 0) [10,9],  22 ms
 1) [11,9],  25 ms
 2) [11,10],  23 ms
 3) [10,10],  23 ms
 4) [12,8],  23 ms
 5) [11,8],  23 ms
 6) [12,7],  23 ms
 7) [12,9],  22 ms
 8) [10,5],  57 ms
 9) [11,6],  9991 ms
10) [11,5],  5838 ms
11) [9,5],  7837 ms
12) [10,7],  10002 ms
13) [9,7],  3196 ms
14) [8,6],  4286 ms
15) [10,6],  6643 ms
16) [12,5],  3064 ms
17) [12,6],  6258 ms
18) [13,6],  10023 ms
19) [14,7],  10000 ms
20) [11,4],  8866 ms
21) [12,3],  8055 ms
22) [13,5],  9988 ms
23) [14,5],  22 ms
24) [11,3],  9805 ms
25) [8,4],  6585 ms
26) [7,3],  3788 ms
27) [10,2],  4882 ms
28) [11,2],  7655 ms
29) [11,1],  44 ms
30) [9,3],  10008 ms
31) [10,3],  8227 ms
32) [14,6],  10002 ms
33) [15,7],  10000 ms
34) [13,4],  4833 ms
35) [13,7],  9996 ms
36) [15,9],  4448 ms
37) [8,8],  10006 ms
38) [7,9],  6273 ms
39) [9,9],  10009 ms
40) [7,7],  8923 ms
41) [9,8],  3214 ms
42) [9,6],  23 ms
43) [7,8],  7313 ms
44) [10,8],  23 ms
45) [6,3],  3780 ms
46) [9,10],  3453 ms
47) [5,6],  2866 ms
48) [4,5],  8359 ms
49) [10,4],  6655 ms
50) [10,1],  7159 ms
51) [6,4],  5094 ms
52) [7,4],  3228 ms
53) [7,1],  8704 ms
54) [5,8],  3310 ms
55) [7,6],  3260 ms
56) [6,2],  3513 ms
57) [5,9],  8022 ms
58) [4,6],  2913 ms
59) [3,5],  7144 ms
60) [12,12],  4273 ms
61) [13,12],  3170 ms
62) [3,7],  2833 ms
63) [4,7],  9997 ms
64) [3,10],  2110 ms
65) [2,8],  4440 ms
66) [2,9],  2045 ms
67) [4,11],  5694 ms
68) [5,10],  2696 ms
69) [4,9],  7515 ms
70) [4,8],  723 ms
71) [2,10],  3775 ms
72) [15,10],  1796 ms
73) [14,10],  10006 ms
74) [17,5],  835 ms
75) [4,10],  10009 ms
76) [3,11],  1845 ms
77) [15,12],  8097 ms
78) [13,10],  1522 ms
79) [14,13],  6930 ms
80) [16,11],  782 ms
81) [14,9],  9997 ms
82) [14,12],  481 ms
83) [6,5],  4365 ms
84) [5,4],  1170 ms
85) [16,13],  10032 ms
86) [15,14],  663 ms
87) [6,7],  10009 ms
88) [6,6],  25 ms
89) [16,14],  10011 ms
90) [17,13],  541 ms
91) [13,14],  9996 ms
92) [13,15],  852 ms
93) [12,13],  10027 ms
94) [3,9],  204 ms
95) [3,8],  25 ms
96) [11,14],  302 ms
97) [12,15],  10009 ms
98) [11,16],  26 ms
99) [5,7],  10022 ms
100) [16,10],  287 ms
101) [17,11],  9725 ms
102) [14,11],  384 ms
103) [12,14],  4021 ms
104) [9,14],  191 ms
105) [10,16],  3282 ms
106) [7,12],  210 ms
107) [8,5],  9316 ms
108) [9,4],  26 ms
109) [13,13],  5301 ms
110) [15,13],  26 ms
111) [8,13],  9999 ms
112) [11,15],  453 ms
113) [11,17],  10000 ms
114) [11,13],  391 ms
115) [11,12],  25 ms
116) [14,15],  335 ms
117) [8,11],  3738 ms
118) [12,18],  283 ms
119) [3,13],  10031 ms
120) [4,13],  115 ms
121) [10,14],  4497 ms
122) [12,17],  232 ms
123) [13,18],  4274 ms
124) [8,12],  144 ms
125) [9,12],  9669 ms
126) [7,13],  179 ms
127) [7,10],  10000 ms
128) [10,13],  104 ms
129) [5,15],  6892 ms
130) [7,15],  109 ms
131) [7,14],  8044 ms
132) [6,15],  68 ms
133) [15,6],  5653 ms
134) [16,7],  65 ms
135) [4,14],  7533 ms
136) [2,12],  94 ms
137) [8,15],  3898 ms
138) [5,12],  113 ms
139) [3,12],  9626 ms
140) [7,16],  98 ms
141) [5,14],  10016 ms
142) [6,14],  34 ms
143) [6,16],  9577 ms
144) [7,17],  27 ms
145) [5,13],  3156 ms
146) [15,4],  29 ms
147) [16,4],  9998 ms
148) [4,2],  44 ms
149) [2,14],  10011 ms
150) [3,15],  37 ms
151) [1,14],  10000 ms
152) [3,14],  26 ms
153) [2,15],  10005 ms
154) [2,16],  31 ms
155) [4,4],  10000 ms
156) [5,17],  31 ms
157) [7,19],  9954 ms
158) [5,2],  28 ms
159) [7,2],  4441 ms
160) [2,13],  28 ms
161) [3,2],  2588 ms
162) [16,5],  29 ms
163) [14,3],  2391 ms
164) [17,6],  29 ms
165) [16,9],  7185 ms
166) [18,5],  28 ms
167) [15,5],  6161 ms
168) [18,7],  29 ms
169) [19,8],  25 ms
170) [17,4],  27 ms
171) [17,3],  5275 ms
172) [15,15],  28 ms
173) [1,15],  1649 ms
174) [4,12],  27 ms
175) [6,12],  25 ms
176) [3,16],  28 ms
177) [16,16],  4292 ms
178) [16,15],  26 ms
179) [17,15],  26 ms
180) [3,4],  28 ms
181) [15,16],  3653 ms
182) [14,16],  28 ms
183) [17,8],  3148 ms
184) [2,6],  28 ms
185) [1,5],  1012 ms
186) [18,2],  29 ms
187) [1,4],  2557 ms
188) [1,6],  28 ms
189) [18,4],  958 ms
190) [17,10],  28 ms
191) [19,10],  634 ms
192) [15,11],  29 ms
193) [19,16],  1165 ms
194) [17,16],  26 ms
195) [19,18],  1631 ms
196) [18,15],  28 ms
197) [6,17],  1547 ms
198) [18,14],  27 ms
199) [13,17],  732 ms
200) [9,16],  29 ms
201) [14,4],  1250 ms
202) [14,1],  28 ms
203) [2,5],  1051 ms
204) [13,3],  28 ms
205) [13,2],  25 ms
206) [15,1],  28 ms
207) [14,2],  919 ms
208) [2,3],  27 ms
209) [1,2],  769 ms
210) [1,3],  33 ms
211) [18,8],  702 ms
212) [19,9],  28 ms
213) [0,6],  550 ms
214) [3,6],  27 ms
215) [18,13],  482 ms
216) [9,2],  28 ms
217) [14,18],  432 ms
218) [15,17],  27 ms
219) [16,18],  347 ms
220) [17,18],  27 ms
221) [5,1],  333 ms
222) [8,1],  27 ms
223) [3,17],  265 ms
224) [1,13],  26 ms
225) [4,16],  244 ms
226) [2,18],  27 ms
227) [16,3],  192 ms
228) [15,3],  27 ms
229) [9,17],  145 ms
230) [8,17],  25 ms
231) [10,15],  163 ms
232) [10,17],  25 ms
233) [10,19],  115 ms
234) [16,8],  25 ms
235) [7,11],  103 ms
236) [8,10],  24 ms
237) [15,0],  38 ms
238) [6,11],  25 ms
239) [15,8],  98 ms
240) [17,7],  24 ms
241) [9,11],  53 ms
242) [11,11],  25 ms
243) [19,15],  54 ms
244) [19,17],  24 ms
245) [13,16],  38 ms
246) [11,0],  25 ms
247) [8,3],  24 ms
248) [18,17],  24 ms
249) [16,17],  37 ms
250) [16,1],  24 ms
251) [17,1],  24 ms
252) [12,11],  24 ms
253) [13,11],  27 ms
254) [18,16],  25 ms
255) [18,18],  24 ms
256) [13,1],  71 ms
257) [12,1],  24 ms
258) [18,6],  24 ms
259) [19,5],  23 ms
260) [1,8],  25 ms
261) [2,7],  23 ms
262) [4,15],  25 ms
263) [1,12],  23 ms
264) [1,18],  25 ms
265) [4,3],  24 ms
266) [9,0],  25 ms
267) [9,1],  23 ms
268) [7,5],  25 ms
269) [2,17],  25 ms
270) [16,2],  27 ms
271) [9,19],  24 ms
272) [8,19],  23 ms
273) [10,0],  25 ms
274) [10,12],  24 ms
275) [8,14],  45 ms
276) [19,2],  24 ms
277) [17,2],  25 ms
278) [1,10],  24 ms
279) [1,9],  24 ms
280) [14,14],  24 ms
281) [16,12],  25 ms
282) [19,12],  24 ms
283) [4,18],  24 ms
284) [13,9],  24 ms
285) [12,10],  24 ms
286) [3,1],  23 ms
287) [4,0],  25 ms
288) [1,17],  23 ms
289) [16,19],  24 ms
290) [15,18],  24 ms
291) [12,0],  24 ms
292) [12,2],  25 ms
293) [19,4],  24 ms
294) [19,7],  24 ms
295) [16,0],  24 ms
296) [14,0],  24 ms
297) [18,0],  23 ms
298) [19,0],  24 ms
299) [13,19],  24 ms
300) [11,19],  25 ms
301) [15,19],  24 ms
302) [14,19],  24 ms
303) [19,19],  25 ms
304) [18,19],  24 ms
305) [0,8],  24 ms
306) [0,7],  24 ms
307) [0,14],  24 ms
308) [0,15],  24 ms
309) [3,0],  25 ms
310) [5,0],  26 ms
311) [6,0],  24 ms
312) [2,0],  25 ms
313) [2,4],  24 ms
314) [19,1],  25 ms
315) [8,0],  24 ms
316) [19,3],  24 ms
317) [17,0],  25 ms
318) [12,19],  25 ms
319) [1,11],  24 ms
320) [19,13],  24 ms
321) [1,0],  72 ms
322) [7,0],  24 ms
323) [19,11],  24 ms
324) [1,19],  24 ms
325) [2,19],  25 ms
326) [5,18],  24 ms
327) [0,11],  24 ms
328) [0,12],  41 ms
329) [0,9],  24 ms
330) [0,4],  25 ms
331) [0,3],  24 ms
332) [0,2],  25 ms
333) [0,18],  24 ms
334) [0,19],  24 ms
335) [0,16],  24 ms
336) [0,17],  23 ms
337) [0,1],  24 ms
338) [0,0],  24 ms
339) [6,19],  24 ms
340) [4,19],  23 ms
341) [3,19],  57 ms
342) [5,19],  51 ms
343) [9,15],  24 ms
344) [13,0],  24 ms
345) [19,6],  24 ms
346) [0,13],  23 ms
347) [0,10],  25 ms
348) [17,19],  23 ms
349) [0,5],  25 ms
350) [19,14],  23 ms
351) [2,2],  24 ms
352) [3,3],  23 ms
353) [18,11],  24 ms
354) [18,10],  25 ms
355) [6,10],  23 ms
356) [4,17],  25 ms
357) [7,18],  23 ms
358) [1,1],  24 ms
359) [17,12],  24 ms
360) [18,9],  24 ms
361) [14,8],  24 ms
362) [6,8],  24 ms
363) [17,9],  31 ms
364) [16,6],  26 ms
365) [11,7],  25 ms
366) [15,2],  25 ms
367) [3,18],  25 ms
368) [5,16],  26 ms
369) [12,16],  25 ms
370) [1,16],  78 ms
371) [18,12],  26 ms
372) [18,3],  56 ms
373) [14,17],  26 ms
374) [8,2],  25 ms

It's a draw!

pela 10.0:  972 ms/turn
pela 10.0:  3216 ms/turn
