 0) [10,8],  25 ms
 1) [11,9],  25 ms
 2) [11,7],  25 ms
 3) [9,9],  24 ms
 4) [12,7],  23 ms
 5) [9,8],  24 ms
 6) [12,9],  23 ms
 7) [9,7],  24 ms
 8) [9,10],  9991 ms
 9) [12,8],  10000 ms
10) [9,6],  6392 ms
11) [11,8],  3266 ms
12) [8,8],  4123 ms
13) [14,7],  3421 ms
14) [10,11],  10006 ms
15) [8,9],  2808 ms
16) [7,9],  6026 ms
17) [9,12],  6177 ms
18) [12,6],  7140 ms
19) [11,6],  9345 ms
20) [10,7],  5437 ms
21) [10,10],  3443 ms
22) [9,11],  9571 ms
23) [14,4],  2906 ms
24) [14,6],  4787 ms
25) [11,11],  6624 ms
26) [11,10],  7166 ms
27) [6,8],  4670 ms
28) [12,4],  10000 ms
29) [12,3],  10017 ms
30) [11,5],  5706 ms
31) [10,6],  9094 ms
32) [13,4],  5256 ms
33) [10,4],  4793 ms
34) [12,13],  4798 ms
35) [13,14],  6448 ms
36) [9,5],  3843 ms
37) [7,10],  8234 ms
38) [6,11],  3672 ms
39) [13,3],  10008 ms
40) [12,12],  3249 ms
41) [12,11],  10002 ms
42) [13,12],  10001 ms
43) [8,11],  5281 ms
44) [10,13],  10000 ms
45) [6,9],  5325 ms
46) [5,8],  23 ms
47) [11,13],  2904 ms
48) [14,11],  206 ms
49) [15,10],  7879 ms
50) [14,12],  120 ms
51) [11,12],  6757 ms
52) [14,13],  35 ms
53) [14,10],  2808 ms
54) [11,14],  35 ms
55) [10,15],  29 ms
56) [16,12],  33 ms
57) [15,12],  29 ms
58) [14,14],  32 ms
59) [14,15],  29 ms
60) [15,13],  30 ms
61) [17,11],  5359 ms
62) [16,13],  25 ms
63) [13,13],  24 ms
64) [16,14],  25 ms
65) [16,15],  23 ms
66) [13,11],  24 ms
67) [17,15],  24 ms
68) [12,10],  23 ms

pela 10.0 wins

pela 10.0:  4347 ms/turn
pela 10.0:  3653 ms/turn
