 0) [11,8],  23 ms
 1) [10,9],  23 ms
 2) [11,7],  23 ms
 3) [11,6],  23 ms
 4) [12,8],  3330 ms
 5) [13,8],  23 ms
 6) [13,6],  5853 ms
 7) [14,10],  10007 ms
 8) [14,9],  10000 ms
 9) [10,6],  6113 ms
10) [10,5],  10045 ms
11) [12,7],  4433 ms
12) [13,4],  6762 ms
13) [13,5],  8498 ms
14) [15,4],  7245 ms
15) [16,4],  4906 ms
16) [17,6],  3134 ms
17) [18,7],  10004 ms
18) [16,5],  9996 ms
19) [15,6],  4330 ms
20) [14,3],  816 ms
21) [13,2],  25 ms
22) [15,2],  221 ms
23) [16,1],  4499 ms
24) [16,3],  31 ms
25) [15,3],  5981 ms
26) [14,1],  27 ms
27) [17,4],  6238 ms
28) [14,5],  25 ms
29) [17,2],  26 ms
30) [14,4],  48 ms
31) [14,2],  25 ms
32) [14,7],  25 ms
33) [14,6],  25 ms
34) [11,4],  25 ms
35) [12,4],  25 ms
36) [15,8],  24 ms
37) [12,5],  23 ms
38) [16,7],  24 ms
39) [18,5],  24 ms
40) [13,10],  23 ms

pela 10.0 wins

pela 10.0:  3262 ms/turn
pela 10.0:  2747 ms/turn
