 0) [9,11],  26 ms
 1) [10,12],  25 ms
 2) [8,12],  25 ms
 3) [10,10],  25 ms
 4) [8,13],  25 ms
 5) [9,10],  25 ms
 6) [10,13],  24 ms
 7) [8,10],  26 ms
 8) [7,10],  10015 ms
 9) [8,11],  10021 ms
10) [9,13],  409 ms
11) [7,13],  9997 ms
12) [11,13],  88 ms
13) [12,13],  25 ms
14) [10,14],  34 ms
15) [11,15],  3900 ms
16) [9,15],  28 ms
17) [11,10],  3376 ms
18) [12,10],  24 ms
19) [8,16],  4127 ms
20) [9,14],  29 ms
21) [9,12],  27 ms
22) [11,14],  48 ms
23) [8,14],  9455 ms
24) [7,12],  45 ms
25) [6,11],  5266 ms
26) [9,16],  27 ms
27) [9,17],  25 ms
28) [8,15],  28 ms
29) [7,16],  74 ms
30) [10,15],  25 ms
31) [11,16],  26 ms
32) [10,17],  24 ms
33) [10,16],  25 ms
34) [7,14],  24 ms
35) [11,18],  25 ms
36) [6,13],  25 ms

pela 10.0 wins

pela 10.0:  577 ms/turn
pela 10.0:  2581 ms/turn
