 0) [8,10],  24 ms
 1) [9,9],  23 ms
 2) [7,9],  24 ms
 3) [9,11],  25 ms
 4) [7,8],  24 ms
 5) [8,11],  25 ms
 6) [9,8],  24 ms
 7) [7,11],  24 ms
 8) [6,11],  7028 ms
 9) [7,10],  7205 ms
10) [8,8],  244 ms
11) [6,8],  10003 ms
12) [10,8],  76 ms
13) [11,8],  26 ms
14) [9,7],  88 ms
15) [10,6],  3691 ms
16) [8,6],  49 ms
17) [10,11],  2860 ms
18) [11,11],  25 ms
19) [7,5],  9988 ms
20) [8,7],  33 ms
21) [8,9],  25 ms
22) [6,10],  28 ms
23) [5,11],  31 ms
24) [6,9],  37 ms
25) [9,6],  10026 ms
26) [8,5],  27 ms
27) [8,4],  25 ms
28) [5,10],  36 ms
29) [4,11],  24 ms
30) [7,6],  29 ms
31) [10,9],  4098 ms
32) [5,4],  52 ms
33) [6,5],  25 ms
34) [11,9],  31 ms
35) [12,10],  25 ms
36) [9,10],  10010 ms
37) [6,7],  4536 ms
38) [6,6],  3472 ms
39) [5,6],  4331 ms
40) [7,13],  4298 ms
41) [6,13],  10003 ms
42) [4,7],  10017 ms
43) [12,7],  4940 ms
44) [12,8],  10001 ms
45) [13,6],  27 ms
46) [14,5],  26 ms
47) [11,6],  28 ms
48) [12,6],  25 ms
49) [13,8],  27 ms
50) [10,5],  8099 ms
51) [11,10],  28 ms
52) [12,9],  7372 ms
53) [14,10],  29 ms
54) [15,10],  3727 ms
55) [10,10],  24 ms
56) [13,10],  23 ms
57) [10,13],  24 ms
58) [10,12],  24 ms
59) [9,12],  23 ms
60) [11,14],  24 ms
61) [7,14],  22 ms
62) [8,13],  25 ms
63) [5,12],  23 ms
64) [8,15],  24 ms
65) [3,10],  24 ms

pela 10.0 wins

pela 10.0:  1971 ms/turn
pela 10.0:  2189 ms/turn
