 0) [12,11],  24 ms
 1) [13,11],  25 ms
 2) [14,12],  24 ms
 3) [13,12],  25 ms
 4) [13,13],  25 ms
 5) [12,14],  25 ms
 6) [14,11],  5502 ms
 7) [14,9],  9997 ms
 8) [16,10],  10000 ms
 9) [14,14],  4619 ms
10) [13,9],  2964 ms
11) [15,11],  4410 ms
12) [11,14],  6931 ms
13) [13,15],  8492 ms
14) [11,13],  6320 ms
15) [10,13],  3358 ms
16) [12,16],  7762 ms
17) [11,11],  4393 ms
18) [13,8],  3338 ms
19) [13,7],  8175 ms
20) [11,7],  4138 ms
21) [12,9],  10047 ms
22) [12,6],  3577 ms
23) [10,6],  4963 ms
24) [11,5],  3409 ms
25) [10,8],  9863 ms
26) [10,10],  3492 ms
27) [8,6],  6843 ms
28) [9,6],  4483 ms
29) [11,4],  4221 ms
30) [11,6],  9995 ms
31) [11,8],  3587 ms
32) [9,8],  9997 ms
33) [9,7],  6534 ms
34) [11,9],  5892 ms
35) [12,5],  5821 ms
36) [10,3],  2955 ms
37) [8,7],  8865 ms
38) [8,5],  9999 ms
39) [9,4],  8922 ms
40) [7,5],  6658 ms
41) [9,5],  5761 ms
42) [10,4],  4694 ms
43) [9,3],  4747 ms
44) [9,2],  6708 ms
45) [10,1],  7092 ms
46) [6,6],  2505 ms
47) [7,7],  10020 ms
48) [6,7],  8361 ms
49) [6,8],  10036 ms
50) [5,9],  23 ms
51) [5,6],  5489 ms
52) [4,9],  496 ms
53) [5,7],  10005 ms
54) [3,10],  37 ms
55) [5,8],  6494 ms
56) [3,9],  37 ms
57) [2,9],  9995 ms
58) [3,8],  25 ms
59) [3,11],  9259 ms
60) [3,6],  26 ms
61) [3,7],  23 ms
62) [2,7],  26 ms
63) [1,6],  10018 ms
64) [6,11],  25 ms
65) [5,10],  23 ms
66) [6,3],  27 ms
67) [7,4],  7252 ms
68) [6,9],  23 ms
69) [7,9],  23 ms
70) [6,5],  24 ms
71) [6,4],  23 ms
72) [4,5],  24 ms
73) [5,4],  23 ms
74) [5,5],  24 ms

pela 10.0 wins

pela 10.0:  3436 ms/turn
pela 10.0:  5661 ms/turn
