 0) [8,8],  29 ms
 1) [7,7],  27 ms
 2) [8,9],  25 ms
 3) [8,10],  26 ms
 4) [9,8],  9993 ms
 5) [7,8],  29 ms
 6) [7,11],  5495 ms
 7) [6,11],  8557 ms
 8) [7,6],  10008 ms
 9) [8,7],  7329 ms
10) [5,10],  6353 ms
11) [5,12],  5121 ms
12) [4,13],  10013 ms
13) [6,13],  5156 ms
14) [7,14],  5319 ms
15) [8,13],  10005 ms
16) [6,12],  8860 ms
17) [7,13],  7488 ms
18) [9,13],  5134 ms
19) [11,6],  2846 ms
20) [4,14],  10004 ms
21) [4,12],  10008 ms
22) [10,14],  10001 ms
23) [8,12],  10030 ms
24) [8,11],  6245 ms
25) [5,13],  9997 ms
26) [6,14],  3014 ms
27) [5,14],  10002 ms
28) [5,15],  10000 ms
29) [9,14],  4827 ms
30) [11,13],  4663 ms
31) [12,12],  9996 ms
32) [10,15],  7627 ms
33) [10,13],  5561 ms
34) [10,5],  9587 ms
35) [7,17],  7239 ms
36) [11,12],  6298 ms
37) [11,11],  7055 ms
38) [10,10],  4844 ms
39) [11,15],  9997 ms
40) [10,9],  2334 ms
41) [10,7],  9994 ms
42) [9,7],  56 ms
43) [9,9],  9452 ms
44) [11,8],  31 ms
45) [9,10],  6804 ms
46) [11,5],  30 ms
47) [10,6],  4176 ms
48) [12,8],  27 ms
49) [10,8],  26 ms
50) [12,6],  25 ms
51) [13,7],  26 ms
52) [12,5],  26 ms
53) [9,5],  25 ms
54) [12,7],  25 ms
55) [12,9],  25 ms
56) [12,4],  25 ms

pela 10.0 wins

pela 10.0:  4692 ms/turn
pela 10.0:  5779 ms/turn
