 0) [11,10],  23 ms
 1) [12,10],  24 ms
 2) [10,11],  24 ms
 3) [12,9],  23 ms
 4) [12,8],  3898 ms
 5) [10,10],  10042 ms
 6) [11,12],  4453 ms
 7) [12,13],  3755 ms
 8) [13,12],  6348 ms
 9) [14,13],  9749 ms
10) [12,12],  6047 ms
11) [10,12],  10002 ms
12) [13,13],  6734 ms
13) [11,11],  5373 ms
14) [9,13],  10080 ms
15) [14,12],  3321 ms
16) [13,11],  3122 ms
17) [13,10],  10014 ms
18) [14,11],  10029 ms
19) [13,14],  4047 ms
20) [9,10],  4015 ms
21) [9,11],  10025 ms
22) [10,9],  9442 ms
23) [12,11],  5935 ms
24) [8,11],  216 ms
25) [7,12],  6380 ms
26) [11,8],  96 ms
27) [12,7],  24 ms
28) [8,9],  44 ms
29) [7,8],  24 ms
30) [9,8],  37 ms
31) [8,8],  6206 ms
32) [13,8],  38 ms
33) [10,8],  24 ms
34) [11,6],  36 ms
35) [10,7],  5291 ms
36) [14,10],  33 ms
37) [15,9],  23 ms
38) [11,7],  24 ms
39) [11,9],  23 ms
40) [13,9],  24 ms
41) [15,11],  23 ms
42) [10,6],  23 ms

pela 10.0 wins

pela 10.0:  4301 ms/turn
pela 10.0:  2944 ms/turn
