 0) [12,12],  23 ms
 1) [13,13],  23 ms
 2) [12,11],  24 ms
 3) [12,10],  23 ms
 4) [11,12],  9075 ms
 5) [10,12],  23 ms
 6) [10,10],  5660 ms
 7) [13,10],  3162 ms
 8) [13,9],  7341 ms
 9) [10,9],  4814 ms
10) [11,11],  6424 ms
11) [11,13],  2841 ms
12) [13,15],  4890 ms
13) [9,9],  6803 ms
14) [9,11],  7842 ms
15) [10,11],  8283 ms
16) [8,9],  4964 ms
17) [12,9],  10008 ms
18) [14,11],  4010 ms
19) [15,11],  3784 ms
20) [14,12],  10003 ms
21) [13,12],  10022 ms
22) [12,13],  3935 ms
23) [12,15],  5910 ms
24) [13,14],  4776 ms
25) [14,15],  10000 ms
26) [14,10],  10032 ms
27) [14,13],  5292 ms
28) [9,12],  3051 ms
29) [8,12],  5800 ms
30) [7,10],  10005 ms
31) [10,13],  9994 ms
32) [7,8],  4908 ms
33) [10,14],  4782 ms
34) [10,15],  23 ms
35) [8,11],  9234 ms
36) [8,14],  10007 ms
37) [7,9],  10001 ms
38) [7,13],  7854 ms
39) [9,15],  6633 ms
40) [14,14],  9999 ms
41) [15,13],  7401 ms
42) [15,14],  4133 ms
43) [16,14],  7872 ms
44) [7,14],  6054 ms
45) [7,11],  3715 ms
46) [9,13],  4426 ms
47) [8,10],  6228 ms
48) [10,8],  5368 ms
49) [11,8],  3136 ms
50) [9,10],  7266 ms
51) [9,14],  25 ms
52) [5,12],  589 ms
53) [16,13],  4874 ms
54) [17,13],  25 ms
55) [6,11],  3533 ms
56) [11,14],  27 ms
57) [12,14],  25 ms
58) [9,16],  28 ms
59) [8,17],  24 ms
60) [6,13],  1840 ms
61) [8,15],  25 ms
62) [5,13],  25 ms
63) [8,13],  25 ms
64) [7,16],  6365 ms
65) [7,15],  30 ms
66) [4,13],  27 ms
67) [3,13],  26 ms
68) [5,10],  32 ms
69) [5,14],  25 ms
70) [4,11],  25 ms
71) [3,10],  25 ms
72) [6,9],  25 ms
73) [8,7],  25 ms
74) [3,12],  25 ms

pela 10.0 wins

pela 10.0:  4174 ms/turn
pela 10.0:  4240 ms/turn
