 0) [8,12],  23 ms
 1) [8,11],  24 ms
 2) [7,10],  23 ms
 3) [7,11],  23 ms
 4) [9,11],  39 ms
 5) [9,10],  23 ms
 6) [7,12],  9993 ms
 7) [10,12],  7269 ms
 8) [5,12],  4598 ms
 9) [6,12],  10010 ms
10) [5,13],  5843 ms
11) [5,11],  3980 ms
12) [7,13],  2167 ms
13) [6,14],  4042 ms
14) [6,13],  411 ms
15) [4,13],  6548 ms
16) [8,13],  2165 ms
17) [9,13],  25 ms
18) [7,14],  684 ms
19) [8,15],  6789 ms
20) [5,16],  56 ms
21) [6,15],  4216 ms
22) [7,15],  29 ms
23) [7,16],  26 ms
24) [5,14],  26 ms
25) [5,15],  25 ms
26) [10,13],  5530 ms
27) [3,16],  5049 ms
28) [5,18],  9571 ms
29) [3,13],  10030 ms
30) [4,11],  9982 ms
31) [3,10],  24 ms
32) [10,10],  4320 ms
33) [11,9],  25 ms
34) [3,14],  4345 ms
35) [2,14],  30 ms
36) [4,12],  4567 ms
37) [2,12],  28 ms
38) [4,14],  30 ms
39) [2,13],  26 ms
40) [2,15],  26 ms
41) [1,13],  26 ms
42) [0,13],  26 ms
43) [2,10],  28 ms
44) [2,11],  28 ms
45) [4,10],  26 ms
46) [1,10],  25 ms
47) [3,11],  26 ms
48) [5,9],  25 ms
49) [0,14],  25 ms

pela 10.0 wins

pela 10.0:  2333 ms/turn
pela 10.0:  2581 ms/turn
