 0) [10,9],  23 ms
 1) [10,8],  24 ms
 2) [11,8],  24 ms
 3) [11,9],  66 ms
 4) [9,7],  25 ms
 5) [10,7],  25 ms
 6) [9,6],  25 ms
 7) [9,8],  25 ms
 8) [11,4],  27 ms
 9) [10,5],  10049 ms
10) [9,4],  4639 ms
11) [10,4],  6618 ms
12) [10,6],  25 ms
13) [11,6],  10006 ms
14) [8,9],  9124 ms
15) [7,9],  7749 ms
16) [10,3],  5894 ms
17) [9,3],  3656 ms
18) [12,6],  10000 ms
19) [13,6],  4918 ms
20) [9,10],  5277 ms
21) [8,11],  3838 ms
22) [13,4],  4484 ms
23) [8,5],  5950 ms
24) [6,8],  3824 ms
25) [10,11],  5810 ms
26) [7,11],  9962 ms
27) [11,5],  10037 ms
28) [9,5],  10000 ms
29) [9,2],  5005 ms
30) [8,2],  4231 ms
31) [8,4],  6080 ms
32) [5,9],  10025 ms
33) [8,6],  5565 ms
34) [8,7],  10055 ms
35) [6,10],  10008 ms
36) [7,8],  5698 ms
37) [5,8],  10005 ms
38) [6,7],  6864 ms
39) [5,6],  23 ms
40) [7,7],  10037 ms
41) [5,7],  22 ms
42) [5,5],  9962 ms
43) [6,6],  8676 ms
44) [7,5],  23 ms
45) [9,12],  6865 ms
46) [11,10],  8530 ms
47) [10,13],  9989 ms
48) [7,6],  2394 ms
49) [7,4],  23 ms
50) [11,14],  6970 ms
51) [10,12],  6871 ms
52) [10,10],  1723 ms
53) [12,10],  1065 ms
54) [8,10],  2384 ms
55) [7,10],  23 ms
56) [6,9],  24 ms
57) [5,10],  23 ms
58) [4,10],  5388 ms
59) [3,11],  24 ms
60) [13,11],  2916 ms
61) [11,12],  25 ms
62) [12,12],  4207 ms
63) [6,5],  24 ms
64) [8,3],  23 ms
65) [10,15],  24 ms
66) [10,14],  23 ms
67) [3,8],  24 ms
68) [4,7],  23 ms
69) [7,12],  23 ms
70) [8,12],  23 ms
71) [6,11],  24 ms
72) [4,9],  23 ms
73) [9,14],  24 ms
74) [8,13],  23 ms
75) [8,15],  24 ms
76) [12,11],  23 ms
77) [7,16],  24 ms

pela 10.0 wins

pela 10.0:  3972 ms/turn
pela 10.0:  3570 ms/turn
