 0) [8,10],  26 ms
 1) [9,11],  26 ms
 2) [7,11],  25 ms
 3) [9,9],  26 ms
 4) [8,12],  26 ms
 5) [6,10],  25 ms
 6) [9,8],  4184 ms
 7) [8,13],  9992 ms
 8) [8,9],  7262 ms
 9) [8,8],  10005 ms
10) [10,10],  4712 ms
11) [7,10],  10023 ms
12) [5,11],  5201 ms
13) [6,11],  4877 ms
14) [6,9],  7569 ms
15) [9,14],  7110 ms
16) [7,12],  7004 ms
17) [6,12],  10028 ms
18) [6,13],  4690 ms
19) [9,10],  7139 ms
20) [9,12],  10030 ms
21) [11,12],  9998 ms
22) [10,13],  10041 ms
23) [5,14],  4306 ms
24) [10,9],  7951 ms
25) [10,7],  4144 ms
26) [4,11],  9988 ms
27) [5,10],  6334 ms
28) [3,11],  5949 ms
29) [2,11],  6001 ms
30) [3,10],  8900 ms
31) [5,12],  5795 ms
32) [4,13],  26 ms
33) [4,12],  6956 ms
34) [2,12],  9704 ms
35) [3,12],  4404 ms
36) [4,10],  8029 ms
37) [5,9],  8664 ms
38) [4,8],  4879 ms
39) [4,7],  6173 ms
40) [5,7],  10034 ms
41) [3,9],  3507 ms
42) [10,14],  8068 ms
43) [9,13],  7781 ms
44) [6,8],  4108 ms
45) [4,6],  5613 ms
46) [10,15],  8103 ms
47) [10,16],  3662 ms
48) [12,12],  8356 ms
49) [11,10],  4237 ms
50) [11,14],  8626 ms
51) [12,15],  4741 ms
52) [8,14],  2802 ms
53) [3,8],  2582 ms
54) [2,9],  10007 ms
55) [9,16],  3703 ms
56) [9,15],  10001 ms
57) [11,13],  2134 ms
58) [11,11],  10007 ms
59) [3,6],  2859 ms
60) [1,13],  9996 ms
61) [0,14],  23 ms
62) [13,13],  6865 ms
63) [14,14],  23 ms
64) [10,11],  9535 ms
65) [10,12],  23 ms
66) [1,6],  10038 ms
67) [12,14],  25 ms
68) [13,15],  23 ms
69) [12,16],  24 ms
70) [12,17],  24 ms
71) [11,16],  23 ms
72) [13,16],  24 ms
73) [8,16],  23 ms

pela 10.0 wins

pela 10.0:  4405 ms/turn
pela 10.0:  6292 ms/turn
