 0) [9,9],  25 ms
 1) [9,10],  29 ms
 2) [8,8],  25 ms
 3) [10,10],  56 ms
 4) [8,10],  3855 ms
 5) [10,8],  24 ms
 6) [10,11],  8565 ms
 7) [7,9],  10014 ms
 8) [8,12],  5342 ms
 9) [8,11],  3363 ms
10) [10,9],  3709 ms
11) [6,9],  6897 ms
12) [5,9],  6635 ms
13) [12,9],  7595 ms
14) [12,10],  6674 ms
15) [7,11],  10005 ms
16) [7,10],  10018 ms
17) [7,12],  7573 ms
18) [6,13],  10019 ms
19) [4,10],  5784 ms
20) [13,11],  5989 ms
21) [12,11],  5914 ms
22) [14,10],  4906 ms
23) [13,10],  7474 ms
24) [15,11],  9995 ms
25) [15,12],  4479 ms
26) [14,11],  10008 ms
27) [14,9],  9147 ms
28) [15,8],  4329 ms
29) [10,13],  10010 ms
30) [11,12],  23 ms
31) [12,12],  5688 ms
32) [15,13],  26 ms
33) [14,12],  23 ms
34) [16,12],  24 ms
35) [17,13],  22 ms
36) [17,11],  23 ms
37) [16,11],  24 ms
38) [14,14],  22 ms
39) [18,10],  23 ms
40) [13,15],  23 ms

pela 10.0 wins

pela 10.0:  4707 ms/turn
pela 10.0:  4296 ms/turn
