 0) [11,11],  23 ms
 1) [10,12],  24 ms
 2) [12,12],  23 ms
 3) [10,10],  22 ms
 4) [12,13],  42 ms
 5) [11,10],  23 ms
 6) [10,13],  23 ms
 7) [12,10],  23 ms
 8) [9,10],  9685 ms
 9) [11,13],  10030 ms
10) [13,10],  9562 ms
11) [11,12],  4107 ms
12) [11,9],  4166 ms
13) [12,15],  3313 ms
14) [8,11],  9996 ms
15) [10,9],  10001 ms
16) [10,8],  6696 ms
17) [7,10],  5410 ms
18) [13,13],  7432 ms
19) [13,12],  7344 ms
20) [12,11],  6554 ms
21) [9,11],  2751 ms
22) [8,10],  5244 ms
23) [15,15],  10004 ms
24) [13,15],  4272 ms
25) [8,12],  6581 ms
26) [9,12],  4472 ms
27) [11,7],  6413 ms
28) [7,14],  7594 ms
29) [6,13],  10004 ms
30) [14,14],  9995 ms
31) [15,13],  10000 ms
32) [15,14],  3820 ms
33) [16,14],  3906 ms
34) [14,12],  7792 ms
35) [14,11],  5720 ms
36) [14,16],  9998 ms
37) [14,15],  2782 ms
38) [9,8],  10000 ms
39) [7,8],  3719 ms
40) [7,13],  6283 ms
41) [7,15],  9999 ms
42) [7,11],  5200 ms
43) [6,12],  4159 ms
44) [6,9],  4966 ms
45) [6,15],  8149 ms
46) [6,14],  2116 ms
47) [12,14],  8357 ms
48) [4,15],  3028 ms
49) [12,8],  4461 ms
50) [8,8],  2202 ms
51) [8,7],  6737 ms
52) [6,6],  4979 ms
53) [5,5],  10008 ms
54) [12,16],  1581 ms
55) [7,16],  9998 ms
56) [6,16],  4609 ms
57) [4,5],  10001 ms
58) [9,7],  2300 ms
59) [7,5],  9998 ms
60) [6,5],  1821 ms
61) [9,6],  10010 ms
62) [13,9],  2092 ms
63) [12,7],  10021 ms
64) [11,17],  949 ms
65) [10,18],  25 ms
66) [6,7],  891 ms
67) [6,8],  26 ms
68) [6,3],  1214 ms
69) [6,4],  25 ms
70) [12,9],  1195 ms
71) [10,5],  30 ms
72) [11,4],  26 ms
73) [7,3],  30 ms
74) [4,6],  985 ms
75) [9,4],  28 ms
76) [11,6],  27 ms
77) [7,4],  27 ms
78) [8,4],  25 ms
79) [7,2],  26 ms
80) [7,6],  43 ms
81) [7,1],  27 ms

pela 10.0 wins

pela 10.0:  3998 ms/turn
pela 10.0:  4983 ms/turn
