 0) [9,11],  26 ms
 1) [8,12],  26 ms
 2) [10,12],  25 ms
 3) [8,10],  25 ms
 4) [10,13],  25 ms
 5) [9,10],  25 ms
 6) [8,13],  25 ms
 7) [10,10],  24 ms
 8) [7,10],  10027 ms
 9) [9,13],  10001 ms
10) [11,10],  9470 ms
11) [9,12],  4497 ms
12) [9,9],  5482 ms
13) [10,15],  5546 ms
14) [6,11],  10004 ms
15) [8,9],  10001 ms
16) [8,8],  6135 ms
17) [5,10],  5447 ms
18) [11,13],  7517 ms
19) [11,12],  7333 ms
20) [10,11],  6085 ms
21) [7,11],  10000 ms
22) [6,10],  3960 ms
23) [13,15],  9996 ms
24) [11,15],  7049 ms
25) [6,12],  6710 ms
26) [7,12],  4851 ms
27) [9,7],  6521 ms
28) [5,14],  7004 ms
29) [4,13],  10004 ms
30) [12,14],  10008 ms
31) [13,13],  10001 ms
32) [13,14],  4993 ms
33) [14,14],  3840 ms
34) [12,12],  3049 ms
35) [12,11],  3069 ms
36) [12,16],  6423 ms
37) [12,15],  3168 ms
38) [7,8],  4125 ms
39) [5,8],  6755 ms
40) [5,13],  7369 ms
41) [5,15],  10024 ms
42) [5,11],  2931 ms
43) [4,12],  7126 ms
44) [4,9],  9040 ms
45) [15,15],  5427 ms
46) [16,15],  2698 ms
47) [15,13],  5077 ms
48) [15,16],  7405 ms
49) [17,14],  8354 ms
50) [17,13],  3331 ms
51) [15,12],  4340 ms
52) [13,11],  3301 ms
53) [10,14],  10004 ms
54) [15,14],  4223 ms
55) [16,17],  10028 ms
56) [17,17],  3049 ms
57) [14,10],  4697 ms
58) [16,12],  2048 ms
59) [16,16],  5247 ms
60) [14,9],  3512 ms
61) [13,10],  5777 ms
62) [16,9],  1658 ms
63) [17,16],  9913 ms
64) [18,15],  1947 ms
65) [15,9],  4121 ms
66) [15,10],  1116 ms
67) [16,11],  3540 ms
68) [16,13],  2871 ms
69) [11,8],  4475 ms
70) [10,7],  2483 ms
71) [3,14],  7805 ms
72) [2,15],  2088 ms
73) [12,8],  3051 ms
74) [14,11],  1808 ms
75) [17,8],  5764 ms
76) [14,8],  1576 ms
77) [12,13],  10006 ms
78) [9,16],  1311 ms
79) [13,16],  3617 ms
80) [15,18],  1165 ms
81) [4,16],  10001 ms
82) [4,15],  968 ms
83) [6,13],  4103 ms
84) [6,14],  851 ms
85) [9,17],  10000 ms
86) [18,9],  311 ms
87) [3,12],  2833 ms
88) [4,11],  40 ms
89) [2,12],  29 ms
90) [5,12],  24 ms
91) [3,13],  32 ms
92) [3,11],  412 ms
93) [2,11],  23 ms
94) [4,14],  422 ms
95) [3,15],  27 ms
96) [3,16],  24 ms
97) [1,10],  27 ms
98) [0,9],  23 ms
99) [2,13],  26 ms
100) [2,10],  24 ms
101) [1,13],  24 ms
102) [0,13],  23 ms
103) [1,12],  24 ms
104) [0,12],  23 ms
105) [1,11],  23 ms
106) [1,14],  24 ms
107) [1,9],  24 ms

pela 10.0 wins

pela 10.0:  3266 ms/turn
pela 10.0:  4973 ms/turn
