 0) [9,12],  23 ms
 1) [8,12],  24 ms
 2) [9,11],  24 ms
 3) [9,10],  23 ms
 4) [10,12],  10042 ms
 5) [11,13],  7380 ms
 6) [13,12],  3979 ms
 7) [12,12],  7213 ms
 8) [10,14],  5809 ms
 9) [10,13],  7779 ms
10) [13,13],  5495 ms
11) [13,14],  3529 ms
12) [12,14],  10000 ms
13) [14,12],  6777 ms
14) [11,12],  6624 ms
15) [7,12],  4794 ms
16) [7,13],  8469 ms
17) [6,10],  6166 ms
18) [8,11],  10006 ms
19) [9,15],  10046 ms
20) [5,10],  9716 ms
21) [10,11],  4359 ms
22) [5,11],  5486 ms
23) [6,11],  5535 ms
24) [6,12],  3057 ms
25) [4,10],  6955 ms
26) [5,13],  4176 ms
27) [5,12],  6645 ms
28) [7,10],  6251 ms
29) [14,11],  3148 ms
30) [14,10],  3469 ms
31) [14,13],  3448 ms
32) [15,12],  9986 ms
33) [10,15],  4335 ms
34) [14,15],  5148 ms
35) [13,11],  10002 ms
36) [8,13],  10000 ms
37) [6,13],  4890 ms
38) [4,11],  3651 ms
39) [6,9],  8045 ms
40) [11,11],  10009 ms
41) [5,9],  26 ms
42) [7,11],  26 ms
43) [6,8],  24 ms
44) [6,7],  25 ms
45) [3,11],  25 ms
46) [7,7],  25 ms
47) [2,12],  24 ms

pela 10.0 wins

pela 10.0:  4633 ms/turn
pela 10.0:  5479 ms/turn
