 0) [10,12],  25 ms
 1) [11,13],  25 ms
 2) [9,13],  24 ms
 3) [11,11],  25 ms
 4) [10,14],  25 ms
 5) [8,12],  24 ms
 6) [11,10],  3150 ms
 7) [10,15],  9521 ms
 8) [10,11],  7487 ms
 9) [10,10],  10014 ms
10) [12,12],  4762 ms
11) [9,12],  10004 ms
12) [7,13],  5354 ms
13) [8,13],  4619 ms
14) [8,11],  7077 ms
15) [11,16],  7231 ms
16) [9,14],  5173 ms
17) [8,14],  10011 ms
18) [8,15],  3358 ms
19) [11,12],  6750 ms
20) [11,14],  10018 ms
21) [13,14],  10000 ms
22) [12,15],  10017 ms
23) [7,16],  3424 ms
24) [12,11],  7400 ms
25) [12,9],  3455 ms
26) [6,13],  6999 ms
27) [7,12],  10020 ms
28) [5,13],  4627 ms
29) [4,13],  5184 ms
30) [5,12],  9383 ms
31) [7,14],  9995 ms
32) [6,15],  26 ms
33) [6,14],  3007 ms
34) [5,11],  1264 ms
35) [5,14],  10008 ms
36) [4,14],  26 ms
37) [7,11],  9529 ms
38) [3,15],  105 ms
39) [2,16],  8162 ms
40) [5,15],  69 ms
41) [4,15],  7002 ms
42) [3,13],  61 ms
43) [2,12],  2833 ms
44) [5,10],  71 ms
45) [5,9],  25 ms
46) [6,10],  141 ms
47) [7,9],  1549 ms
48) [3,12],  233 ms
49) [3,11],  2311 ms
50) [7,17],  25 ms
51) [6,16],  25 ms
52) [3,14],  25 ms
53) [3,16],  25 ms
54) [9,15],  24 ms
55) [7,15],  25 ms
56) [2,14],  26 ms
57) [4,12],  25 ms
58) [1,14],  24 ms
59) [0,14],  24 ms
60) [4,11],  24 ms
61) [2,13],  23 ms
62) [3,10],  23 ms
63) [2,9],  23 ms
64) [4,10],  23 ms
65) [7,10],  24 ms
66) [2,10],  23 ms

pela 10.0 wins

pela 10.0:  4391 ms/turn
pela 10.0:  2561 ms/turn
