 0) [10,11],  26 ms
 1) [10,12],  25 ms
 2) [11,12],  26 ms
 3) [11,11],  25 ms
 4) [9,13],  25 ms
 5) [10,13],  25 ms
 6) [9,14],  25 ms
 7) [9,12],  25 ms
 8) [11,16],  26 ms
 9) [10,15],  7162 ms
10) [9,16],  3719 ms
11) [10,16],  3581 ms
12) [10,14],  24 ms
13) [11,14],  8244 ms
14) [8,11],  8331 ms
15) [7,11],  5055 ms
16) [9,10],  6224 ms
17) [8,9],  6981 ms
18) [13,15],  4932 ms
19) [13,14],  5640 ms
20) [9,15],  2879 ms
21) [9,17],  25 ms
22) [12,16],  2865 ms
23) [11,15],  9142 ms
24) [8,18],  10026 ms
25) [8,16],  4976 ms
26) [13,13],  10007 ms
27) [15,13],  3813 ms
28) [12,15],  3500 ms
29) [15,14],  10017 ms
30) [14,14],  8780 ms
31) [14,16],  7595 ms
32) [15,16],  6969 ms
33) [10,18],  6088 ms
34) [7,15],  5097 ms
35) [12,17],  5739 ms
36) [10,17],  3923 ms
37) [7,14],  5311 ms
38) [14,12],  10016 ms
39) [16,16],  4310 ms
40) [11,10],  5958 ms
41) [10,9],  4880 ms
42) [7,9],  5665 ms
43) [14,11],  4689 ms
44) [13,12],  5322 ms
45) [12,12],  5634 ms
46) [16,13],  9996 ms
47) [13,17],  5351 ms
48) [8,8],  7415 ms
49) [6,10],  9405 ms
50) [7,7],  7703 ms
51) [9,9],  8031 ms
52) [15,11],  10001 ms
53) [16,10],  6891 ms
54) [8,10],  10000 ms
55) [7,10],  2666 ms
56) [9,8],  3514 ms
57) [6,8],  3790 ms
58) [6,11],  3843 ms
59) [7,12],  2170 ms
60) [7,13],  25 ms
61) [12,10],  4671 ms
62) [12,9],  4773 ms
63) [14,8],  4005 ms
64) [13,9],  24 ms
65) [14,9],  1759 ms
66) [14,10],  3547 ms
67) [12,8],  1010 ms
68) [15,8],  10039 ms
69) [15,9],  2104 ms
70) [13,7],  9513 ms
71) [13,8],  1115 ms
72) [5,15],  4550 ms
73) [6,15],  831 ms
74) [6,16],  9998 ms
75) [7,17],  1650 ms
76) [8,12],  52 ms
77) [8,14],  25 ms
78) [6,14],  24 ms
79) [9,11],  24 ms
80) [4,16],  25 ms

pela 10.0 wins

pela 10.0:  4112 ms/turn
pela 10.0:  4863 ms/turn
