 0) [8,9],  26 ms
 1) [9,10],  25 ms
 2) [9,8],  26 ms
 3) [7,10],  25 ms
 4) [10,9],  25 ms
 5) [8,7],  25 ms
 6) [6,10],  4069 ms
 7) [11,9],  10040 ms
 8) [7,9],  9262 ms
 9) [6,9],  10007 ms
10) [8,11],  4579 ms
11) [8,8],  10015 ms
12) [9,6],  4169 ms
13) [9,7],  4289 ms
14) [7,7],  8760 ms
15) [12,10],  7261 ms
16) [10,8],  8789 ms
17) [10,7],  8330 ms
18) [11,7],  4948 ms
19) [8,10],  7329 ms
20) [10,10],  10020 ms
21) [10,12],  10004 ms
22) [11,11],  9995 ms
23) [12,6],  3628 ms
24) [6,8],  8875 ms
25) [5,9],  5076 ms
26) [5,8],  3144 ms
27) [14,12],  7600 ms
28) [15,13],  4731 ms
29) [9,12],  3330 ms
30) [11,12],  6236 ms
31) [12,12],  3635 ms
32) [12,11],  10015 ms
33) [11,10],  3718 ms
34) [12,9],  6879 ms
35) [10,11],  10005 ms
36) [8,13],  4752 ms
37) [9,5],  9998 ms
38) [9,13],  5285 ms
39) [10,13],  3732 ms
40) [10,14],  5046 ms
41) [8,12],  3347 ms
42) [12,4],  8627 ms
43) [15,9],  4228 ms
44) [14,10],  2332 ms
45) [15,11],  6552 ms
46) [17,9],  2444 ms
47) [12,15],  6578 ms
48) [11,14],  2178 ms
49) [11,15],  7288 ms
50) [12,14],  6399 ms
51) [9,14],  4578 ms
52) [14,13],  2035 ms
53) [14,14],  10034 ms
54) [17,10],  5198 ms
55) [6,12],  8208 ms
56) [7,12],  25 ms
57) [15,12],  9512 ms
58) [15,8],  4436 ms
59) [13,12],  9285 ms
60) [16,12],  26 ms
61) [13,13],  7854 ms
62) [13,15],  3047 ms
63) [13,10],  10006 ms
64) [13,11],  26 ms
65) [17,11],  4656 ms
66) [17,8],  3363 ms
67) [18,11],  3644 ms
68) [16,11],  2602 ms
69) [15,15],  2770 ms
70) [16,16],  26 ms
71) [16,8],  4914 ms
72) [14,7],  2300 ms
73) [16,9],  10009 ms
74) [17,7],  30 ms
75) [17,6],  26 ms
76) [16,7],  33 ms
77) [13,7],  7750 ms
78) [14,8],  27 ms
79) [14,9],  9933 ms
80) [15,6],  28 ms
81) [14,5],  10039 ms
82) [15,7],  27 ms
83) [18,7],  26 ms
84) [16,6],  28 ms
85) [17,5],  26 ms
86) [15,5],  26 ms
87) [15,4],  25 ms
88) [14,4],  26 ms
89) [18,8],  26 ms
90) [13,3],  25 ms

pela 10.0 wins

pela 10.0:  3585 ms/turn
pela 10.0:  5764 ms/turn
