 0) [10,11],  25 ms
 1) [9,11],  25 ms
 2) [11,10],  25 ms
 3) [9,12],  24 ms
 4) [9,10],  10011 ms
 5) [11,12],  25 ms
 6) [8,12],  5118 ms
 7) [10,9],  6400 ms
 8) [7,10],  3707 ms
 9) [8,10],  10003 ms
10) [10,12],  9253 ms
11) [10,14],  4407 ms
12) [9,14],  4473 ms
13) [7,9],  3709 ms
14) [6,8],  5617 ms
15) [9,7],  3159 ms
16) [9,9],  4553 ms
17) [5,8],  3736 ms
18) [10,6],  3827 ms
19) [9,6],  9997 ms
20) [8,14],  9125 ms
21) [8,15],  5599 ms
22) [7,13],  7128 ms
23) [7,15],  3936 ms
24) [10,15],  6428 ms
25) [7,12],  3776 ms
26) [5,13],  10038 ms
27) [4,13],  5287 ms
28) [10,10],  5825 ms
29) [11,11],  10002 ms
30) [11,15],  7625 ms
31) [10,16],  6041 ms
32) [6,15],  8729 ms
33) [9,15],  6500 ms
34) [8,16],  3093 ms
35) [6,14],  4632 ms
36) [7,5],  10007 ms
37) [8,4],  7720 ms
38) [9,4],  6085 ms
39) [8,7],  4803 ms
40) [7,7],  3567 ms
41) [6,6],  5634 ms
42) [10,5],  4000 ms
43) [7,6],  8285 ms
44) [8,6],  2880 ms
45) [9,5],  9144 ms
46) [9,8],  4081 ms
47) [10,7],  3333 ms
48) [10,8],  2507 ms
49) [7,8],  5809 ms
50) [6,9],  6027 ms
51) [5,9],  6266 ms
52) [5,7],  4164 ms
53) [12,10],  4630 ms
54) [11,7],  3057 ms
55) [13,8],  7244 ms
56) [8,5],  1390 ms
57) [12,6],  6109 ms
58) [14,8],  3928 ms
59) [6,7],  10006 ms
60) [4,9],  3375 ms
61) [12,7],  10000 ms
62) [12,9],  2891 ms
63) [13,11],  10000 ms
64) [13,12],  1021 ms
65) [11,16],  3680 ms
66) [12,12],  889 ms
67) [4,14],  3718 ms
68) [3,14],  825 ms
69) [14,7],  3870 ms
70) [13,6],  1865 ms
71) [6,16],  7178 ms
72) [11,8],  681 ms
73) [12,8],  5123 ms
74) [8,9],  1730 ms
75) [5,6],  2928 ms
76) [3,4],  1494 ms
77) [5,11],  10000 ms
78) [11,6],  819 ms
79) [11,9],  25 ms
80) [11,5],  1157 ms
81) [11,4],  24 ms
82) [8,3],  991 ms
83) [7,2],  25 ms
84) [4,12],  850 ms
85) [6,5],  5045 ms
86) [5,12],  721 ms
87) [6,11],  25 ms
88) [6,3],  198 ms
89) [4,7],  9997 ms
90) [3,8],  232 ms
91) [4,6],  10002 ms
92) [3,6],  25 ms
93) [3,7],  9894 ms
94) [6,10],  168 ms
95) [4,4],  4926 ms
96) [4,3],  244 ms
97) [5,2],  10010 ms
98) [5,5],  500 ms
99) [13,7],  10001 ms
100) [12,4],  422 ms
101) [13,3],  10000 ms
102) [2,3],  216 ms
103) [3,3],  10003 ms
104) [4,8],  167 ms
105) [15,5],  7067 ms
106) [14,6],  24 ms
107) [15,7],  10009 ms
108) [16,7],  24 ms
109) [7,3],  4178 ms
110) [6,2],  314 ms
111) [13,10],  6696 ms
112) [13,9],  24 ms
113) [15,13],  9999 ms
114) [14,12],  25 ms
115) [7,11],  4892 ms
116) [8,11],  24 ms
117) [2,9],  5134 ms
118) [16,6],  119 ms
119) [14,9],  5144 ms
120) [12,11],  221 ms
121) [15,14],  10005 ms
122) [15,10],  203 ms
123) [16,9],  7833 ms
124) [5,16],  168 ms
125) [5,15],  10000 ms
126) [15,6],  78 ms
127) [17,6],  24 ms
128) [4,11],  94 ms
129) [4,10],  24 ms
130) [7,17],  106 ms
131) [2,13],  10002 ms
132) [2,7],  110 ms
133) [1,6],  3976 ms
134) [9,16],  102 ms
135) [16,12],  10007 ms
136) [14,14],  48 ms
137) [12,13],  9999 ms
138) [13,13],  34 ms
139) [4,5],  3120 ms
140) [15,11],  66 ms
141) [12,14],  25 ms
142) [4,17],  57 ms
143) [3,18],  9999 ms
144) [10,3],  36 ms
145) [10,2],  9984 ms
146) [16,11],  48 ms
147) [16,10],  4380 ms
148) [15,16],  27 ms
149) [16,16],  4507 ms
150) [8,17],  39 ms
151) [7,18],  3436 ms
152) [14,15],  33 ms
153) [14,13],  10000 ms
154) [16,15],  27 ms
155) [14,17],  5292 ms
156) [14,5],  26 ms
157) [13,4],  2815 ms
158) [13,5],  27 ms
159) [12,5],  23 ms
160) [10,17],  27 ms
161) [9,17],  5650 ms
162) [5,17],  27 ms
163) [6,17],  23 ms
164) [11,2],  27 ms
165) [12,1],  23 ms
166) [6,12],  26 ms
167) [12,15],  10004 ms
168) [12,16],  25 ms
169) [11,1],  10007 ms
170) [13,1],  26 ms
171) [14,3],  5841 ms
172) [16,3],  26 ms
173) [15,17],  2815 ms
174) [15,2],  27 ms
175) [17,2],  6157 ms
176) [13,17],  27 ms
177) [17,4],  3075 ms
178) [14,4],  23 ms
179) [1,7],  4497 ms
180) [2,12],  24 ms
181) [3,12],  24 ms
182) [1,10],  24 ms
183) [2,8],  27 ms
184) [3,9],  23 ms
185) [1,9],  28 ms
186) [0,10],  24 ms
187) [1,5],  27 ms
188) [1,8],  25 ms
189) [1,3],  35 ms
190) [1,4],  26 ms
191) [2,4],  66 ms
192) [3,5],  24 ms
193) [4,2],  24 ms
194) [5,1],  24 ms
195) [0,6],  24 ms

pela 10.0 wins

pela 10.0:  1840 ms/turn
pela 10.0:  5302 ms/turn
