 0) [8,10],  24 ms
 1) [8,9],  24 ms
 2) [9,9],  28 ms
 3) [9,10],  26 ms
 4) [7,8],  24 ms
 5) [8,8],  25 ms
 6) [7,7],  24 ms
 7) [7,9],  24 ms
 8) [9,5],  25 ms
 9) [8,6],  9422 ms
10) [7,5],  4501 ms
11) [8,5],  5000 ms
12) [8,7],  25 ms
13) [9,7],  9999 ms
14) [6,10],  9709 ms
15) [5,10],  10011 ms
16) [8,4],  7438 ms
17) [7,4],  5005 ms
18) [10,7],  2927 ms
19) [11,7],  8554 ms
20) [11,5],  6574 ms
21) [10,5],  8778 ms
22) [6,2],  3628 ms
23) [7,3],  6929 ms
24) [5,2],  7612 ms
25) [9,3],  10002 ms
26) [10,3],  6861 ms
27) [4,2],  6223 ms
28) [12,5],  3954 ms
29) [9,2],  10033 ms
30) [4,4],  8110 ms
31) [7,1],  7708 ms
32) [7,2],  3042 ms
33) [5,4],  3287 ms
34) [12,4],  5967 ms
35) [11,6],  10006 ms
36) [8,3],  3838 ms
37) [12,6],  7882 ms
38) [10,6],  2975 ms
39) [13,3],  8081 ms
40) [13,8],  9113 ms
41) [9,1],  6973 ms
42) [9,0],  3500 ms
43) [6,12],  10000 ms
44) [7,12],  3325 ms
45) [5,11],  9042 ms
46) [7,13],  4918 ms
47) [6,14],  5765 ms
48) [5,12],  10015 ms
49) [7,14],  10000 ms
50) [6,15],  10000 ms
51) [3,12],  9230 ms
52) [4,11],  8330 ms
53) [7,15],  6402 ms
54) [8,16],  4584 ms
55) [11,8],  4781 ms
56) [11,9],  6126 ms
57) [8,12],  3916 ms
58) [8,14],  1797 ms
59) [8,17],  4180 ms
60) [14,7],  1845 ms
61) [13,6],  3095 ms
62) [13,5],  1692 ms
63) [14,5],  7529 ms
64) [12,7],  3229 ms
65) [15,7],  6968 ms
66) [14,6],  1557 ms
67) [15,6],  3662 ms
68) [16,7],  4145 ms
69) [3,11],  7580 ms
70) [3,10],  4071 ms
71) [2,9],  9998 ms
72) [4,12],  993 ms
73) [4,9],  10011 ms
74) [5,9],  2182 ms
75) [2,7],  10004 ms
76) [3,8],  3029 ms
77) [4,8],  4029 ms
78) [2,6],  1721 ms
79) [3,5],  5015 ms
80) [4,6],  971 ms
81) [3,6],  9998 ms
82) [4,5],  1985 ms
83) [7,17],  4114 ms
84) [7,18],  1942 ms
85) [4,14],  4306 ms
86) [3,14],  723 ms
87) [4,13],  4764 ms
88) [2,11],  544 ms
89) [15,5],  9175 ms
90) [15,4],  1474 ms
91) [10,2],  10004 ms
92) [12,2],  600 ms
93) [4,7],  10009 ms
94) [5,8],  1150 ms
95) [17,5],  10007 ms
96) [18,5],  958 ms
97) [14,9],  4655 ms
98) [15,9],  760 ms
99) [17,6],  3226 ms
100) [17,7],  616 ms
101) [14,10],  5909 ms
102) [14,8],  451 ms
103) [16,8],  5955 ms
104) [9,17],  482 ms
105) [13,10],  5659 ms
106) [12,10],  221 ms
107) [16,10],  8768 ms
108) [15,10],  521 ms
109) [14,12],  10020 ms
110) [12,1],  419 ms
111) [12,3],  22 ms
112) [14,11],  233 ms
113) [15,11],  984 ms
114) [13,13],  344 ms
115) [16,12],  1460 ms
116) [17,13],  289 ms
117) [17,12],  2434 ms
118) [13,12],  108 ms
119) [12,13],  36 ms
120) [11,12],  260 ms
121) [13,9],  26 ms
122) [12,8],  22 ms
123) [17,9],  23 ms
124) [18,8],  23 ms
125) [18,10],  24 ms
126) [19,11],  23 ms
127) [10,10],  10006 ms
128) [16,11],  203 ms
129) [12,11],  10000 ms
130) [10,16],  64 ms
131) [13,4],  9998 ms
132) [11,2],  23 ms
133) [15,12],  6941 ms
134) [18,12],  23 ms
135) [15,15],  10005 ms
136) [15,13],  110 ms
137) [9,15],  10008 ms
138) [9,4],  131 ms
139) [13,0],  23 ms
140) [13,2],  96 ms
141) [14,3],  4207 ms
142) [15,3],  105 ms
143) [10,4],  5336 ms
144) [8,2],  49 ms
145) [11,15],  4655 ms
146) [12,15],  65 ms
147) [14,13],  6744 ms
148) [3,3],  35 ms
149) [5,5],  3803 ms
150) [5,7],  33 ms
151) [15,2],  10000 ms
152) [10,15],  42 ms
153) [11,16],  3753 ms
154) [4,15],  33 ms
155) [10,13],  10002 ms
156) [3,15],  31 ms
157) [3,16],  4716 ms
158) [2,3],  47 ms
159) [3,4],  4789 ms
160) [11,18],  40 ms
161) [10,18],  4349 ms
162) [8,18],  27 ms
163) [5,16],  9999 ms
164) [2,13],  31 ms
165) [2,14],  9999 ms
166) [19,13],  31 ms
167) [2,15],  6959 ms
168) [13,16],  25 ms
169) [6,16],  4034 ms
170) [4,16],  24 ms
171) [5,18],  133 ms
172) [4,17],  24 ms
173) [5,15],  23 ms
174) [3,13],  24 ms
175) [5,17],  24 ms
176) [5,19],  23 ms
177) [5,14],  23 ms

pela 10.0 wins

pela 10.0:  2021 ms/turn
pela 10.0:  5924 ms/turn
