 0) [9,9],  24 ms
 1) [9,8],  23 ms
 2) [10,10],  24 ms
 3) [8,8],  23 ms
 4) [10,8],  3609 ms
 5) [8,10],  24 ms
 6) [8,7],  7385 ms
 7) [11,9],  10016 ms
 8) [10,6],  7453 ms
 9) [10,7],  3725 ms
10) [7,10],  10005 ms
11) [6,8],  10001 ms
12) [9,5],  6662 ms
13) [8,4],  4150 ms
14) [7,8],  7774 ms
15) [6,9],  9991 ms
16) [6,10],  6432 ms
17) [8,9],  8113 ms
18) [10,5],  10035 ms
19) [11,4],  9994 ms
20) [10,3],  10047 ms
21) [10,2],  9798 ms
22) [11,6],  5406 ms
23) [8,12],  3325 ms
24) [8,11],  23 ms
25) [9,4],  10042 ms
26) [10,4],  5656 ms
27) [12,6],  5187 ms
28) [11,3],  25 ms
29) [8,6],  8530 ms
30) [13,3],  25 ms
31) [12,3],  23 ms
32) [11,5],  25 ms
33) [12,5],  23 ms
34) [12,4],  23 ms
35) [14,2],  23 ms
36) [9,7],  24 ms

pela 10.0 wins

pela 10.0:  4245 ms/turn
pela 10.0:  5167 ms/turn
