 0) [10,8],  24 ms
 1) [10,9],  24 ms
 2) [11,7],  22 ms
 3) [9,9],  23 ms
 4) [8,9],  3573 ms
 5) [10,7],  10007 ms
 6) [12,8],  3744 ms
 7) [13,9],  10029 ms
 8) [12,10],  6155 ms
 9) [13,11],  10002 ms
10) [12,9],  5342 ms
11) [12,7],  5772 ms
12) [13,10],  5566 ms
13) [11,8],  3706 ms
14) [13,6],  7316 ms
15) [12,11],  10002 ms
16) [11,10],  6158 ms
17) [10,10],  9999 ms
18) [11,11],  10000 ms
19) [15,10],  7191 ms
20) [14,6],  4725 ms
21) [13,8],  9998 ms
22) [14,9],  10026 ms
23) [9,10],  4405 ms
24) [8,11],  23 ms
25) [15,6],  10002 ms
26) [13,7],  608 ms
27) [15,5],  8160 ms
28) [14,7],  287 ms
29) [14,8],  6949 ms
30) [11,12],  242 ms
31) [11,13],  7999 ms
32) [15,8],  448 ms
33) [16,9],  7699 ms
34) [16,7],  48 ms
35) [17,6],  25 ms
36) [15,7],  44 ms
37) [17,7],  24 ms
38) [13,5],  115 ms
39) [12,4],  5435 ms
40) [12,5],  24 ms
41) [11,4],  72 ms
42) [14,4],  25 ms
43) [12,6],  25 ms
44) [13,4],  42 ms
45) [13,3],  122 ms
46) [14,3],  25 ms
47) [14,5],  25 ms
48) [15,2],  81 ms
49) [16,1],  25 ms
50) [11,6],  24 ms

pela 10.0 wins

pela 10.0:  5108 ms/turn
pela 10.0:  2487 ms/turn
