 0) [11,12],  25 ms
 1) [10,11],  25 ms
 2) [10,13],  26 ms
 3) [12,11],  25 ms
 4) [9,12],  25 ms
 5) [11,14],  26 ms
 6) [11,11],  3714 ms
 7) [9,13],  9838 ms
 8) [10,15],  6946 ms
 9) [10,12],  4095 ms
10) [11,15],  9527 ms
11) [8,15],  4979 ms
12) [11,16],  8872 ms
13) [13,15],  9998 ms
14) [14,14],  4988 ms
15) [10,16],  4389 ms
16) [8,14],  3500 ms
17) [13,18],  3094 ms
18) [12,14],  8133 ms
19) [12,12],  6417 ms
20) [13,14],  5468 ms
21) [14,13],  3912 ms
22) [15,14],  5188 ms
23) [16,14],  26 ms
24) [15,16],  6465 ms
25) [14,15],  5323 ms
26) [17,15],  5183 ms
27) [15,17],  9995 ms
28) [12,10],  8855 ms
29) [13,17],  5973 ms
30) [16,17],  4667 ms
31) [16,13],  10007 ms
32) [15,15],  7599 ms
33) [17,17],  5239 ms
34) [16,12],  2980 ms
35) [15,12],  4240 ms
36) [17,14],  10003 ms
37) [17,16],  3498 ms
38) [17,11],  8666 ms
39) [17,13],  10009 ms
40) [15,13],  26 ms
41) [18,10],  25 ms
42) [14,17],  9875 ms
43) [18,9],  3643 ms
44) [17,10],  8446 ms
45) [11,9],  5195 ms
46) [15,11],  2285 ms
47) [14,12],  5711 ms
48) [13,19],  6919 ms
49) [10,9],  6705 ms
50) [16,15],  5937 ms
51) [18,13],  25 ms
52) [19,15],  1594 ms
53) [18,15],  25 ms
54) [10,10],  4857 ms
55) [12,9],  3420 ms
56) [13,9],  4179 ms
57) [11,10],  4657 ms
58) [13,12],  25 ms
59) [9,8],  133 ms
60) [8,7],  25 ms
61) [8,9],  73 ms
62) [9,9],  25 ms
63) [11,6],  91 ms
64) [7,7],  2720 ms
65) [8,8],  25 ms
66) [14,8],  135 ms
67) [15,7],  25 ms
68) [10,7],  2758 ms
69) [11,7],  26 ms
70) [11,8],  24 ms
71) [13,8],  26 ms
72) [14,7],  24 ms
73) [14,10],  5138 ms
74) [14,11],  2758 ms
75) [18,11],  3312 ms
76) [18,12],  25 ms
77) [16,10],  10007 ms
78) [18,8],  1293 ms
79) [13,11],  7892 ms
80) [15,9],  2176 ms
81) [17,8],  4051 ms
82) [16,7],  1446 ms
83) [10,6],  4416 ms
84) [9,7],  1065 ms
85) [6,7],  24 ms
86) [7,8],  1355 ms
87) [9,5],  1140 ms
88) [8,4],  1316 ms
89) [10,5],  550 ms
90) [12,7],  1121 ms
91) [11,5],  76 ms
92) [12,5],  957 ms
93) [8,6],  28 ms
94) [9,6],  350 ms
95) [11,3],  26 ms
96) [11,4],  25 ms
97) [10,4],  26 ms
98) [12,2],  24 ms
99) [10,3],  26 ms
100) [10,2],  25 ms
101) [8,5],  26 ms
102) [7,5],  25 ms
103) [7,6],  24 ms
104) [9,4],  26 ms
105) [9,3],  25 ms
106) [13,6],  25 ms
107) [15,8],  25 ms
108) [14,5],  25 ms
109) [15,4],  25 ms
110) [14,6],  25 ms
111) [14,9],  25 ms
112) [14,4],  25 ms

pela 10.0 wins

pela 10.0:  3066 ms/turn
pela 10.0:  2995 ms/turn
