 0) [11,8],  25 ms
 1) [12,7],  25 ms
 2) [10,7],  24 ms
 3) [12,9],  24 ms
 4) [10,6],  24 ms
 5) [11,9],  25 ms
 6) [12,6],  24 ms
 7) [10,9],  25 ms
 8) [9,9],  10025 ms
 9) [10,8],  9994 ms
10) [11,6],  480 ms
11) [9,6],  3034 ms
12) [13,6],  122 ms
13) [14,6],  24 ms
14) [12,5],  98 ms
15) [13,4],  6364 ms
16) [11,4],  49 ms
17) [13,9],  4791 ms
18) [14,9],  25 ms
19) [10,3],  10005 ms
20) [11,5],  31 ms
21) [11,7],  25 ms
22) [9,8],  27 ms
23) [8,9],  26 ms
24) [9,7],  27 ms
25) [12,4],  3045 ms
26) [11,3],  26 ms
27) [11,2],  25 ms
28) [8,8],  35 ms
29) [7,9],  25 ms
30) [10,4],  26 ms
31) [13,7],  4865 ms
32) [8,2],  25 ms
33) [9,3],  25 ms
34) [14,7],  25 ms
35) [15,8],  59 ms
36) [12,8],  5648 ms
37) [9,5],  7249 ms
38) [9,4],  3831 ms
39) [8,4],  6902 ms
40) [10,11],  6618 ms
41) [9,11],  8428 ms
42) [7,5],  10004 ms
43) [15,5],  5369 ms
44) [15,6],  10006 ms
45) [16,4],  29 ms
46) [17,3],  23 ms
47) [14,4],  27 ms
48) [15,4],  24 ms
49) [16,6],  26 ms
50) [13,3],  5928 ms
51) [14,8],  26 ms
52) [15,7],  7349 ms
53) [17,8],  26 ms
54) [18,8],  3121 ms
55) [13,8],  23 ms
56) [16,8],  23 ms
57) [13,11],  23 ms
58) [13,10],  22 ms
59) [12,10],  23 ms
60) [14,12],  23 ms
61) [10,12],  23 ms
62) [11,11],  22 ms
63) [8,10],  23 ms
64) [11,13],  23 ms
65) [6,8],  23 ms

pela 10.0 wins

pela 10.0:  1932 ms/turn
pela 10.0:  2140 ms/turn
