 0) [12,9],  23 ms
 1) [11,8],  24 ms
 2) [11,10],  25 ms
 3) [13,8],  23 ms
 4) [10,9],  24 ms
 5) [12,11],  24 ms
 6) [12,8],  4218 ms
 7) [10,10],  10028 ms
 8) [11,12],  8378 ms
 9) [11,9],  4877 ms
10) [12,12],  9995 ms
11) [9,12],  7348 ms
12) [11,7],  10012 ms
13) [10,6],  8814 ms
14) [14,10],  4787 ms
15) [14,12],  7978 ms
16) [13,13],  10002 ms
17) [11,13],  9989 ms
18) [12,7],  2734 ms
19) [12,6],  9985 ms
20) [14,7],  1912 ms
21) [13,7],  5449 ms
22) [13,9],  108 ms
23) [15,11],  23 ms
24) [13,11],  33 ms
25) [14,9],  26 ms
26) [13,12],  28 ms
27) [13,10],  23 ms
28) [13,14],  25 ms
29) [13,15],  23 ms
30) [12,13],  25 ms
31) [14,15],  9089 ms
32) [11,14],  27 ms
33) [10,15],  10006 ms
34) [14,14],  6235 ms
35) [12,15],  5406 ms
36) [11,15],  24 ms
37) [15,15],  3056 ms
38) [16,15],  26 ms
39) [12,14],  6846 ms
40) [14,16],  6794 ms
41) [9,11],  574 ms
42) [10,12],  23 ms
43) [9,13],  2004 ms
44) [9,10],  6200 ms
45) [10,11],  23 ms
46) [14,11],  10012 ms
47) [15,10],  23 ms
48) [15,9],  9993 ms
49) [16,8],  23 ms
50) [8,12],  10009 ms
51) [9,14],  37 ms
52) [9,15],  24 ms
53) [8,11],  25 ms
54) [11,11],  24 ms
55) [7,12],  84 ms
56) [6,11],  3362 ms
57) [8,13],  24 ms
58) [11,16],  23 ms
59) [7,13],  24 ms
60) [10,13],  24 ms
61) [7,14],  23 ms
62) [6,15],  23 ms
63) [7,11],  24 ms
64) [7,15],  23 ms
65) [7,10],  24 ms

pela 10.0 wins

pela 10.0:  3089 ms/turn
pela 10.0:  3187 ms/turn
