 0) [11,8],  25 ms
 1) [10,7],  25 ms
 2) [10,9],  25 ms
 3) [12,7],  24 ms
 4) [9,8],  25 ms
 5) [11,10],  24 ms
 6) [11,7],  3849 ms
 7) [9,9],  10047 ms
 8) [10,11],  8523 ms
 9) [10,8],  4887 ms
10) [11,11],  10013 ms
11) [8,11],  7620 ms
12) [10,6],  10014 ms
13) [9,5],  8618 ms
14) [13,9],  4823 ms
15) [13,11],  8750 ms
16) [12,12],  9999 ms
17) [10,12],  10007 ms
18) [11,6],  2483 ms
19) [11,5],  9996 ms
20) [13,6],  1815 ms
21) [12,6],  6227 ms
22) [12,8],  102 ms
23) [14,10],  24 ms
24) [12,10],  34 ms
25) [13,8],  27 ms
26) [12,11],  30 ms
27) [12,9],  25 ms
28) [12,13],  26 ms
29) [12,14],  25 ms
30) [11,12],  25 ms
31) [13,14],  4878 ms
32) [10,13],  28 ms
33) [9,14],  4209 ms
34) [13,13],  3884 ms
35) [11,14],  10001 ms
36) [10,14],  25 ms
37) [14,14],  5064 ms
38) [15,14],  25 ms
39) [11,13],  9996 ms
40) [13,15],  6198 ms
41) [8,10],  585 ms
42) [9,11],  24 ms
43) [8,12],  1724 ms
44) [8,9],  5544 ms
45) [9,10],  25 ms
46) [13,10],  10033 ms
47) [14,9],  24 ms
48) [14,8],  10014 ms
49) [15,7],  24 ms
50) [7,11],  10010 ms
51) [8,13],  41 ms
52) [8,14],  24 ms
53) [7,10],  27 ms
54) [10,10],  25 ms
55) [6,11],  62 ms
56) [5,10],  10025 ms
57) [7,12],  24 ms
58) [10,15],  25 ms
59) [6,12],  25 ms
60) [9,12],  24 ms
61) [6,13],  25 ms
62) [5,14],  25 ms
63) [6,10],  24 ms
64) [6,14],  25 ms
65) [6,9],  40 ms

pela 10.0 wins

pela 10.0:  3265 ms/turn
pela 10.0:  3124 ms/turn
