 0) [12,11],  24 ms
 1) [13,10],  24 ms
 2) [12,12],  23 ms
 3) [12,13],  24 ms
 4) [11,11],  10000 ms
 5) [13,11],  23 ms
 6) [13,14],  8884 ms
 7) [14,14],  8830 ms
 8) [13,9],  8492 ms
 9) [12,10],  4552 ms
10) [15,13],  8092 ms
11) [11,8],  10005 ms
12) [10,7],  3364 ms
13) [9,10],  10039 ms
14) [11,10],  5600 ms
15) [10,9],  9846 ms
16) [8,11],  10012 ms
17) [10,11],  3388 ms
18) [8,9],  10017 ms
19) [11,12],  3049 ms
20) [14,13],  5697 ms
21) [15,14],  7636 ms
22) [14,10],  6539 ms
23) [15,11],  7600 ms
24) [12,7],  5534 ms
25) [11,7],  3631 ms
26) [12,5],  10053 ms
27) [11,6],  10003 ms
28) [11,5],  4575 ms
29) [12,4],  10008 ms
30) [6,9],  5409 ms
31) [8,12],  10030 ms
32) [10,8],  10031 ms
33) [7,10],  10016 ms
34) [8,8],  876 ms
35) [8,10],  6767 ms
36) [6,10],  36 ms
37) [7,9],  5371 ms
38) [6,8],  33 ms
39) [6,7],  5313 ms
40) [10,5],  36 ms
41) [9,5],  4055 ms
42) [7,8],  23 ms
43) [9,8],  23 ms
44) [8,7],  24 ms
45) [9,6],  23 ms
46) [4,8],  23 ms
47) [5,8],  24 ms
48) [6,11],  23 ms
49) [6,12],  24 ms
50) [4,11],  23 ms
51) [5,10],  23 ms
52) [13,5],  24 ms
53) [14,5],  23 ms
54) [7,11],  68 ms
55) [5,11],  23 ms
56) [10,4],  24 ms
57) [10,6],  23 ms
58) [9,9],  23 ms
59) [10,10],  23 ms
60) [8,6],  23 ms
61) [8,5],  28 ms
62) [5,9],  23 ms
63) [3,7],  23 ms
64) [4,10],  24 ms
65) [7,7],  23 ms
66) [4,9],  23 ms
67) [4,12],  23 ms
68) [4,7],  24 ms

pela 10.0 wins

pela 10.0:  3248 ms/turn
pela 10.0:  3838 ms/turn
