 0) [8,8],  25 ms
 1) [7,8],  25 ms
 2) [7,9],  25 ms
 3) [8,9],  24 ms
 4) [9,10],  28 ms
 5) [9,9],  25 ms
 6) [10,10],  24 ms
 7) [8,10],  25 ms
 8) [12,8],  26 ms
 9) [11,9],  10022 ms
10) [12,10],  5500 ms
11) [12,9],  5209 ms
12) [10,9],  25 ms
13) [10,8],  10001 ms
14) [7,11],  9848 ms
15) [7,12],  8540 ms
16) [6,10],  7015 ms
17) [5,11],  9200 ms
18) [11,6],  6090 ms
19) [9,7],  10054 ms
20) [12,5],  4449 ms
21) [13,6],  3903 ms
22) [12,3],  5074 ms
23) [14,3],  9996 ms
24) [10,5],  5662 ms
25) [11,5],  10018 ms
26) [11,4],  9504 ms
27) [9,6],  4982 ms
28) [12,6],  9581 ms
29) [12,7],  8142 ms
30) [10,7],  8900 ms
31) [9,8],  2807 ms
32) [9,5],  25 ms
33) [12,2],  10014 ms
34) [15,4],  6482 ms
35) [11,10],  6280 ms
36) [8,13],  10010 ms
37) [9,13],  4584 ms
38) [5,12],  10047 ms
39) [13,8],  3077 ms
40) [14,7],  10050 ms
41) [13,10],  8553 ms
42) [13,9],  10009 ms
43) [11,7],  3957 ms
44) [11,8],  5069 ms
45) [13,2],  2971 ms
46) [14,2],  6465 ms
47) [15,7],  4118 ms
48) [13,4],  7137 ms
49) [12,4],  6641 ms
50) [16,4],  4311 ms
51) [14,4],  10004 ms
52) [13,3],  2352 ms
53) [14,5],  10004 ms
54) [8,4],  5189 ms
55) [10,12],  5487 ms
56) [9,12],  4443 ms
57) [14,6],  2928 ms
58) [13,5],  3807 ms
59) [6,12],  5915 ms
60) [8,14],  1117 ms
61) [8,6],  3207 ms
62) [7,5],  26 ms
63) [7,14],  35 ms
64) [6,6],  34 ms
65) [5,7],  27 ms
66) [9,3],  26 ms
67) [10,2],  25 ms
68) [8,5],  27 ms
69) [6,5],  26 ms
70) [10,3],  25 ms
71) [11,3],  24 ms
72) [10,4],  25 ms
73) [10,6],  25 ms
74) [9,4],  25 ms
75) [7,4],  24 ms
76) [9,2],  25 ms
77) [8,1],  24 ms
78) [9,1],  25 ms

pela 10.0 wins

pela 10.0:  3963 ms/turn
pela 10.0:  4639 ms/turn
