 0) [12,8],  24 ms
 1) [13,7],  24 ms
 2) [13,9],  25 ms
 3) [11,7],  24 ms
 4) [14,9],  25 ms
 5) [11,8],  24 ms
 6) [14,7],  23 ms
 7) [11,9],  23 ms
 8) [11,6],  8726 ms
 9) [14,8],  3030 ms
10) [11,10],  10004 ms
11) [13,8],  4136 ms
12) [10,8],  5021 ms
13) [16,9],  4197 ms
14) [12,5],  10002 ms
15) [10,7],  10003 ms
16) [9,7],  5232 ms
17) [11,4],  4598 ms
18) [14,10],  5568 ms
19) [13,10],  5105 ms
20) [12,9],  8741 ms
21) [12,6],  6874 ms
22) [11,5],  6374 ms
23) [16,12],  5752 ms
24) [16,10],  5108 ms
25) [13,5],  9995 ms
26) [13,6],  8453 ms
27) [8,8],  3013 ms
28) [9,10],  6335 ms
29) [12,10],  3622 ms
30) [14,12],  3921 ms
31) [14,11],  10004 ms
32) [14,4],  10079 ms
33) [14,3],  10038 ms
34) [10,11],  9176 ms
35) [8,9],  10006 ms
36) [9,11],  546 ms
37) [9,9],  10002 ms
38) [11,11],  197 ms
39) [8,11],  8818 ms
40) [8,10],  29 ms
41) [10,10],  10003 ms
42) [11,13],  29 ms
43) [10,12],  24 ms
44) [13,11],  25 ms
45) [12,11],  24 ms
46) [12,12],  25 ms
47) [15,9],  24 ms
48) [10,14],  25 ms

pela 10.0 wins

pela 10.0:  4973 ms/turn
pela 10.0:  4148 ms/turn
