 0) [9,8],  260 ms
 1) [9,7],  29 ms
 2) [10,9],  29 ms
 3) [8,7],  29 ms
 4) [7,7],  17707 ms
 5) [9,9],  1776 ms
 6) [11,8],  59996 ms
 7) [12,7],  3431 ms
 8) [11,7],  60007 ms
 9) [10,7],  1405 ms
10) [12,8],  60017 ms
11) [13,8],  3870 ms
12) [9,5],  29946 ms
13) [10,6],  3763 ms
14) [8,6],  1787 ms
15) [6,8],  3695 ms
16) [10,4],  91 ms
17) [11,3],  34 ms
18) [11,5],  84 ms
19) [11,6],  2562 ms
20) [10,5],  38 ms
21) [12,5],  1964 ms
22) [7,5],  36 ms
23) [8,5],  40 ms
24) [7,4],  98 ms
25) [7,6],  4003 ms
26) [9,4],  36 ms
27) [8,4],  38 ms
28) [9,3],  34 ms
29) [9,2],  35 ms
30) [8,2],  39 ms
31) [12,6],  33 ms
32) [7,1],  34 ms

pela 60.0 wins

pela 60.0:  13 s/turn
pela 5.0:  1669 ms/turn
