 0) [9,8],  317 ms
 1) [10,9],  28 ms
 2) [9,7],  28 ms
 3) [9,6],  28 ms
 4) [8,8],  35812 ms
 5) [7,8],  32 ms
 6) [7,6],  24119 ms
 7) [10,6],  2411 ms
 8) [10,5],  35842 ms
 9) [7,5],  4971 ms
10) [8,7],  34975 ms
11) [8,9],  2465 ms
12) [10,11],  36268 ms
13) [6,5],  5003 ms
14) [6,7],  35038 ms
15) [7,7],  1687 ms
16) [5,5],  20835 ms
17) [9,5],  2021 ms
18) [11,7],  21237 ms
19) [12,7],  3097 ms
20) [11,8],  50796 ms
21) [10,8],  2132 ms
22) [9,9],  18187 ms
23) [9,11],  5002 ms
24) [10,10],  18337 ms
25) [11,11],  2578 ms
26) [4,6],  38334 ms
27) [5,8],  4208 ms
28) [5,9],  10009 ms
29) [3,7],  4827 ms
30) [11,6],  22437 ms
31) [11,9],  2784 ms
32) [12,9],  28205 ms
33) [13,10],  5015 ms
34) [6,10],  7742 ms
35) [5,11],  2120 ms
36) [6,8],  6886 ms
37) [6,9],  2606 ms
38) [4,4],  12021 ms
39) [3,5],  5017 ms
40) [3,6],  10866 ms
41) [5,6],  1708 ms
42) [7,4],  8400 ms
43) [6,4],  2609 ms
44) [8,5],  6255 ms
45) [11,4],  2845 ms
46) [5,2],  6101 ms
47) [6,3],  2297 ms
48) [6,2],  11093 ms
49) [4,2],  2861 ms
50) [5,3],  11099 ms
51) [7,1],  1997 ms
52) [4,10],  6105 ms
53) [3,10],  4415 ms
54) [8,12],  11801 ms
55) [7,11],  5000 ms
56) [9,4],  243 ms
57) [10,3],  31 ms
58) [5,4],  217 ms
59) [5,1],  31 ms
60) [3,11],  73 ms
61) [2,12],  31 ms
62) [8,6],  35 ms
63) [8,4],  31 ms
64) [8,3],  32 ms
65) [7,2],  31 ms
66) [7,10],  31 ms
67) [8,10],  3172 ms
68) [8,1],  5286 ms
69) [13,11],  2224 ms
70) [10,12],  8868 ms
71) [13,12],  1426 ms
72) [13,13],  8004 ms
73) [11,10],  413 ms
74) [10,14],  119 ms
75) [10,13],  32 ms
76) [12,11],  2842 ms
77) [13,9],  71 ms
78) [13,8],  32 ms
79) [12,10],  41 ms
80) [14,12],  32 ms
81) [14,8],  72 ms
82) [15,7],  31 ms
83) [14,10],  37 ms
84) [15,10],  32 ms
85) [15,9],  37 ms
86) [12,12],  2714 ms
87) [11,12],  34 ms
88) [11,13],  32 ms
89) [14,7],  34 ms
90) [14,9],  33 ms
91) [12,6],  33 ms
92) [13,7],  33 ms
93) pbrain-pela:  I win !
93) [12,5],  31 ms
94) [13,6],  32 ms
95) [12,4],  32 ms
96) [12,8],  32 ms
97) [12,3],  32 ms

pela 5.0 wins

pela 60.0:  11 s/turn
pela 5.0:  1829 ms/turn
