 0) [12,9],  28 ms
 1) [11,9],  2687 ms
 2) [10,8],  29 ms
 3) [11,8],  56 ms
 4) [11,10],  28 ms
 5) [10,10],  28 ms
 6) [12,8],  29 ms
 7) [12,11],  1750 ms
 8) [12,6],  24192 ms
 9) [12,7],  2442 ms
10) [11,7],  8432 ms
11) [13,5],  5008 ms
12) [10,6],  38750 ms
13) [9,5],  5000 ms
14) [9,9],  5408 ms
15) [8,10],  27 ms
16) [13,9],  5662 ms
17) [14,10],  28 ms
18) [13,6],  6669 ms
19) [11,6],  5003 ms
20) [13,8],  625 ms
21) [14,7],  5000 ms
22) [13,7],  250 ms
23) [13,10],  28 ms
24) [14,8],  45 ms
25) [15,9],  3903 ms
26) [11,5],  32 ms
27) [10,4],  28 ms
28) [9,7],  32 ms
29) [8,8],  5024 ms
30) [16,6],  29 ms
31) [15,7],  2799 ms
32) [14,6],  27 ms
33) [15,6],  28 ms
34) [15,8],  27 ms
35) [16,8],  28 ms
36) [13,3],  27 ms
37) [12,4],  28 ms
38) [15,5],  28 ms
39) [16,4],  28 ms
40) [14,4],  27 ms
41) [17,7],  28 ms
42) [12,2],  28 ms

pela 60.0 wins

pela 60.0:  4109 ms/turn
pela 5.0:  1854 ms/turn
