 0) [10,12],  27 ms
 1) [9,12],  1807 ms
 2) [10,11],  27 ms
 3) [10,10],  26 ms
 4) [9,9],  20418 ms
 5) [7,10],  5000 ms
 6) [8,11],  38138 ms
 7) [9,11],  4408 ms
 8) [11,9],  31354 ms
 9) [10,9],  2851 ms
10) [7,13],  45448 ms
11) [7,11],  1785 ms
12) [6,10],  59996 ms
13) [8,14],  3013 ms
14) [9,7],  57800 ms
15) [8,6],  3345 ms
16) [11,7],  22043 ms
17) [11,8],  3709 ms
18) [6,9],  27043 ms
19) [6,8],  1514 ms
20) [9,5],  42535 ms
21) [9,6],  1600 ms
22) [10,7],  23730 ms
23) [12,7],  3397 ms
24) [8,7],  17239 ms
25) [7,7],  28 ms
26) [13,6],  27241 ms
27) [10,6],  3215 ms
28) [7,6],  12312 ms
29) [7,9],  5001 ms
30) [7,8],  28 ms
31) [8,9],  4368 ms
32) [9,14],  16186 ms
33) [4,11],  2483 ms
34) [4,10],  15043 ms
35) [5,7],  5003 ms
36) [8,10],  27 ms
37) [5,5],  2482 ms
38) [3,5],  7399 ms
39) [5,6],  1335 ms
40) [5,4],  15383 ms
41) [6,5],  559 ms
42) [6,6],  17238 ms
43) [4,7],  46 ms
44) [3,8],  14787 ms
45) [3,7],  43 ms
46) [6,7],  61 ms
47) [9,8],  2255 ms
48) [10,8],  3759 ms
49) [12,6],  28 ms
50) [11,6],  28 ms
51) [2,8],  33 ms
52) [4,6],  4336 ms
53) [2,7],  33 ms
54) [1,7],  29 ms
55) [2,9],  34 ms
56) [5,12],  28 ms
57) [2,6],  28 ms
58) [2,10],  28 ms
59) [2,5],  28 ms

pela 5.0 wins

pela 60.0:  17 s/turn
pela 5.0:  1981 ms/turn
