 0) [9,8],  180 ms
 1) [8,8],  32 ms
 2) [10,9],  31 ms
 3) [8,7],  32 ms
 4) [8,6],  59999 ms
 5) [10,8],  1589 ms
 6) [9,10],  60038 ms
 7) [8,11],  3429 ms
 8) [8,10],  60008 ms
 9) [8,9],  5015 ms
10) [9,11],  59968 ms
11) [9,12],  3887 ms
12) [6,8],  40007 ms
13) [7,9],  4603 ms
14) [7,7],  2283 ms
15) [9,5],  5000 ms
16) [5,9],  118 ms
17) [4,10],  31 ms
18) [6,10],  65 ms
19) [7,10],  3245 ms
20) [6,9],  35 ms
21) [6,11],  2369 ms
22) [6,6],  35 ms
23) [6,7],  31 ms
24) [5,6],  35 ms
25) [7,6],  1605 ms
26) [5,8],  36 ms
27) [5,7],  32 ms
28) [4,8],  68 ms
29) [3,8],  32 ms
30) [3,7],  32 ms
31) [7,11],  55 ms
32) [2,6],  106 ms

pela 60.0 wins

pela 60.0:  16 s/turn
pela 5.0:  1936 ms/turn
