 0) [9,8],  773 ms
 1) [9,9],  26 ms
 2) [10,7],  27 ms
 3) [8,9],  25 ms
 4) [7,9],  59985 ms
 5) [9,7],  1645 ms
 6) [11,8],  60025 ms
 7) [12,9],  3178 ms
 8) [11,9],  59997 ms
 9) [10,9],  4998 ms
10) [12,8],  59884 ms
11) [13,8],  3580 ms
12) [9,11],  42025 ms
13) [10,10],  4874 ms
14) [8,10],  2194 ms
15) [6,8],  5037 ms
16) [10,12],  99 ms
17) [11,13],  27 ms
18) [11,11],  109 ms
19) [11,10],  3330 ms
20) [10,11],  33 ms
21) [12,11],  2396 ms
22) [7,11],  31 ms
23) [8,11],  27 ms
24) [7,12],  32 ms
25) [7,10],  5042 ms
26) [9,12],  31 ms
27) [8,12],  28 ms
28) [9,13],  28 ms
29) [9,14],  28 ms
30) [8,14],  28 ms
31) [12,10],  27 ms
32) [7,15],  28 ms

pela 60.0 wins

pela 60.0:  16 s/turn
pela 5.0:  2141 ms/turn
