 0) [9,8],  1217 ms
 1) [8,7],  27 ms
 2) [9,9],  27 ms
 3) [9,10],  26 ms
 4) [10,8],  60012 ms
 5) [11,8],  28 ms
 6) [11,10],  26635 ms
 7) [12,6],  1959 ms
 8) [12,7],  24856 ms
 9) [8,10],  5031 ms
10) [8,11],  60000 ms
11) [10,9],  3437 ms
12) [11,12],  41218 ms
13) [11,11],  5001 ms
14) [7,10],  41794 ms
15) [9,12],  4882 ms
16) [14,7],  22670 ms
17) [13,8],  1570 ms
18) [12,10],  27883 ms
19) [13,7],  1921 ms
20) [11,5],  14493 ms
21) [11,9],  4605 ms
22) [13,9],  24609 ms
23) [8,9],  3546 ms
24) [6,7],  36356 ms
25) [9,6],  3532 ms
26) [8,6],  31177 ms
27) [14,10],  3801 ms
28) [6,8],  21482 ms
29) [7,7],  4602 ms
30) [6,9],  35 ms
31) [6,10],  27 ms
32) [7,8],  29 ms
33) [8,8],  26 ms
34) [5,8],  27 ms
35) [4,7],  27 ms
36) [6,6],  28 ms
37) [6,5],  26 ms
38) [3,8],  27 ms
39) [4,8],  26 ms
40) [4,9],  28 ms
41) [3,10],  3448 ms
42) [5,10],  29 ms
43) [2,7],  26 ms
44) pbrain-pela:  I win !
44) [7,6],  27 ms
45) [8,5],  28 ms
46) [3,12],  30 ms
47) [4,11],  27 ms
48) [5,6],  27 ms
49) [4,6],  26 ms
50) [5,9],  27 ms
51) [5,7],  26 ms
52) [3,9],  28 ms
53) [7,9],  26 ms
54) [2,9],  26 ms

pela 60.0 wins

pela 60.0:  15 s/turn
pela 5.0:  1766 ms/turn
