 0) [9,10],  28 ms
 1) [8,10],  180 ms
 2) [7,11],  28 ms
 3) [8,11],  28 ms
 4) [8,9],  28 ms
 5) [7,9],  27 ms
 6) [9,11],  28 ms
 7) [9,8],  4918 ms
 8) [9,13],  13399 ms
 9) [9,12],  4985 ms
10) [8,12],  6314 ms
11) [10,14],  5014 ms
12) [7,13],  29822 ms
13) [6,14],  5008 ms
14) [6,10],  3984 ms
15) [5,9],  28 ms
16) [10,10],  3848 ms
17) [11,9],  28 ms
18) [10,13],  4573 ms
19) [8,13],  5006 ms
20) [10,11],  521 ms
21) [11,12],  5042 ms
22) [10,12],  200 ms
23) [10,9],  31 ms
24) [11,11],  47 ms
25) [12,10],  3420 ms
26) [8,14],  34 ms
27) [7,15],  47 ms
28) [6,12],  33 ms
29) [5,11],  5001 ms
30) [13,13],  32 ms
31) [12,12],  5024 ms
32) pbrain-pela:  I win !
32) [11,13],  31 ms
33) [12,13],  65 ms
34) [12,11],  137 ms
35) [13,11],  260 ms
36) [12,14],  37 ms
37) [13,15],  27 ms
38) [10,16],  28 ms
39) [9,15],  27 ms
40) [11,15],  29 ms
41) [14,12],  28 ms
42) [9,17],  27 ms

pela 60.0 wins

pela 60.0:  2873 ms/turn
pela 5.0:  2104 ms/turn
