 0) [8,12],  28 ms
 1) [7,13],  28 ms
 2) [7,11],  28 ms
 3) [9,13],  27 ms
 4) [6,11],  27 ms
 5) [9,12],  28 ms
 6) [6,13],  27 ms
 7) [9,11],  28 ms
 8) [9,10],  52156 ms
 9) [8,11],  1516 ms
10) [6,12],  329 ms
11) [6,10],  2037 ms
12) [6,14],  90 ms
13) [6,15],  28 ms
14) [5,13],  95 ms
15) [4,14],  3838 ms
16) [4,12],  55 ms
17) [9,14],  2695 ms
18) [9,15],  28 ms
19) [3,11],  1660 ms
20) [5,12],  33 ms
21) [7,12],  27 ms
22) [8,10],  28 ms
23) [9,9],  27 ms
24) [7,10],  56 ms
25) [4,13],  2482 ms
26) [3,12],  28 ms
27) [2,12],  26 ms
28) [8,9],  37 ms
29) [9,8],  26 ms
30) [4,11],  27 ms
31) [7,14],  3892 ms
32) [2,9],  29 ms
33) [3,10],  29 ms
34) [7,15],  30 ms
35) [8,16],  29 ms
36) [8,13],  26814 ms
37) [5,10],  4995 ms
38) [4,10],  60035 ms
39) [4,9],  5042 ms
40) [10,13],  60000 ms
41) [7,8],  2148 ms
42) [8,8],  21844 ms
43) [4,15],  1517 ms
44) [8,7],  24155 ms
45) [8,6],  29 ms
46) [10,10],  49562 ms
47) [11,10],  28 ms
48) [5,16],  17942 ms
49) [7,6],  3414 ms
50) [5,15],  31439 ms
51) [5,14],  28 ms
52) [6,6],  28630 ms
53) [7,7],  848 ms
54) [7,5],  17875 ms
55) [9,5],  280 ms
56) [6,8],  17004 ms
57) [9,6],  32 ms
58) [9,7],  28 ms
59) [10,4],  52 ms
60) [11,3],  28 ms
61) [10,6],  33 ms
62) [11,6],  28 ms
63) [6,7],  34 ms
64) [5,8],  29 ms
65) [10,5],  30 ms
66) [10,7],  10517 ms
67) [12,5],  32 ms
68) [8,5],  25844 ms
69) [13,5],  30 ms
70) [11,5],  29 ms
71) [11,4],  28 ms
72) [10,3],  10806 ms
73) [12,4],  31 ms
74) [13,4],  32 ms
75) pbrain-pela:  I win !
75) [8,4],  32 ms
76) [9,4],  30 ms
77) [12,3],  30 ms
78) [13,2],  30 ms
79) [7,3],  33 ms
80) [11,7],  31 ms
81) [6,2],  30 ms

pela 5.0 wins

pela 60.0:  11 s/turn
pela 5.0:  906 ms/turn
