 0) [9,8],  1267 ms
 1) [9,7],  27 ms
 2) [10,9],  27 ms
 3) [8,7],  27 ms
 4) [7,7],  22704 ms
 5) [9,9],  2605 ms
 6) [11,8],  59998 ms
 7) [12,7],  3493 ms
 8) [11,7],  29284 ms
 9) [10,7],  1463 ms
10) [12,8],  60011 ms
11) [13,8],  3333 ms
12) [9,5],  23742 ms
13) [10,6],  3069 ms
14) [8,6],  1295 ms
15) [6,8],  3042 ms
16) [10,4],  97 ms
17) [11,3],  27 ms
18) [11,5],  62 ms
19) [11,6],  2262 ms
20) [10,5],  32 ms
21) [12,5],  1831 ms
22) [7,5],  30 ms
23) [8,5],  28 ms
24) [7,4],  31 ms
25) [7,6],  4419 ms
26) [9,4],  30 ms
27) [8,4],  27 ms
28) [9,3],  27 ms
29) [9,2],  27 ms
30) [8,2],  26 ms
31) [12,6],  27 ms
32) [7,1],  26 ms

pela 60.0 wins

pela 60.0:  11 s/turn
pela 5.0:  1606 ms/turn
