 0) [9,8],  1353 ms
 1) [10,9],  29 ms
 2) [9,7],  29 ms
 3) [9,6],  28 ms
 4) [8,8],  57666 ms
 5) [7,8],  30 ms
 6) [7,6],  31175 ms
 7) [10,6],  3135 ms
 8) [10,5],  39290 ms
 9) [7,5],  4920 ms
10) [8,7],  36139 ms
11) [8,9],  2487 ms
12) [10,11],  30766 ms
13) [6,5],  4787 ms
14) [6,7],  29387 ms
15) [7,7],  5015 ms
16) [5,5],  17127 ms
17) [9,5],  1598 ms
18) [11,7],  17075 ms
19) [12,7],  2671 ms
20) [11,8],  48568 ms
21) [10,8],  2023 ms
22) [9,9],  17702 ms
23) [9,11],  5007 ms
24) [10,10],  18405 ms
25) [11,11],  2602 ms
26) [4,6],  36466 ms
27) [5,8],  4015 ms
28) [5,9],  9891 ms
29) [3,7],  4970 ms
30) [11,6],  22252 ms
31) [11,9],  2827 ms
32) [12,9],  8587 ms
33) [13,10],  5003 ms
34) [6,10],  11406 ms
35) [5,11],  2457 ms
36) [6,8],  7039 ms
37) [6,9],  2645 ms
38) [4,4],  12632 ms
39) [3,5],  1470 ms
40) [3,6],  12991 ms
41) [5,6],  2025 ms
42) [7,4],  10292 ms
43) [6,4],  3211 ms
44) [8,5],  8259 ms
45) [11,4],  4134 ms
46) [5,2],  9066 ms
47) [6,3],  3475 ms
48) [6,2],  14460 ms
49) [4,2],  3551 ms
50) [5,3],  13152 ms
51) [7,1],  2482 ms
52) [4,10],  8172 ms
53) [3,10],  4988 ms
54) [8,12],  10110 ms
55) [7,11],  4998 ms
56) [7,10],  5461 ms
57) [8,10],  4405 ms
58) [8,4],  7854 ms
59) [8,6],  26 ms
60) [4,11],  6756 ms
61) [3,11],  1511 ms
62) [3,9],  4326 ms
63) [13,8],  3404 ms
64) [5,1],  4153 ms
65) [5,4],  27 ms
66) [7,3],  2448 ms
67) [4,0],  27 ms
68) [9,4],  4245 ms
69) [10,3],  26 ms
70) [7,2],  1564 ms
71) [8,3],  27 ms
72) [13,9],  1551 ms
73) [11,13],  40 ms
74) [10,12],  1887 ms
75) [11,12],  68 ms
76) [11,10],  28 ms
77) [8,11],  47 ms
78) [6,11],  28 ms
79) [11,14],  620 ms
80) [11,15],  28 ms
81) [10,13],  96 ms
82) [9,14],  1765 ms
83) [11,3],  48 ms
84) [10,4],  27 ms
85) [14,9],  39 ms
86) [12,11],  27 ms
87) [15,10],  35 ms
88) [16,11],  28 ms
89) [9,12],  30 ms
90) [12,15],  26 ms
91) [14,10],  31 ms
92) [16,10],  2586 ms
93) [12,13],  29 ms
94) [13,13],  26 ms
95) pbrain-pela:  I win !
95) [14,11],  27 ms
96) [13,12],  26 ms
97) [14,8],  27 ms
98) [14,12],  26 ms
99) [14,7],  26 ms

pela 5.0 wins

pela 60.0:  11 s/turn
pela 5.0:  1943 ms/turn
