 0) [10,8],  0 ms
 1) [9,8],  3090 ms
 2) [8,9],  29 ms
 3) [9,9],  28 ms
 4) [9,10],  27 ms
 5) [10,10],  28 ms
 6) [8,8],  28 ms
 7) [8,11],  1670 ms
 8) [8,6],  26376 ms
 9) [8,7],  2289 ms
10) [9,7],  10350 ms
11) [7,5],  1442 ms
12) [10,6],  42574 ms
13) [11,5],  5024 ms
14) [11,9],  5099 ms
15) [12,10],  28 ms
16) [7,9],  5796 ms
17) [6,10],  28 ms
18) [7,6],  6591 ms
19) [9,6],  5030 ms
20) [7,8],  544 ms
21) [6,7],  5008 ms
22) [7,7],  289 ms
23) [7,10],  54 ms
24) [6,8],  47 ms
25) [5,9],  3825 ms
26) [9,5],  33 ms
27) [10,4],  27 ms
28) [11,7],  32 ms
29) [12,8],  5006 ms
30) [4,6],  30 ms
31) [5,7],  1932 ms
32) pbrain-pela:  I win !
32) [6,6],  27 ms
33) [5,6],  28 ms
34) [5,8],  28 ms
35) [4,8],  27 ms
36) [5,5],  28 ms
37) [4,4],  28 ms
38) [7,3],  27 ms
39) [8,4],  28 ms
40) [6,4],  28 ms
41) [8,2],  27 ms
42) [3,7],  28 ms

pela 60.0 wins

pela 60.0:  4455 ms/turn
pela 5.0:  1649 ms/turn
