 0) [10,10],  0 ms
 1) [9,10],  1763 ms
 2) [8,11],  27 ms
 3) [9,11],  28 ms
 4) [9,9],  27 ms
 5) [8,9],  27 ms
 6) [10,11],  28 ms
 7) [10,8],  1806 ms
 8) [10,13],  21467 ms
 9) [10,12],  2266 ms
10) [9,12],  11110 ms
11) [11,14],  5007 ms
12) [8,13],  42346 ms
13) [7,14],  5004 ms
14) [7,10],  4566 ms
15) [6,9],  27 ms
16) [11,10],  4166 ms
17) [12,9],  27 ms
18) [11,13],  4976 ms
19) [9,13],  5009 ms
20) [11,11],  549 ms
21) [12,12],  5029 ms
22) [11,12],  213 ms
23) [11,9],  27 ms
24) [12,11],  44 ms
25) [13,10],  3291 ms
26) [9,14],  31 ms
27) [8,15],  27 ms
28) [7,12],  31 ms
29) [6,11],  5027 ms
30) [14,13],  29 ms
31) [13,12],  5011 ms
32) pbrain-pela:  I win !
32) [12,13],  26 ms
33) [13,13],  27 ms
34) [13,11],  27 ms
35) [14,11],  27 ms
36) [13,14],  27 ms
37) [14,15],  27 ms
38) [11,16],  27 ms
39) [10,15],  27 ms
40) [12,15],  27 ms
41) [15,12],  27 ms
42) [10,17],  27 ms

pela 60.0 wins

pela 60.0:  4080 ms/turn
pela 5.0:  1881 ms/turn
