 0) [11,8],  26 ms
 1) [11,9],  25 ms
 2) [10,10],  26 ms
 3) [10,9],  25 ms
 4) [12,9],  28 ms
 5) [13,10],  27 ms
 6) [10,8],  17781 ms
 7) [8,8],  4133 ms
 8) [9,6],  59996 ms
 9) [10,7],  3813 ms
10) [8,9],  19691 ms
11) [15,10],  5021 ms
12) [14,10],  59988 ms
13) [13,8],  5009 ms
14) [14,9],  39575 ms
15) [15,8],  1588 ms
16) [13,7],  57550 ms
17) [14,8],  3128 ms
18) [16,8],  19865 ms
19) [17,7],  2567 ms
20) [15,7],  46485 ms
21) [14,6],  4203 ms
22) [8,10],  15767 ms
23) [7,10],  5015 ms
24) [9,10],  37593 ms
25) [12,10],  3582 ms
26) [9,9],  31 ms
27) [7,11],  5012 ms
28) [9,11],  29 ms
29) [9,12],  3929 ms
30) [7,8],  30 ms
31) [6,7],  3370 ms
32) [10,11],  29 ms
33) [11,12],  28 ms
34) [11,7],  30 ms
35) [12,6],  27 ms
36) [10,12],  30 ms
37) [7,9],  1996 ms
38) [10,13],  33 ms
39) [10,14],  27 ms
40) [11,11],  30 ms
41) [12,11],  3670 ms
42) pbrain-pela:  I win !
42) [11,13],  28 ms
43) [12,14],  27 ms
44) [13,13],  27 ms
45) [12,12],  28 ms
46) [12,13],  28 ms
47) [14,13],  26 ms
48) [9,13],  29 ms

pela 60.0 wins

pela 60.0:  14 s/turn
pela 5.0:  2344 ms/turn
