 0) [12,8],  25 ms
 1) [11,8],  920 ms
 2) [12,9],  25 ms
 3) [12,10],  26 ms
 4) [13,8],  60020 ms
 5) [14,7],  2435 ms
 6) [16,8],  22316 ms
 7) [15,8],  1977 ms
 8) [13,6],  22873 ms
 9) [13,7],  1725 ms
10) [16,7],  21473 ms
11) [16,6],  3144 ms
12) [15,6],  60000 ms
13) [17,8],  4111 ms
14) [14,8],  57642 ms
15) [10,8],  2080 ms
16) [10,7],  18930 ms
17) [9,10],  2972 ms
18) [11,9],  48107 ms
19) [9,8],  3670 ms
20) [10,10],  29567 ms
21) [9,9],  2495 ms
22) [9,11],  35765 ms
23) [8,12],  28 ms
24) [7,8],  28367 ms
25) [8,11],  30 ms
26) [12,7],  11037 ms
27) [12,6],  4884 ms
28) [8,10],  12181 ms
29) [14,9],  4999 ms
30) [7,12],  24510 ms
31) [17,7],  2131 ms
32) [14,4],  7226 ms
33) [8,7],  3394 ms
34) [17,9],  12598 ms
35) [10,13],  5019 ms
36) [7,6],  9160 ms
37) [7,9],  3044 ms
38) [9,13],  9050 ms
39) [11,12],  2266 ms
40) [12,11],  12706 ms
41) [9,12],  180 ms
42) [7,10],  5232 ms
43) [12,13],  33 ms
44) [10,11],  13010 ms
45) [11,14],  30 ms
46) [12,15],  28 ms
47) [12,12],  32 ms
48) [10,12],  46 ms
49) [11,13],  31 ms
50) [11,15],  5043 ms
51) [14,13],  30 ms
52) [13,13],  28 ms
53) [11,7],  30 ms
54) [13,5],  28 ms
55) [9,7],  31 ms
56) [9,6],  28 ms
57) [14,10],  31 ms
58) [13,11],  28 ms
59) [11,11],  58 ms
60) [11,10],  26 ms
61) pbrain-pela:  I win !
61) [14,11],  28 ms
62) [14,12],  26 ms
63) [13,12],  27 ms
64) [15,10],  26 ms
65) [10,15],  26 ms

pela 5.0 wins

pela 60.0:  15 s/turn
pela 5.0:  1573 ms/turn
