 0) [8,12],  28 ms
 1) [7,12],  280 ms
 2) [8,11],  28 ms
 3) [8,10],  28 ms
 4) [9,12],  60021 ms
 5) [10,13],  1555 ms
 6) [12,12],  18685 ms
 7) [11,12],  1706 ms
 8) [9,14],  21255 ms
 9) [9,13],  1690 ms
10) [12,13],  20581 ms
11) [12,14],  4111 ms
12) [11,14],  60002 ms
13) [13,12],  5001 ms
14) [10,12],  59939 ms
15) [6,12],  4783 ms
16) [6,13],  44794 ms
17) [5,10],  5000 ms
18) [7,11],  44952 ms
19) [8,15],  3664 ms
20) [4,10],  38540 ms
21) [9,11],  2648 ms
22) [4,11],  28078 ms
23) [4,13],  5009 ms
24) [3,11],  19413 ms
25) [5,9],  3318 ms
26) [5,11],  8699 ms
27) [6,11],  26 ms
28) [4,9],  12469 ms
29) [4,12],  2493 ms
30) [5,12],  27 ms
31) [3,10],  2142 ms
32) [12,9],  17597 ms
33) [12,10],  2372 ms
34) [12,11],  8033 ms
35) [4,8],  1959 ms
36) [5,7],  11067 ms
37) [11,10],  3088 ms
38) [10,10],  15947 ms
39) [11,11],  1881 ms
40) [11,9],  181 ms
41) [10,9],  2395 ms
42) [3,5],  6009 ms
43) [6,8],  5016 ms
44) [3,7],  5955 ms
45) [5,5],  5038 ms
46) [6,9],  8487 ms
47) [5,8],  1775 ms
48) [7,8],  5763 ms
49) [2,11],  4327 ms
50) [11,16],  11929 ms
51) [7,7],  4609 ms
52) [8,6],  10219 ms
53) [2,7],  3869 ms
54) [8,8],  7830 ms
55) [8,7],  1889 ms
56) [7,6],  5386 ms
57) [9,6],  1981 ms
58) [12,15],  6883 ms
59) [10,15],  4225 ms
60) [10,6],  5322 ms
61) [11,15],  5010 ms
62) [7,15],  3517 ms
63) [2,8],  1993 ms
64) [3,8],  28 ms
65) [3,6],  4056 ms
66) [0,9],  3666 ms
67) [8,14],  2089 ms
68) [10,16],  1868 ms
69) [10,17],  2357 ms
70) [6,15],  2694 ms
71) [4,14],  4826 ms
72) [4,16],  994 ms
73) [5,16],  3783 ms
74) [15,12],  2304 ms
75) [13,14],  4415 ms
76) [15,13],  2920 ms
77) [15,14],  4999 ms
78) [16,14],  2548 ms
79) [14,12],  5000 ms
80) [13,13],  1092 ms
81) [14,13],  2168 ms
82) [17,16],  2036 ms
83) [16,16],  3118 ms
84) [16,12],  1226 ms
85) [16,13],  5000 ms
86) [14,15],  535 ms
87) [17,11],  5012 ms
88) [14,10],  712 ms
89) [2,10],  5006 ms
90) [2,9],  29 ms
91) [15,11],  2699 ms
92) [15,9],  35 ms
93) [13,11],  40 ms
94) [13,9],  32 ms
95) [14,9],  29 ms
96) [12,8],  29 ms
97) [11,7],  28 ms
98) [13,7],  30 ms
99) [14,6],  29 ms
100) [13,8],  30 ms
101) [13,6],  32 ms
102) [14,8],  31 ms
103) [12,6],  29 ms
104) [11,8],  28 ms
105) [15,8],  30 ms
106) [10,8],  28 ms

pela 60.0 wins

pela 60.0:  10 s/turn
pela 5.0:  2823 ms/turn
