 0) [9,8],  2635 ms
 1) [8,8],  28 ms
 2) [10,9],  27 ms
 3) [8,7],  28 ms
 4) [8,6],  46912 ms
 5) [10,8],  1923 ms
 6) [9,10],  20404 ms
 7) [8,11],  3817 ms
 8) [8,10],  60024 ms
 9) [8,9],  1488 ms
10) [10,6],  60004 ms
11) [9,6],  1966 ms
12) [10,4],  23812 ms
13) [10,10],  4682 ms
14) [9,5],  55196 ms
15) [7,7],  1447 ms
16) [9,9],  47302 ms
17) [9,7],  3321 ms
18) [6,7],  20846 ms
19) [8,4],  2407 ms
20) [11,7],  10613 ms
21) [11,5],  4999 ms
22) [12,7],  36050 ms
23) [13,9],  1842 ms
24) [10,3],  2319 ms
25) [10,5],  1946 ms
26) [13,6],  122 ms
27) [11,8],  26 ms
28) [11,4],  33 ms
29) [6,9],  2449 ms
30) [7,8],  27 ms
31) [12,5],  89 ms
32) [13,4],  33 ms
33) [12,4],  2659 ms
34) [13,5],  28 ms
35) [13,7],  27 ms
36) pbrain-pela:  I win !
36) [11,3],  26 ms
37) [12,2],  27 ms
38) [13,3],  27 ms
39) [13,2],  27 ms
40) [12,3],  26 ms
41) [14,3],  27 ms
42) [9,3],  36 ms

pela 60.0 wins

pela 60.0:  17 s/turn
pela 5.0:  1677 ms/turn
