 0) [8,12],  28 ms
 1) [8,13],  27 ms
 2) [7,11],  27 ms
 3) [9,13],  28 ms
 4) [10,13],  23731 ms
 5) [8,11],  4999 ms
 6) [6,12],  18697 ms
 7) [5,13],  3607 ms
 8) [6,13],  54655 ms
 9) [7,13],  5013 ms
10) [5,12],  60001 ms
11) [4,12],  3973 ms
12) [8,15],  35779 ms
13) [7,14],  3665 ms
14) [9,14],  1747 ms
15) [11,12],  3953 ms
16) [7,16],  115 ms
17) [6,17],  26 ms
18) [6,15],  65 ms
19) [6,14],  3687 ms
20) [7,15],  30 ms
21) [5,15],  2731 ms
22) [10,15],  30 ms
23) [9,15],  26 ms
24) [10,16],  31 ms
25) [10,14],  4699 ms
26) [8,16],  30 ms
27) [9,16],  28 ms
28) [8,17],  27 ms
29) [8,18],  26 ms
30) [5,14],  27 ms
31) [9,18],  26 ms
32) [4,13],  27 ms

pela 60.0 wins

pela 60.0:  11 s/turn
pela 5.0:  2282 ms/turn
