 0) [9,8],  0 ms
 1) [8,8],  1352 ms
 2) [10,9],  28 ms
 3) [8,7],  28 ms
 4) [8,9],  25255 ms
 5) [10,7],  26 ms
 6) [7,7],  44212 ms
 7) [9,10],  1599 ms
 8) [6,9],  26055 ms
 9) [7,9],  3307 ms
10) [10,6],  60012 ms
11) [6,10],  2273 ms
12) [5,11],  44157 ms
13) [9,6],  2370 ms
14) [8,5],  52649 ms
15) [7,10],  1888 ms
16) [8,10],  41569 ms
17) [4,10],  4752 ms
18) [8,4],  18257 ms
19) [7,3],  2828 ms
20) [9,4],  41110 ms
21) [10,4],  3289 ms
22) [8,3],  35229 ms
23) [8,2],  1691 ms
24) [10,5],  30219 ms
25) [5,10],  2116 ms
26) [3,10],  29 ms
27) [11,6],  1796 ms
28) [6,5],  726 ms
29) [9,3],  1966 ms
30) [11,5],  32 ms
31) [6,0],  4807 ms
32) [7,1],  29 ms
33) [9,5],  5009 ms
34) [6,1],  29 ms
35) [7,2],  27 ms
36) [7,6],  29 ms
37) [6,7],  1905 ms
38) [13,3],  31 ms
39) [12,4],  33 ms
40) [9,2],  33 ms
41) [7,4],  30 ms
42) [8,1],  34 ms
43) [5,1],  29 ms
44) [10,3],  29 ms
45) [11,2],  28 ms
46) [11,4],  29 ms
47) [12,5],  29 ms
48) [7,0],  28 ms

pela 60.0 wins

pela 60.0:  16 s/turn
pela 5.0:  1799 ms/turn
