 0) [9,8],  168 ms
 1) [9,9],  27 ms
 2) [10,7],  29 ms
 3) [8,9],  27 ms
 4) [7,9],  60000 ms
 5) [9,7],  5002 ms
 6) [11,8],  50117 ms
 7) [12,9],  1963 ms
 8) [11,9],  35591 ms
 9) [11,7],  3861 ms
10) [10,9],  59998 ms
11) [10,8],  1436 ms
12) [12,6],  48562 ms
13) [13,6],  5001 ms
14) [9,11],  38802 ms
15) [11,10],  2338 ms
16) [8,10],  34969 ms
17) [10,12],  5012 ms
18) [13,8],  16061 ms
19) [10,10],  2447 ms
20) [12,12],  11016 ms
21) [10,6],  5013 ms
22) [13,9],  34963 ms
23) [13,11],  1977 ms
24) [11,5],  22275 ms
25) [14,8],  3960 ms
26) [9,5],  12045 ms
27) [10,5],  1620 ms
28) [6,10],  6676 ms
29) [7,8],  5009 ms
30) [10,4],  6829 ms
31) [9,3],  2371 ms
32) [6,8],  8239 ms
33) [5,7],  28 ms
34) [6,7],  9808 ms
35) [6,9],  4999 ms
36) [7,11],  12378 ms
37) [9,10],  5007 ms
38) [5,9],  12414 ms
39) [8,12],  4840 ms
40) [5,11],  1605 ms
41) [4,12],  30 ms
42) pbrain-pela:  I win !
42) [3,7],  28 ms
43) [4,8],  28 ms
44) [6,11],  28 ms
45) [8,11],  29 ms
46) [3,11],  29 ms
47) [4,11],  28 ms
48) [4,10],  29 ms
49) [7,7],  28 ms
50) [2,12],  28 ms

pela 60.0 wins

pela 60.0:  18 s/turn
pela 5.0:  2483 ms/turn
