 0) [9,9],  1 ms
 1) [8,9],  166 ms
 2) [7,8],  28 ms
 3) [8,8],  28 ms
 4) [8,10],  27 ms
 5) [7,10],  28 ms
 6) [9,8],  27 ms
 7) [9,11],  3271 ms
 8) [9,6],  19549 ms
 9) [9,7],  1419 ms
10) [6,10],  19962 ms
11) [8,7],  2493 ms
12) [8,6],  19890 ms
13) [7,11],  3968 ms
14) [6,11],  30815 ms
15) [6,8],  3060 ms
16) [10,7],  21169 ms
17) [11,6],  3431 ms
18) [10,6],  54514 ms
19) [10,5],  3329 ms
20) [9,5],  35278 ms
21) [11,7],  3601 ms
22) [12,7],  48671 ms
23) [4,6],  2452 ms
24) [5,7],  50012 ms
25) [6,6],  3752 ms
26) [6,7],  26161 ms
27) [3,7],  2493 ms
28) [5,5],  21555 ms
29) [8,5],  1448 ms
30) [12,9],  36045 ms
31) [13,10],  5001 ms
32) [7,12],  21343 ms
33) [6,13],  2218 ms
34) [4,5],  27845 ms
35) [5,6],  3628 ms
36) [3,6],  23870 ms
37) [9,12],  4751 ms
38) [10,13],  12609 ms
39) [8,15],  4484 ms
40) [7,14],  9349 ms
41) [12,10],  2660 ms
42) [11,10],  9490 ms
43) [8,13],  5001 ms
44) [9,13],  15969 ms
45) [6,5],  2177 ms
46) [8,3],  8142 ms
47) [7,3],  5009 ms
48) [4,12],  12107 ms
49) [5,11],  4063 ms
50) [8,14],  10798 ms
51) [6,14],  2996 ms
52) [10,9],  9255 ms
53) [10,10],  1535 ms
54) [7,13],  4867 ms
55) [7,15],  3191 ms
56) [9,15],  4596 ms
57) [10,16],  3388 ms
58) [12,8],  6580 ms
59) [11,9],  1653 ms
60) [11,8],  2505 ms
61) [13,6],  2343 ms
62) [12,11],  5105 ms
63) [13,12],  27 ms
64) [13,11],  1961 ms
65) [13,8],  2351 ms
66) [13,9],  1742 ms
67) [5,4],  4063 ms
68) [5,10],  4015 ms
69) [4,9],  4618 ms
70) [4,7],  3444 ms
71) [1,4],  5000 ms
72) [4,3],  2954 ms
73) [7,4],  3780 ms
74) [6,9],  1628 ms
75) [2,5],  5013 ms
76) [2,4],  850 ms
77) [3,12],  5022 ms
78) [9,14],  1302 ms
79) [13,5],  5036 ms
80) [12,6],  940 ms
81) [12,5],  31 ms
82) [10,14],  1873 ms
83) [11,14],  31 ms
84) [11,13],  1609 ms
85) [12,12],  32 ms
86) [13,4],  495 ms
87) pbrain-pela:  I win !
87) [11,5],  31 ms
88) [14,5],  33 ms
89) [11,4],  31 ms
90) [11,3],  30 ms
91) [10,3],  31 ms
92) [14,7],  31 ms
93) [9,2],  33 ms

pela 5.0 wins

pela 60.0:  12 s/turn
pela 5.0:  2641 ms/turn
