 0) [12,9],  27 ms
 1) [11,9],  3033 ms
 2) [13,8],  27 ms
 3) [11,10],  27 ms
 4) [11,8],  28743 ms
 5) [13,10],  28 ms
 6) [10,10],  39985 ms
 7) [12,7],  1611 ms
 8) [9,8],  24599 ms
 9) [10,8],  2539 ms
10) [12,10],  37068 ms
11) [12,12],  4517 ms
12) [11,12],  30123 ms
13) [9,7],  3206 ms
14) [8,6],  41601 ms
15) [11,5],  2240 ms
16) [11,7],  56829 ms
17) [7,6],  2897 ms
18) [12,4],  48722 ms
19) [11,4],  5016 ms
20) [10,12],  41760 ms
21) [10,13],  5017 ms
22) [9,11],  33431 ms
23) [9,13],  4070 ms
24) [12,13],  31009 ms
25) [9,10],  3043 ms
26) [7,11],  12939 ms
27) [6,11],  2978 ms
28) [12,8],  17842 ms
29) [13,9],  5006 ms
30) [13,13],  22165 ms
31) [12,14],  4260 ms
32) [8,13],  6939 ms
33) [11,13],  4715 ms
34) [10,14],  12661 ms
35) [8,12],  3227 ms
36) [10,15],  10760 ms
37) [9,16],  5020 ms
38) [9,15],  5332 ms
39) [11,16],  5003 ms
40) [10,16],  6129 ms
41) [10,17],  5000 ms
42) [7,9],  5932 ms
43) [7,10],  2502 ms
44) [7,13],  448 ms
45) [8,14],  2892 ms
46) [7,15],  53 ms
47) [8,15],  1448 ms
48) [7,14],  28 ms
49) [7,12],  28 ms
50) [7,17],  86 ms
51) [7,16],  28 ms
52) [8,10],  95 ms
53) [6,8],  28 ms
54) [8,16],  37 ms
55) [6,18],  28 ms
56) [5,13],  30 ms
57) [6,14],  29 ms
58) [6,12],  29 ms
59) [9,9],  28 ms
60) [4,14],  28 ms

pela 60.0 wins

pela 60.0:  16 s/turn
pela 5.0:  2648 ms/turn
