 0) [9,8],  274 ms
 1) [8,7],  27 ms
 2) [9,9],  28 ms
 3) [9,10],  27 ms
 4) [10,8],  59989 ms
 5) [11,8],  28 ms
 6) [11,10],  24369 ms
 7) [7,11],  1704 ms
 8) [8,11],  26145 ms
 9) [11,7],  5013 ms
10) [12,7],  60038 ms
11) [10,9],  2975 ms
12) [13,10],  36336 ms
13) [12,10],  4998 ms
14) [11,6],  36688 ms
15) [13,8],  3400 ms
16) [8,13],  50913 ms
17) [9,12],  5003 ms
18) [11,11],  26519 ms
19) [8,12],  3394 ms
20) [6,10],  16304 ms
21) [10,10],  1971 ms
22) [10,12],  31560 ms
23) [10,7],  5031 ms
24) [8,5],  13859 ms
25) [7,8],  4813 ms
26) [7,7],  31030 ms
27) [11,13],  4086 ms
28) [9,5],  21641 ms
29) [8,6],  4268 ms
30) [10,5],  36 ms
31) [11,5],  5032 ms
32) [9,6],  28 ms
33) [9,7],  27 ms
34) [9,4],  28 ms
35) [8,3],  28 ms
36) [6,5],  29 ms
37) [7,5],  26 ms
38) [10,3],  29 ms
39) [11,2],  1534 ms
40) [9,2],  28 ms
41) [9,3],  28 ms
42) [11,4],  29 ms
43) [8,1],  27 ms
44) pbrain-pela:  I win !
44) [13,6],  27 ms
45) [12,5],  26 ms
46) [7,6],  28 ms
47) [6,7],  27 ms
48) [10,6],  26 ms
49) [12,6],  27 ms
50) [10,4],  27 ms
51) [10,2],  26 ms
52) [8,4],  27 ms
53) [12,4],  27 ms
54) [7,4],  26 ms

pela 60.0 wins

pela 60.0:  15 s/turn
pela 5.0:  1984 ms/turn
