 0) [10,12],  1 ms
 1) [9,12],  699 ms
 2) [10,11],  28 ms
 3) [10,10],  28 ms
 4) [9,9],  51272 ms
 5) [7,10],  1762 ms
 6) [8,11],  35748 ms
 7) [9,11],  4238 ms
 8) [11,9],  23849 ms
 9) [12,9],  5005 ms
10) [8,9],  60015 ms
11) [10,9],  1773 ms
12) [9,10],  4467 ms
13) [7,8],  5012 ms
14) [11,12],  4573 ms
15) [12,13],  29 ms
16) [11,11],  9444 ms
17) [11,10],  2726 ms
18) [12,10],  551 ms
19) [13,9],  1515 ms
20) [10,8],  252 ms
21) [9,7],  2407 ms
22) [13,11],  31 ms
23) [14,12],  29 ms
24) [12,11],  33 ms
25) [14,11],  27 ms
26) [9,13],  30 ms
27) [8,14],  28 ms
28) [8,12],  28 ms
29) [8,10],  28 ms
30) [10,13],  29 ms
31) [9,14],  28 ms
32) [10,14],  28 ms
33) [10,15],  28 ms
34) [7,11],  28 ms
35) [11,15],  28 ms
36) [6,10],  27 ms

pela 60.0 wins

pela 60.0:  10 s/turn
pela 5.0:  1410 ms/turn
