 0) [9,8],  1712 ms
 1) [10,9],  27 ms
 2) [9,7],  27 ms
 3) [9,6],  26 ms
 4) [8,8],  56378 ms
 5) [10,8],  28 ms
 6) [8,9],  49959 ms
 7) [8,7],  1678 ms
 8) [10,5],  18720 ms
 9) [7,9],  5030 ms
10) [9,10],  25494 ms
11) [9,11],  3439 ms
12) [10,12],  17898 ms
13) [11,12],  1719 ms
14) [11,5],  58999 ms
15) [10,6],  2524 ms
16) [10,10],  52975 ms
17) [11,6],  4630 ms
18) [12,6],  15824 ms
19) [8,10],  1500 ms
20) [7,11],  29262 ms
21) [10,4],  5001 ms
22) [7,6],  12287 ms
23) [7,8],  4179 ms
24) [6,6],  19693 ms
25) [7,5],  2300 ms
26) [6,8],  17793 ms
27) [7,7],  2262 ms
28) [9,13],  28275 ms
29) [6,10],  2487 ms
30) [10,13],  20324 ms
31) [7,10],  1724 ms
32) [5,10],  217 ms
33) [11,11],  5006 ms
34) [11,13],  239 ms
35) [12,13],  1851 ms
36) [10,14],  47 ms
37) [10,11],  28 ms
38) [8,13],  87 ms
39) [7,13],  28 ms
40) [10,15],  32 ms
41) [10,16],  29 ms
42) [12,11],  33 ms
43) [9,14],  32 ms
44) [9,15],  30 ms
45) [8,16],  29 ms
46) pbrain-pela:  I win !
46) [11,15],  28 ms
47) [8,12],  28 ms
48) [8,15],  29 ms
49) [12,15],  27 ms
50) [7,15],  29 ms

pela 60.0 wins

pela 60.0:  16 s/turn
pela 5.0:  1824 ms/turn
