 0) [8,8],  26 ms
 1) [7,8],  1883 ms
 2) [8,7],  28 ms
 3) [8,6],  61 ms
 4) [9,8],  18638 ms
 5) [10,9],  5025 ms
 6) [12,8],  60021 ms
 7) [11,8],  4893 ms
 8) [9,10],  20955 ms
 9) [9,9],  1714 ms
10) [12,9],  60022 ms
11) [12,10],  3532 ms
12) [11,10],  60021 ms
13) [13,8],  2871 ms
14) [10,8],  42717 ms
15) [6,8],  3993 ms
16) [6,9],  40517 ms
17) [5,6],  1712 ms
18) [7,7],  42439 ms
19) [5,8],  5016 ms
20) [6,6],  36380 ms
21) [5,7],  5010 ms
22) [5,5],  15492 ms
23) [4,4],  28 ms
24) [8,10],  26136 ms
25) [7,10],  2755 ms
26) [8,9],  25249 ms
27) [8,11],  28 ms
28) [4,8],  20629 ms
29) [3,4],  5043 ms
30) [4,6],  9275 ms
31) [6,4],  4832 ms
32) [5,4],  9030 ms
33) [5,3],  1021 ms
34) [9,7],  15278 ms
35) [4,2],  110 ms
36) [7,5],  28 ms
37) [4,5],  48 ms
38) [6,7],  28 ms
39) [10,7],  28 ms
40) [7,6],  34 ms
41) [6,5],  30 ms
42) [6,2],  29 ms
43) pbrain-pela:  I win !
43) [2,0],  27 ms
44) [3,1],  29 ms
45) [2,3],  28 ms
46) [1,2],  28 ms
47) [4,3],  29 ms
48) [4,1],  28 ms
49) [3,3],  28 ms
50) [6,3],  28 ms
51) [1,3],  28 ms

pela 5.0 wins

pela 60.0:  19 s/turn
pela 5.0:  1914 ms/turn
