 0) [12,12],  35 ms
 1) [11,12],  532 ms
 2) [12,13],  27 ms
 3) [12,14],  28 ms
 4) [13,12],  53384 ms
 5) [14,11],  2205 ms
 6) [16,12],  20719 ms
 7) [15,12],  1869 ms
 8) [13,10],  20295 ms
 9) [13,11],  5008 ms
10) [16,11],  18889 ms
11) [16,10],  3003 ms
12) [15,10],  60002 ms
13) [17,12],  5017 ms
14) [14,12],  22396 ms
15) [10,12],  4216 ms
16) [10,11],  35286 ms
17) [9,14],  5007 ms
18) [11,13],  18532 ms
19) [9,12],  5015 ms
20) [10,14],  50059 ms
21) [9,13],  3898 ms
22) [9,15],  42914 ms
23) [8,16],  28 ms
24) [7,12],  36784 ms
25) [8,15],  30 ms
26) [12,11],  11349 ms
27) [12,10],  5012 ms
28) [8,14],  12080 ms
29) [14,13],  5012 ms
30) [7,16],  28177 ms
31) [17,11],  2379 ms
32) [14,8],  9162 ms
33) [8,11],  4502 ms
34) [17,13],  15927 ms
35) [10,17],  5012 ms
36) [11,11],  9228 ms
37) [9,17],  1852 ms
38) [8,18],  10946 ms
39) [11,16],  998 ms
40) [12,17],  9190 ms
41) [11,14],  59 ms
42) [10,13],  14367 ms
43) [9,18],  42 ms
44) [12,15],  7116 ms
45) [9,16],  33 ms
46) [11,18],  4449 ms
47) [10,18],  28 ms
48) [7,15],  10251 ms
49) pbrain-pela:  I win !
49) [10,16],  26 ms
50) [12,16],  27 ms
51) [10,15],  26 ms
52) [10,19],  26 ms
53) [8,17],  26 ms
54) [7,18],  26 ms
55) [7,17],  27 ms
56) [11,17],  26 ms
57) [6,17],  26 ms

pela 5.0 wins

pela 60.0:  17 s/turn
pela 5.0:  2100 ms/turn
