 0) [9,10],  0 ms
 1) [8,10],  178 ms
 2) [8,11],  30 ms
 3) [9,11],  29 ms
 4) [7,12],  28 ms
 5) [6,13],  29 ms
 6) [7,14],  22639 ms
 7) [10,9],  5013 ms
 8) [10,12],  59993 ms
 9) [6,12],  2055 ms
10) [5,13],  27271 ms
11) [7,13],  2050 ms
12) [6,14],  60029 ms
13) [8,14],  2907 ms
14) [5,11],  23109 ms
15) [9,15],  3414 ms
16) [10,16],  29 ms
17) [7,15],  4006 ms
18) [5,10],  47 ms
19) [5,12],  1522 ms
20) [6,11],  33 ms
21) [4,9],  584 ms
22) [4,11],  29 ms
23) [7,11],  28 ms
24) [3,12],  29 ms
25) [2,13],  4846 ms
26) [2,11],  30 ms
27) [3,11],  27 ms
28) [8,13],  29 ms
29) [9,14],  29 ms
30) [6,9],  29 ms
31) [7,8],  30 ms
32) [9,12],  27 ms
33) [6,15],  28 ms
34) [7,10],  28 ms
35) [10,13],  27 ms
36) [5,8],  28 ms

pela 60.0 wins

pela 60.0:  10 s/turn
pela 5.0:  1489 ms/turn
