 0) [8,9],  28 ms
 1) [7,9],  1015 ms
 2) [6,8],  29 ms
 3) [7,8],  29 ms
 4) [7,10],  29 ms
 5) [6,10],  29 ms
 6) [8,8],  29 ms
 7) [8,11],  5021 ms
 8) [8,6],  19892 ms
 9) [8,7],  2048 ms
10) [7,7],  9311 ms
11) [9,5],  5012 ms
12) [6,6],  38698 ms
13) [5,5],  5005 ms
14) [5,9],  4724 ms
15) [4,10],  29 ms
16) [9,9],  4919 ms
17) [10,10],  28 ms
18) [9,6],  5509 ms
19) [7,6],  5010 ms
20) [9,8],  537 ms
21) [10,7],  5023 ms
22) [9,7],  233 ms
23) [9,10],  29 ms
24) [10,8],  45 ms
25) [11,9],  3409 ms
26) [7,5],  33 ms
27) [6,4],  29 ms
28) [5,7],  32 ms
29) [4,8],  5005 ms
30) [12,6],  30 ms
31) [11,7],  2856 ms
32) pbrain-pela:  I win !
32) [10,6],  29 ms
33) [11,6],  29 ms
34) [11,8],  29 ms
35) [12,8],  29 ms
36) [9,3],  29 ms
37) [8,4],  29 ms
38) [11,5],  29 ms
39) [12,4],  29 ms
40) [10,4],  29 ms
41) [13,7],  29 ms
42) [8,2],  27 ms

pela 60.0 wins

pela 60.0:  3829 ms/turn
pela 5.0:  1891 ms/turn
