 0) [12,9],  1 ms
 1) [11,9],  209 ms
 2) [12,8],  30 ms
 3) [12,7],  29 ms
 4) [13,9],  60022 ms
 5) [14,10],  5052 ms
 6) [16,9],  59999 ms
 7) [15,9],  1632 ms
 8) [13,11],  25780 ms
 9) [13,10],  1970 ms
10) [16,10],  20174 ms
11) [16,11],  3194 ms
12) [15,11],  60012 ms
13) [17,9],  2433 ms
14) [14,9],  18735 ms
15) [10,9],  3221 ms
16) [10,10],  34073 ms
17) [9,7],  4752 ms
18) [11,8],  42877 ms
19) [9,9],  4031 ms
20) [10,7],  33904 ms
21) [9,8],  2770 ms
22) [9,6],  34917 ms
23) [8,5],  26 ms
24) [12,11],  11049 ms
25) [11,11],  4490 ms
26) [12,10],  14219 ms
27) [12,12],  28 ms
28) [8,9],  13750 ms
29) [7,5],  4719 ms
30) [8,7],  24349 ms
31) [10,5],  3611 ms
32) [9,5],  7547 ms
33) [9,4],  602 ms
34) [13,8],  8702 ms
35) [8,3],  94 ms
36) [11,6],  29 ms
37) [8,6],  49 ms
38) [10,8],  28 ms
39) [14,8],  28 ms
40) [11,7],  35 ms
41) [10,6],  28 ms
42) [10,3],  29 ms
43) pbrain-pela:  I win !
43) [6,1],  27 ms
44) [7,2],  32 ms
45) [6,4],  27 ms
46) [5,3],  29 ms
47) [8,4],  28 ms
48) [8,2],  28 ms
49) [7,4],  27 ms
50) [10,4],  28 ms
51) [5,4],  28 ms

pela 5.0 wins

pela 60.0:  18 s/turn
pela 5.0:  1657 ms/turn
