 0) [12,12],  28 ms
 1) [13,13],  28 ms
 2) [13,11],  27 ms
 3) [11,13],  59 ms
 4) [14,11],  27 ms
 5) [11,12],  27 ms
 6) [14,13],  26 ms
 7) [11,11],  26 ms
 8) [11,14],  4418 ms
 9) [14,12],  60028 ms
10) [11,10],  2443 ms
11) [13,12],  60049 ms
12) [13,14],  4998 ms
13) [15,12],  59200 ms
14) [12,10],  5005 ms
15) [10,10],  29571 ms
16) [14,10],  2083 ms
17) [12,11],  55860 ms
18) [16,12],  5032 ms
19) [15,11],  33029 ms
20) [12,14],  5018 ms
21) [10,14],  34586 ms
22) [10,13],  2110 ms
23) [15,14],  38224 ms
24) [15,13],  1765 ms
25) [14,14],  27508 ms
26) [14,9],  1330 ms
27) [13,8],  15741 ms
28) [15,9],  95 ms
29) [16,8],  28 ms
30) [16,9],  50 ms
31) [17,9],  15123 ms
32) [16,10],  28 ms
33) [14,8],  24419 ms
34) pbrain-pela:  I win !
34) [12,9],  28 ms
35) [13,9],  29 ms
36) [15,10],  28 ms
37) [13,10],  28 ms
38) [16,11],  26 ms
39) [16,13],  26 ms
40) [18,10],  27 ms
41) [17,10],  27 ms
42) [17,8],  26 ms
43) [18,7],  26 ms
44) [17,11],  26 ms
45) [19,9],  27 ms
46) [18,13],  26 ms
47) [17,12],  27 ms
48) [18,12],  27 ms
49) [19,13],  26 ms
50) [18,11],  26 ms
51) [18,14],  27 ms
52) [18,9],  26 ms

pela 5.0 wins

pela 60.0:  17 s/turn
pela 5.0:  1287 ms/turn
