 0) [9,8],  190 ms
 1) [10,8],  29 ms
 2) [8,9],  28 ms
 3) [10,7],  29 ms
 4) [10,6],  26428 ms
 5) [8,8],  5003 ms
 6) [9,10],  26888 ms
 7) [10,11],  3184 ms
 8) [10,10],  59554 ms
 9) [10,9],  5032 ms
10) [8,6],  59999 ms
11) [9,6],  2639 ms
12) [12,9],  39016 ms
13) [8,10],  5001 ms
14) [7,11],  34150 ms
15) [9,11],  2442 ms
16) [12,14],  21757 ms
17) [7,9],  2604 ms
18) [6,8],  47423 ms
19) [6,11],  4104 ms
20) [10,14],  17772 ms
21) [8,7],  5001 ms
22) [9,7],  29990 ms
23) [11,13],  5014 ms
24) [10,12],  27 ms
25) [9,14],  4972 ms
26) [8,13],  11279 ms
27) [9,13],  5009 ms
28) [10,16],  32208 ms
29) [10,15],  3420 ms
30) [11,12],  12816 ms
31) [9,15],  1912 ms
32) [9,12],  27 ms
33) [12,12],  2428 ms
34) [9,16],  9589 ms
35) [8,12],  5011 ms
36) [13,10],  21380 ms
37) [7,8],  5010 ms
38) [6,9],  13429 ms
39) [7,7],  5015 ms
40) [7,6],  7056 ms
41) [13,13],  4999 ms
42) [12,13],  11386 ms
43) [11,10],  1735 ms
44) [8,4],  8241 ms
45) [6,7],  2517 ms
46) [10,5],  9848 ms
47) [7,5],  4294 ms
48) [5,5],  14220 ms
49) [11,7],  2370 ms
50) [4,6],  4320 ms
51) [5,6],  2323 ms
52) [4,7],  5532 ms
53) [3,6],  1764 ms
54) [14,14],  5254 ms
55) [13,14],  4995 ms
56) [13,15],  4489 ms
57) [12,16],  1520 ms
58) [4,5],  6145 ms
59) [4,4],  3450 ms
60) [3,5],  417 ms
61) [2,5],  2418 ms
62) [4,8],  72 ms
63) [4,9],  28 ms
64) [5,7],  122 ms
65) [2,4],  29 ms
66) [2,10],  112 ms
67) [3,9],  3315 ms
68) [2,8],  52 ms
69) [3,7],  3135 ms
70) [3,8],  30 ms
71) [5,8],  30 ms
72) [2,9],  31 ms
73) [2,7],  4238 ms
74) [1,8],  30 ms
75) [0,8],  29 ms
76) [2,11],  31 ms
77) [2,12],  28 ms
78) [3,10],  31 ms
79) [1,10],  29 ms
80) [4,11],  28 ms
81) [5,12],  28 ms
82) [0,7],  29 ms

pela 60.0 wins

pela 60.0:  12 s/turn
pela 5.0:  2832 ms/turn
