 0) [9,8],  162 ms
 1) [8,8],  176 ms
 2) [10,9],  26 ms
 3) [8,7],  27 ms
 4) [8,6],  17164 ms
 5) [10,8],  5004 ms
 6) [9,10],  60005 ms
 7) [8,11],  3781 ms
 8) [8,10],  60022 ms
 9) [8,9],  5002 ms
10) [9,11],  60000 ms
11) [9,12],  3304 ms
12) [6,8],  35576 ms
13) [7,9],  4361 ms
14) [7,7],  1529 ms
15) [9,5],  4201 ms
16) [5,9],  109 ms
17) [4,10],  26 ms
18) [6,10],  58 ms
19) [7,10],  2528 ms
20) [6,9],  31 ms
21) [6,11],  1567 ms
22) [6,6],  30 ms
23) [6,7],  26 ms
24) [5,6],  31 ms
25) [7,6],  4539 ms
26) [5,8],  30 ms
27) [5,7],  27 ms
28) [4,8],  27 ms
29) [3,8],  27 ms
30) [3,7],  26 ms
31) [7,11],  26 ms
32) [2,6],  26 ms

pela 60.0 wins

pela 60.0:  13 s/turn
pela 5.0:  2163 ms/turn
