 0) [10,11],  27 ms
 1) [9,11],  1511 ms
 2) [8,12],  27 ms
 3) [9,12],  28 ms
 4) [9,10],  28 ms
 5) [8,10],  27 ms
 6) [10,12],  27 ms
 7) [10,9],  1777 ms
 8) [10,14],  22582 ms
 9) [10,13],  2044 ms
10) [9,13],  9102 ms
11) [11,15],  5007 ms
12) [8,14],  36203 ms
13) [7,15],  5000 ms
14) [7,11],  3789 ms
15) [6,10],  27 ms
16) [11,11],  3099 ms
17) [12,10],  27 ms
18) [11,14],  3207 ms
19) [9,14],  5005 ms
20) [11,12],  332 ms
21) [12,13],  4931 ms
22) [11,13],  162 ms
23) [11,10],  27 ms
24) [12,12],  44 ms
25) [13,11],  2168 ms
26) [9,15],  31 ms
27) [8,16],  28 ms
28) [7,13],  30 ms
29) [6,12],  4801 ms
30) [14,14],  29 ms
31) [13,13],  3950 ms
32) [12,14],  27 ms
33) [13,14],  27 ms
34) [13,12],  27 ms
35) [14,12],  27 ms
36) [13,15],  26 ms
37) [14,16],  27 ms
38) [11,17],  27 ms
39) [10,16],  27 ms
40) [12,16],  27 ms
41) [15,13],  27 ms
42) [10,18],  27 ms

pela 60.0 wins

pela 60.0:  3585 ms/turn
pela 5.0:  1737 ms/turn
