 0) [9,8],  1400 ms
 1) [9,9],  27 ms
 2) [10,7],  26 ms
 3) [8,9],  27 ms
 4) [7,9],  23345 ms
 5) [9,7],  2101 ms
 6) [11,8],  60017 ms
 7) [12,9],  3724 ms
 8) [11,9],  59899 ms
 9) [10,9],  1460 ms
10) [12,8],  60002 ms
11) [13,8],  3473 ms
12) [9,11],  27776 ms
13) [10,10],  3017 ms
14) [8,10],  1340 ms
15) [6,8],  3626 ms
16) [10,12],  85 ms
17) [11,13],  28 ms
18) [11,11],  62 ms
19) [11,10],  1987 ms
20) [10,11],  32 ms
21) [12,11],  5011 ms
22) [7,11],  31 ms
23) [8,11],  31 ms
24) [7,12],  32 ms
25) [7,10],  4663 ms
26) [9,12],  32 ms
27) [8,12],  29 ms
28) [9,13],  29 ms
29) [9,14],  28 ms
30) [8,14],  29 ms
31) [12,10],  27 ms
32) [7,15],  28 ms

pela 60.0 wins

pela 60.0:  13 s/turn
pela 5.0:  1828 ms/turn
