 0) [11,11],  0 ms
 1) [10,11],  182 ms
 2) [12,10],  32 ms
 3) [10,12],  31 ms
 4) [10,10],  59995 ms
 5) [12,12],  29 ms
 6) [9,12],  24941 ms
 7) [11,9],  5006 ms
 8) [8,10],  59993 ms
 9) [9,10],  1665 ms
10) [11,12],  20538 ms
11) [11,14],  2415 ms
12) [10,14],  38606 ms
13) [8,9],  1992 ms
14) [7,8],  24915 ms
15) [10,7],  1709 ms
16) [10,9],  51007 ms
17) [6,8],  2142 ms
18) [11,6],  43467 ms
19) [10,6],  5006 ms
20) [9,7],  32545 ms
21) [6,6],  2033 ms
22) [6,9],  10292 ms
23) [5,10],  5007 ms
24) [10,5],  33365 ms
25) [9,6],  2369 ms
26) [7,6],  16572 ms
27) [7,7],  4997 ms
28) [8,6],  7796 ms
29) [7,5],  5001 ms
30) [8,5],  22288 ms
31) [8,4],  52 ms
32) [5,7],  15086 ms
33) [9,3],  42 ms
34) [10,2],  30 ms
35) [7,3],  33 ms
36) [9,5],  7609 ms
37) [5,5],  31 ms
38) [4,4],  16443 ms
39) [6,4],  32 ms
40) [8,2],  29 ms
41) pbrain-pela:  I win !
41) [6,5],  29 ms
42) [6,7],  28 ms
43) [6,3],  29 ms
44) [6,2],  28 ms
45) [8,3],  29 ms
46) [10,3],  28 ms
47) [5,3],  29 ms

pela 5.0 wins

pela 60.0:  20 s/turn
pela 5.0:  1662 ms/turn
