 0) [9,8],  26 ms
 1) [8,8],  877 ms
 2) [10,9],  27 ms
 3) [8,7],  27 ms
 4) [8,9],  19053 ms
 5) [10,7],  27 ms
 6) [7,7],  46101 ms
 7) [9,10],  1647 ms
 8) [6,9],  25492 ms
 9) [7,9],  2796 ms
10) [10,6],  60037 ms
11) [6,10],  2382 ms
12) [5,11],  60009 ms
13) [9,6],  3605 ms
14) [8,5],  55597 ms
15) [7,10],  2146 ms
16) [8,10],  47665 ms
17) [4,10],  5010 ms
18) [8,4],  31587 ms
19) [7,3],  5037 ms
20) [9,4],  17136 ms
21) [10,4],  5011 ms
22) [8,3],  33934 ms
23) [8,2],  3208 ms
24) [10,5],  29051 ms
25) [5,10],  3898 ms
26) [3,10],  25 ms
27) [11,6],  2919 ms
28) [6,5],  1143 ms
29) [9,3],  3378 ms
30) [11,5],  29 ms
31) [6,0],  1830 ms
32) [7,1],  25 ms
33) [9,5],  1826 ms
34) [6,1],  27 ms
35) [7,2],  27 ms
36) [7,6],  27 ms
37) [6,7],  3176 ms
38) [13,3],  27 ms
39) [12,4],  27 ms
40) [9,2],  27 ms
41) [7,4],  26 ms
42) [8,1],  27 ms
43) [5,1],  25 ms
44) [10,3],  26 ms
45) [11,2],  26 ms
46) [11,4],  25 ms
47) [12,5],  26 ms
48) [7,0],  25 ms

pela 60.0 wins

pela 60.0:  17 s/turn
pela 5.0:  2039 ms/turn
