 0) [8,10],  30 ms
 1) [7,10],  2498 ms
 2) [7,9],  48 ms
 3) [8,9],  46 ms
 4) [6,11],  32 ms
 5) [6,10],  32 ms
 6) [5,11],  32 ms
 7) [7,11],  32 ms
 8) [3,9],  33 ms
 9) [4,10],  2045 ms
10) [3,11],  24804 ms
11) [3,10],  4547 ms
12) [5,10],  29 ms
13) [5,9],  1849 ms
14) [8,12],  39295 ms
15) [8,13],  1657 ms
16) [9,11],  43341 ms
17) [10,12],  1490 ms
18) [4,7],  30719 ms
19) [5,7],  2012 ms
20) [4,11],  60005 ms
21) [2,11],  29 ms
22) [3,8],  57420 ms
23) [4,9],  1635 ms
24) [1,12],  14804 ms
25) [3,12],  3798 ms
26) [6,7],  47085 ms
27) [6,5],  1883 ms
28) [3,7],  16226 ms
29) [3,6],  5023 ms
30) [1,10],  34487 ms
31) [2,9],  5010 ms
32) [5,4],  24093 ms
33) [7,13],  5002 ms
34) [9,13],  29640 ms
35) [10,11],  351 ms
36) [7,14],  7771 ms
37) [10,13],  32 ms
38) [10,10],  43 ms
39) [10,15],  33 ms
40) [10,14],  31 ms
41) [9,14],  33 ms
42) [11,16],  32 ms
43) [11,12],  32 ms
44) [12,11],  31 ms
45) [9,10],  30 ms
46) [12,13],  32 ms
47) [7,8],  31 ms

pela 5.0 wins

pela 60.0:  17 s/turn
pela 5.0:  1630 ms/turn
