 0) [12,9],  26 ms
 1) [11,9],  989 ms
 2) [11,10],  26 ms
 3) [12,10],  26 ms
 4) [13,11],  26 ms
 5) [13,10],  26 ms
 6) [14,11],  27 ms
 7) [12,11],  25 ms
 8) [16,9],  27 ms
 9) [15,10],  1834 ms
10) [16,11],  24072 ms
11) [16,10],  4537 ms
12) [14,10],  26 ms
13) [14,9],  1736 ms
14) [11,12],  32607 ms
15) [11,13],  5002 ms
16) [10,11],  39629 ms
17) [9,12],  1606 ms
18) [15,7],  30141 ms
19) [14,7],  2249 ms
20) [15,11],  60000 ms
21) [17,11],  27 ms
22) [16,8],  19712 ms
23) [15,9],  5042 ms
24) [18,12],  20202 ms
25) [16,12],  4318 ms
26) [13,7],  53355 ms
27) [13,5],  5000 ms
28) [15,8],  18277 ms
29) [14,5],  2275 ms
30) [14,6],  29334 ms
31) [16,6],  1754 ms
32) [16,5],  16895 ms
33) [18,10],  4559 ms
34) [15,13],  24435 ms
35) [17,8],  4746 ms
36) [17,10],  25119 ms
37) [14,13],  4996 ms
38) [12,6],  29438 ms
39) [12,15],  1499 ms
40) [15,5],  3811 ms
41) [12,8],  5002 ms
42) [15,4],  2242 ms
43) [15,6],  26 ms
44) [13,4],  190 ms
45) [16,4],  5009 ms
46) [14,3],  55 ms
47) [18,9],  2896 ms
48) [16,7],  28 ms
49) [13,2],  40 ms
50) [11,5],  41 ms
51) [10,4],  2096 ms
52) [15,2],  27 ms
53) [12,5],  2552 ms
54) [17,6],  28 ms
55) [18,7],  26 ms
56) [18,11],  26 ms
57) [19,12],  26 ms
58) [18,5],  27 ms
59) [19,4],  25 ms
60) [15,3],  27 ms
61) [15,1],  27 ms
62) [16,3],  26 ms
63) [17,4],  26 ms
64) [13,3],  25 ms
65) [17,3],  26 ms
66) [12,3],  27 ms

pela 60.0 wins

pela 60.0:  12 s/turn
pela 5.0:  2121 ms/turn
