 0) [9,8],  182 ms
 1) [9,9],  30 ms
 2) [10,7],  31 ms
 3) [8,9],  30 ms
 4) [7,9],  60015 ms
 5) [9,7],  1641 ms
 6) [11,8],  60012 ms
 7) [12,9],  3306 ms
 8) [11,9],  59997 ms
 9) [10,9],  5029 ms
10) [12,8],  59956 ms
11) [13,8],  3744 ms
12) [9,11],  41029 ms
13) [10,10],  4448 ms
14) [8,10],  1986 ms
15) [6,8],  5017 ms
16) [10,12],  135 ms
17) [11,13],  34 ms
18) [11,11],  81 ms
19) [11,10],  3137 ms
20) [10,11],  37 ms
21) [12,11],  2362 ms
22) [7,11],  37 ms
23) [8,11],  32 ms
24) [7,12],  157 ms
25) [7,10],  5085 ms
26) [9,12],  36 ms
27) [8,12],  113 ms
28) [9,13],  107 ms
29) [9,14],  89 ms
30) [8,14],  77 ms
31) [12,10],  93 ms
32) [7,15],  109 ms

pela 60.0 wins

pela 60.0:  16 s/turn
pela 5.0:  2136 ms/turn
