 0) [9,8],  1002 ms
 1) [8,8],  27 ms
 2) [10,9],  26 ms
 3) [8,7],  26 ms
 4) [8,6],  37809 ms
 5) [10,8],  1758 ms
 6) [9,10],  19978 ms
 7) [8,11],  3657 ms
 8) [8,10],  60003 ms
 9) [8,9],  5031 ms
10) [10,6],  60000 ms
11) [9,6],  2741 ms
12) [10,4],  38182 ms
13) [10,10],  1414 ms
14) [9,5],  54713 ms
15) [7,7],  5012 ms
16) [9,9],  46877 ms
17) [9,7],  4065 ms
18) [6,7],  22359 ms
19) [8,4],  2712 ms
20) [11,7],  12465 ms
21) [11,5],  5008 ms
22) [12,7],  35219 ms
23) [13,9],  1754 ms
24) [10,3],  2056 ms
25) [10,5],  1793 ms
26) [13,6],  105 ms
27) [11,8],  28 ms
28) [11,4],  33 ms
29) [6,9],  2360 ms
30) [7,8],  28 ms
31) [12,5],  101 ms
32) [13,4],  34 ms
33) [12,4],  2666 ms
34) [13,5],  30 ms
35) [13,7],  27 ms
36) pbrain-pela:  I win !
36) [11,3],  29 ms
37) [12,2],  28 ms
38) [13,3],  28 ms
39) [13,2],  28 ms
40) [12,3],  28 ms
41) [14,3],  28 ms
42) [9,3],  28 ms

pela 60.0 wins

pela 60.0:  17 s/turn
pela 5.0:  1917 ms/turn
