 0) [9,12],  28 ms
 1) [8,12],  876 ms
 2) [9,13],  27 ms
 3) [9,14],  29 ms
 4) [10,12],  59683 ms
 5) [11,11],  2598 ms
 6) [13,12],  22720 ms
 7) [12,12],  2135 ms
 8) [10,10],  20635 ms
 9) [10,11],  5013 ms
10) [13,11],  21192 ms
11) [13,10],  3310 ms
12) [14,12],  59999 ms
13) [15,13],  5000 ms
14) [14,9],  24056 ms
15) [14,11],  4660 ms
16) [12,9],  28651 ms
17) [11,9],  2285 ms
18) [11,12],  32257 ms
19) [15,11],  3428 ms
20) [15,14],  44753 ms
21) [13,14],  5016 ms
22) [9,11],  20858 ms
23) [9,9],  3309 ms
24) [17,12],  22560 ms
25) [16,12],  4458 ms
26) [16,13],  26158 ms
27) [18,11],  1571 ms
28) [17,11],  9361 ms
29) [14,15],  4801 ms
30) [17,13],  26479 ms
31) [17,14],  5011 ms
32) [14,14],  10341 ms
33) [17,10],  4699 ms
34) [15,12],  12887 ms
35) [8,14],  5009 ms
36) [8,15],  22469 ms
37) [16,15],  3882 ms
38) [15,16],  8439 ms
39) [8,10],  2793 ms
40) [8,11],  10432 ms
41) [7,11],  370 ms
42) [6,12],  9430 ms
43) [10,8],  170 ms
44) [11,7],  26 ms
45) [9,7],  85 ms
46) [8,6],  10432 ms
47) [9,8],  48 ms
48) [9,6],  5334 ms
49) [7,8],  52 ms
50) [8,8],  8766 ms
51) [7,14],  29 ms
52) [6,14],  11728 ms
53) [7,10],  28 ms
54) [7,9],  28 ms
55) [5,10],  29 ms
56) [6,10],  27 ms
57) pbrain-pela:  I win !
57) [7,12],  26 ms
58) [7,13],  27 ms
59) [6,11],  27 ms
60) [8,13],  27 ms
61) [8,9],  26 ms
62) [10,7],  27 ms
63) [5,12],  26 ms

pela 5.0 wins

pela 60.0:  16 s/turn
pela 5.0:  2212 ms/turn
