 0) [12,9],  0 ms
 1) [11,9],  235 ms
 2) [12,8],  29 ms
 3) [12,7],  30 ms
 4) [13,9],  59997 ms
 5) [14,10],  5015 ms
 6) [16,9],  60067 ms
 7) [15,9],  1713 ms
 8) [13,11],  25508 ms
 9) [13,10],  1929 ms
10) [16,10],  19493 ms
11) [16,11],  3485 ms
12) [15,11],  60004 ms
13) [17,9],  2479 ms
14) [14,9],  18645 ms
15) [10,9],  3244 ms
16) [10,10],  34118 ms
17) [9,7],  5029 ms
18) [11,8],  46001 ms
19) [9,9],  5001 ms
20) [10,7],  39450 ms
21) [9,8],  4968 ms
22) [9,6],  15108 ms
23) [8,5],  27 ms
24) [12,11],  19533 ms
25) [11,11],  2774 ms
26) [12,10],  22452 ms
27) [12,12],  29 ms
28) [8,9],  22857 ms
29) [7,5],  1458 ms
30) [8,7],  11886 ms
31) [8,8],  5004 ms
32) [9,5],  20705 ms
33) [10,6],  4999 ms
34) [7,9],  15081 ms
35) [6,9],  4165 ms
36) [10,8],  10259 ms
37) [5,8],  1795 ms
38) [6,7],  14122 ms
39) [5,7],  5000 ms
40) [5,6],  9798 ms
41) [7,8],  4998 ms
42) [6,8],  28 ms
43) [11,12],  2123 ms
44) [4,7],  10694 ms
45) [6,5],  2302 ms
46) [5,5],  5239 ms
47) [5,10],  3076 ms
48) [5,11],  3907 ms
49) [15,12],  5007 ms
50) [14,13],  6368 ms
51) [17,10],  2687 ms
52) [14,12],  6944 ms
53) [16,14],  5008 ms
54) [4,11],  1679 ms
55) [3,11],  5002 ms
56) [4,12],  1802 ms
57) [6,10],  1539 ms
58) [7,10],  5495 ms
59) [4,13],  5006 ms
60) [11,10],  2675 ms
61) [9,10],  2349 ms
62) [9,11],  29 ms
63) [12,4],  2290 ms
64) [11,5],  28 ms
65) [18,9],  2867 ms
66) [19,8],  28 ms
67) [10,11],  1915 ms
68) [13,13],  655 ms
69) [12,14],  28 ms
70) [13,8],  868 ms
71) [14,8],  28 ms
72) [12,13],  927 ms
73) [15,13],  2458 ms
74) [13,12],  28 ms
75) [15,14],  29 ms
76) [14,7],  28 ms
77) [15,6],  28 ms
78) [14,11],  29 ms
79) [15,10],  28 ms
80) [10,13],  27 ms
81) [11,13],  26 ms
82) [14,14],  27 ms
83) [14,15],  27 ms
84) [11,14],  27 ms
85) [10,15],  27 ms
86) [8,10],  26 ms
87) [10,12],  27 ms
88) [8,11],  26 ms
89) [9,12],  27 ms
90) [8,12],  27 ms
91) [8,13],  27 ms
92) [7,11],  26 ms
93) [6,11],  27 ms
94) [7,13],  37 ms
95) [6,14],  41 ms
96) [7,12],  27 ms

pela 60.0 wins

pela 60.0:  11 s/turn
pela 5.0:  2237 ms/turn
