 0) [8,12],  28 ms
 1) [7,12],  789 ms
 2) [8,11],  28 ms
 3) [8,10],  28 ms
 4) [9,12],  17103 ms
 5) [10,13],  5024 ms
 6) [12,12],  60011 ms
 7) [11,12],  1722 ms
 8) [9,14],  26856 ms
 9) [9,13],  2038 ms
10) [12,13],  22536 ms
11) [12,14],  3675 ms
12) [11,14],  60043 ms
13) [13,12],  2718 ms
14) [10,12],  59053 ms
15) [6,12],  4138 ms
16) [6,13],  42138 ms
17) [5,10],  4998 ms
18) [7,11],  44594 ms
19) [8,15],  3400 ms
20) [4,10],  38257 ms
21) [9,11],  3741 ms
22) [4,11],  32773 ms
23) [4,13],  1569 ms
24) [3,11],  21364 ms
25) [5,9],  3959 ms
26) [5,11],  9380 ms
27) [6,11],  28 ms
28) [4,9],  13147 ms
29) [4,12],  2592 ms
30) [5,12],  28 ms
31) [3,10],  2343 ms
32) [12,9],  18033 ms
33) [12,10],  2628 ms
34) [12,11],  9187 ms
35) [4,8],  2253 ms
36) [5,7],  12900 ms
37) [11,10],  3464 ms
38) [10,10],  16079 ms
39) [11,11],  2262 ms
40) [11,9],  172 ms
41) [10,9],  2504 ms
42) [3,5],  6023 ms
43) [6,8],  5028 ms
44) [3,7],  6377 ms
45) [5,5],  5010 ms
46) [6,9],  8421 ms
47) [5,8],  1731 ms
48) [7,8],  5312 ms
49) [2,11],  4379 ms
50) [11,16],  10015 ms
51) [7,7],  4237 ms
52) [8,6],  8612 ms
53) [2,7],  3367 ms
54) [8,8],  6848 ms
55) [8,7],  1688 ms
56) [7,6],  5547 ms
57) [9,6],  2078 ms
58) [12,15],  5577 ms
59) [10,15],  3639 ms
60) [10,6],  4617 ms
61) [11,15],  3757 ms
62) [7,15],  2407 ms
63) [2,8],  5001 ms
64) [3,8],  28 ms
65) [3,6],  2824 ms
66) [0,9],  2501 ms
67) [8,14],  5007 ms
68) [10,16],  1383 ms
69) [10,17],  1705 ms
70) [6,15],  2258 ms
71) [4,14],  4981 ms
72) [4,16],  1062 ms
73) [5,16],  4222 ms
74) [15,12],  2747 ms
75) [13,14],  1771 ms
76) [15,13],  984 ms
77) [15,14],  2012 ms
78) [16,14],  790 ms
79) [14,12],  1841 ms
80) [13,13],  1575 ms
81) [14,13],  3135 ms
82) [17,16],  1887 ms
83) [16,16],  5006 ms
84) [16,12],  1623 ms
85) [16,13],  1570 ms
86) [14,15],  803 ms
87) [17,11],  1773 ms
88) [14,10],  1158 ms
89) [2,10],  1526 ms
90) [2,9],  27 ms
91) [15,11],  4593 ms
92) [15,9],  35 ms
93) [13,11],  39 ms
94) [13,9],  30 ms
95) [14,9],  28 ms
96) [12,8],  27 ms
97) [11,7],  28 ms
98) [13,7],  28 ms
99) [14,6],  28 ms
100) [13,8],  28 ms
101) [13,6],  29 ms
102) [14,8],  30 ms
103) [12,6],  28 ms
104) [11,8],  28 ms
105) [15,8],  27 ms
106) [10,8],  27 ms

pela 60.0 wins

pela 60.0:  10 s/turn
pela 5.0:  2603 ms/turn
