 0) [12,12],  29 ms
 1) [11,12],  197 ms
 2) [11,13],  28 ms
 3) [12,13],  27 ms
 4) [13,14],  27 ms
 5) [13,13],  28 ms
 6) [14,14],  27 ms
 7) [12,14],  27 ms
 8) [16,12],  28 ms
 9) [15,13],  3983 ms
10) [16,14],  59181 ms
11) [16,13],  2508 ms
12) [14,13],  28 ms
13) [14,12],  3683 ms
14) [11,15],  29028 ms
15) [11,16],  4790 ms
16) [10,14],  29514 ms
17) [9,15],  1454 ms
18) [15,10],  30956 ms
19) [14,10],  1840 ms
20) [15,14],  60008 ms
21) [17,14],  28 ms
22) [16,11],  55901 ms
23) [15,12],  4875 ms
24) [18,15],  19363 ms
25) [9,13],  1987 ms
26) [9,16],  29782 ms
27) [8,14],  1704 ms
28) [14,9],  26620 ms
29) [17,12],  3365 ms
30) [8,13],  37062 ms
31) [17,13],  5016 ms
32) [17,11],  18787 ms
33) [13,8],  1388 ms
34) [14,11],  11958 ms
35) [15,11],  1768 ms
36) [16,10],  26 ms
37) [16,9],  3474 ms
38) [7,15],  27389 ms
39) [14,7],  2374 ms
40) [15,8],  7122 ms
41) [13,7],  2590 ms
42) [13,9],  14793 ms
43) [18,12],  4475 ms
44) [16,7],  6916 ms
45) [18,13],  5001 ms
46) [19,13],  26 ms
47) [13,10],  5007 ms
48) [15,6],  19343 ms
49) [15,7],  1994 ms
50) [12,7],  16584 ms
51) [17,8],  5000 ms
52) [17,16],  14209 ms
53) [16,15],  2080 ms
54) [15,16],  6066 ms
55) [15,18],  2834 ms
56) [7,13],  11321 ms
57) [7,14],  1660 ms
58) [17,9],  3661 ms
59) [11,9],  5003 ms
60) [11,10],  6356 ms
61) [14,6],  4555 ms
62) [12,8],  8285 ms
63) [6,13],  1786 ms
64) [5,14],  7076 ms
65) [6,11],  1663 ms
66) [4,11],  6072 ms
67) [10,11],  2001 ms
68) [12,10],  4503 ms
69) [12,11],  5011 ms
70) [9,11],  3010 ms
71) [5,15],  4053 ms
72) [3,12],  1659 ms
73) [2,11],  1784 ms
74) [4,12],  3126 ms
75) [4,13],  5006 ms
76) [5,10],  2821 ms
77) [6,9],  1650 ms
78) [8,9],  1588 ms
79) [8,10],  4990 ms
80) [1,12],  1103 ms
81) [2,12],  5017 ms
82) [2,13],  2656 ms
83) [1,14],  28 ms
84) [6,10],  2284 ms
85) [5,11],  5001 ms
86) [4,10],  1953 ms
87) [3,10],  2423 ms
88) [4,8],  1073 ms
89) [4,9],  28 ms
90) [5,9],  561 ms
91) [7,11],  5005 ms
92) [6,8],  420 ms
93) [5,8],  2901 ms
94) [6,7],  28 ms
95) [7,7],  5011 ms
96) [18,10],  1375 ms
97) [19,10],  2544 ms
98) [6,6],  1174 ms
99) [3,7],  3038 ms
100) [14,3],  1006 ms
101) [17,6],  5006 ms
102) [10,13],  391 ms
103) [12,6],  2787 ms
104) [13,5],  815 ms
105) [6,5],  2548 ms
106) [7,10],  691 ms
107) [3,14],  1173 ms
108) [2,15],  593 ms
109) [5,5],  1209 ms
110) [4,5],  237 ms
111) [5,6],  3280 ms
112) [4,7],  183 ms
113) [4,6],  173 ms
114) [6,4],  178 ms
115) [2,8],  150 ms
116) [1,9],  27 ms
117) [6,12],  2860 ms
118) [5,13],  291 ms
119) [6,14],  2459 ms
120) [6,15],  27 ms
121) [5,4],  38 ms
122) [5,7],  26 ms
123) [2,10],  29 ms
124) [2,9],  27 ms
125) [10,8],  30 ms
126) [9,9],  28 ms
127) [7,5],  27 ms
128) [7,6],  28 ms
129) pbrain-pela:  I win !
129) [5,3],  28 ms
130) [5,2],  29 ms
131) [9,5],  25 ms
132) [8,5],  29 ms
133) [8,6],  28 ms
134) [9,7],  26 ms
135) [10,4],  27 ms
136) [11,3],  27 ms
137) [11,5],  28 ms
138) [14,8],  27 ms
139) [9,3],  26 ms

pela 5.0 wins

pela 60.0:  8537 ms/turn
pela 5.0:  2365 ms/turn
