 0) [10,12],  1 ms
 1) [9,12],  1262 ms
 2) [10,11],  26 ms
 3) [10,10],  42 ms
 4) [9,9],  18807 ms
 5) [7,10],  5032 ms
 6) [8,11],  35769 ms
 7) [9,11],  4047 ms
 8) [11,9],  29796 ms
 9) [10,9],  2888 ms
10) [7,13],  54834 ms
11) [7,11],  3024 ms
12) [6,10],  22201 ms
13) [8,14],  5005 ms
14) [9,7],  26436 ms
15) [8,6],  3483 ms
16) [11,7],  25586 ms
17) [11,8],  4383 ms
18) [6,9],  26922 ms
19) [6,8],  1359 ms
20) [9,5],  49943 ms
21) [9,6],  1712 ms
22) [10,7],  28189 ms
23) [12,7],  3155 ms
24) [8,7],  18040 ms
25) [7,7],  27 ms
26) [13,6],  24564 ms
27) [10,6],  2706 ms
28) [7,6],  11269 ms
29) [7,9],  4878 ms
30) [7,8],  28 ms
31) [8,9],  4074 ms
32) [9,14],  14038 ms
33) [4,11],  2397 ms
34) [4,10],  15335 ms
35) [5,7],  5011 ms
36) [8,10],  28 ms
37) [5,5],  2765 ms
38) [3,5],  8100 ms
39) [5,6],  1418 ms
40) [5,4],  15635 ms
41) [6,5],  615 ms
42) [6,6],  24922 ms
43) [4,7],  45 ms
44) [3,8],  21388 ms
45) [3,7],  43 ms
46) [6,7],  27 ms
47) [9,8],  2637 ms
48) [10,8],  12516 ms
49) [12,6],  27 ms
50) [11,6],  28 ms
51) [2,8],  31 ms
52) [4,6],  16539 ms
53) [2,7],  33 ms
54) [1,7],  28 ms
55) [2,9],  34 ms
56) [5,12],  27 ms
57) [2,6],  31 ms
58) [2,10],  27 ms
59) [2,5],  28 ms

pela 5.0 wins

pela 60.0:  16 s/turn
pela 5.0:  2073 ms/turn
