 0) [11,9],  27 ms
 1) [10,9],  1137 ms
 2) [9,10],  27 ms
 3) [10,10],  43 ms
 4) [10,8],  27 ms
 5) [9,8],  27 ms
 6) [11,10],  27 ms
 7) [11,7],  5028 ms
 8) [11,12],  21053 ms
 9) [11,11],  2175 ms
10) [10,11],  10515 ms
11) [12,13],  5022 ms
12) [9,12],  41394 ms
13) [8,13],  5001 ms
14) [8,9],  4727 ms
15) [7,8],  27 ms
16) [12,9],  4228 ms
17) [13,8],  27 ms
18) [12,12],  4811 ms
19) [10,12],  5015 ms
20) [12,10],  536 ms
21) [13,11],  4999 ms
22) [12,11],  218 ms
23) [12,8],  27 ms
24) [13,10],  44 ms
25) [14,9],  3885 ms
26) [10,13],  31 ms
27) [9,14],  27 ms
28) [8,11],  30 ms
29) [7,10],  5003 ms
30) [15,12],  32 ms
31) [14,11],  2473 ms
32) [13,12],  27 ms
33) [14,12],  27 ms
34) [14,10],  27 ms
35) [15,10],  28 ms
36) [14,13],  27 ms
37) [15,14],  26 ms
38) [12,15],  27 ms
39) [11,14],  60 ms
40) [13,14],  27 ms
41) [16,11],  27 ms
42) [11,16],  26 ms

pela 60.0 wins

pela 60.0:  3994 ms/turn
pela 5.0:  1908 ms/turn
