 0) [9,8],  1098 ms
 1) [9,9],  27 ms
 2) [10,7],  27 ms
 3) [8,9],  27 ms
 4) [7,9],  21366 ms
 5) [9,7],  2042 ms
 6) [11,8],  60010 ms
 7) [12,9],  3612 ms
 8) [11,9],  56876 ms
 9) [11,7],  4961 ms
10) [10,9],  60015 ms
11) [10,8],  5000 ms
12) [12,6],  46005 ms
13) [13,6],  5004 ms
14) [9,11],  37423 ms
15) [11,10],  2317 ms
16) [8,10],  36646 ms
17) [10,12],  5004 ms
18) [13,8],  16354 ms
19) [10,10],  2420 ms
20) [12,12],  37745 ms
21) [10,6],  4995 ms
22) [13,9],  32352 ms
23) [13,11],  1968 ms
24) [11,5],  22115 ms
25) [14,8],  3933 ms
26) [9,5],  12251 ms
27) [10,5],  1616 ms
28) [6,10],  6757 ms
29) [7,8],  4992 ms
30) [10,4],  6778 ms
31) [9,3],  2349 ms
32) [6,8],  8147 ms
33) [5,7],  27 ms
34) [6,7],  9716 ms
35) [6,9],  5005 ms
36) [7,11],  12235 ms
37) [9,10],  5018 ms
38) [5,9],  12323 ms
39) [8,12],  4859 ms
40) [5,11],  1627 ms
41) [4,12],  29 ms
42) pbrain-pela:  I win !
42) [3,7],  27 ms
43) [4,8],  27 ms
44) [6,11],  27 ms
45) [8,11],  27 ms
46) [3,11],  27 ms
47) [4,11],  28 ms
48) [4,10],  32 ms
49) [7,7],  29 ms
50) [2,12],  30 ms

pela 60.0 wins

pela 60.0:  19 s/turn
pela 5.0:  2612 ms/turn
