 0) [9,8],  1379 ms
 1) [9,7],  27 ms
 2) [10,9],  26 ms
 3) [8,7],  26 ms
 4) [7,7],  25987 ms
 5) [9,9],  2628 ms
 6) [11,8],  19833 ms
 7) [12,7],  3508 ms
 8) [11,7],  60011 ms
 9) [10,7],  5006 ms
10) [12,8],  60011 ms
11) [13,8],  4368 ms
12) [9,5],  36861 ms
13) [10,6],  4544 ms
14) [8,6],  1956 ms
15) [6,8],  4401 ms
16) [10,4],  100 ms
17) [11,3],  29 ms
18) [11,5],  61 ms
19) [11,6],  3134 ms
20) [10,5],  33 ms
21) [12,5],  2198 ms
22) [7,5],  34 ms
23) [8,5],  29 ms
24) [7,4],  32 ms
25) [7,6],  5025 ms
26) [9,4],  32 ms
27) [8,4],  29 ms
28) [9,3],  30 ms
29) [9,2],  29 ms
30) [8,2],  46 ms
31) [12,6],  108 ms
32) [7,1],  28 ms

pela 60.0 wins

pela 60.0:  12 s/turn
pela 5.0:  2193 ms/turn
