 0) [9,8],  783 ms
 1) [10,9],  29 ms
 2) [9,7],  28 ms
 3) [9,6],  28 ms
 4) [8,8],  47084 ms
 5) [10,8],  28 ms
 6) [8,9],  50121 ms
 7) [8,7],  1554 ms
 8) [10,5],  60007 ms
 9) [7,9],  5001 ms
10) [9,10],  21829 ms
11) [9,11],  2579 ms
12) [10,12],  60029 ms
13) [11,12],  1691 ms
14) [11,5],  51450 ms
15) [10,6],  2747 ms
16) [10,10],  13848 ms
17) [11,6],  4998 ms
18) [12,6],  18308 ms
19) [8,10],  1695 ms
20) [7,11],  39497 ms
21) [10,4],  5002 ms
22) [7,6],  17063 ms
23) [7,8],  4999 ms
24) [6,6],  26106 ms
25) [7,5],  2836 ms
26) [6,8],  26896 ms
27) [7,7],  2882 ms
28) [9,13],  23843 ms
29) [6,10],  2501 ms
30) [10,13],  19893 ms
31) [7,10],  1674 ms
32) [5,10],  215 ms
33) [11,11],  4998 ms
34) [11,13],  213 ms
35) [12,13],  1860 ms
36) [10,14],  46 ms
37) [10,11],  27 ms
38) [8,13],  84 ms
39) [7,13],  28 ms
40) [10,15],  31 ms
41) [10,16],  27 ms
42) [12,11],  32 ms
43) [9,14],  32 ms
44) [9,15],  29 ms
45) [8,16],  26 ms
46) pbrain-pela:  I win !
46) [11,15],  28 ms
47) [8,12],  28 ms
48) [8,15],  30 ms
49) [12,15],  27 ms
50) [7,15],  27 ms

pela 60.0 wins

pela 60.0:  18 s/turn
pela 5.0:  1891 ms/turn
