 0) [9,12],  0 ms
 1) [8,12],  2033 ms
 2) [9,11],  30 ms
 3) [9,10],  32 ms
 4) [8,9],  20735 ms
 5) [6,10],  5017 ms
 6) [7,11],  33370 ms
 7) [8,11],  4297 ms
 8) [10,9],  29246 ms
 9) [9,9],  3069 ms
10) [6,13],  50400 ms
11) [6,11],  3089 ms
12) [5,10],  23440 ms
13) [7,14],  5010 ms
14) [8,7],  27822 ms
15) [7,6],  3420 ms
16) [10,7],  25887 ms
17) [10,8],  4269 ms
18) [5,9],  29564 ms
19) [5,8],  1674 ms
20) [8,5],  45595 ms
21) [8,6],  5004 ms
22) [9,7],  25332 ms
23) [11,7],  2350 ms
24) [7,7],  41225 ms
25) [6,7],  32 ms
26) [12,6],  16484 ms
27) [9,6],  2346 ms
28) [6,6],  11053 ms
29) [6,9],  4997 ms
30) [6,8],  33 ms
31) [7,9],  4661 ms
32) [8,14],  13807 ms
33) [3,11],  2043 ms
34) [4,7],  29448 ms
35) [11,6],  5001 ms
36) [10,6],  31 ms
37) [12,4],  5033 ms
38) [5,11],  25219 ms
39) [5,13],  2718 ms
40) [6,15],  18133 ms
41) [6,16],  2242 ms
42) [3,10],  15213 ms
43) [5,5],  2922 ms
44) [2,10],  7220 ms
45) [1,10],  3197 ms
46) [8,16],  12471 ms
47) [8,17],  1869 ms
48) [9,15],  6958 ms
49) [9,14],  4320 ms
50) [10,16],  35 ms
51) [11,17],  2172 ms
52) [11,13],  35 ms
53) [10,14],  1441 ms
54) [7,13],  34 ms
55) [6,12],  32 ms
56) [12,14],  34 ms
57) [10,12],  5000 ms
58) [7,15],  33 ms
59) [8,15],  31 ms
60) [9,17],  33 ms
61) [11,15],  31 ms
62) [10,18],  31 ms
63) [11,19],  31 ms
64) [6,14],  31 ms

pela 60.0 wins

pela 60.0:  15 s/turn
pela 5.0:  2793 ms/turn
