 0) [9,8],  206 ms
 1) [8,7],  29 ms
 2) [9,9],  28 ms
 3) [9,10],  27 ms
 4) [10,8],  60063 ms
 5) [8,8],  26 ms
 6) [8,11],  54779 ms
 7) [7,11],  3111 ms
 8) [8,6],  60036 ms
 9) [9,7],  2212 ms
10) [6,10],  30234 ms
11) [7,13],  5008 ms
12) [10,7],  53973 ms
13) [10,6],  1648 ms
14) [11,5],  20428 ms
15) [11,6],  1923 ms
16) [12,6],  45759 ms
17) [11,7],  2121 ms
18) [12,8],  11903 ms
19) [12,9],  2164 ms
20) [13,7],  54 ms
21) [14,8],  4703 ms
22) [10,4],  32 ms
23) [9,3],  27 ms
24) [9,5],  39 ms
25) [11,3],  1500 ms
26) [12,5],  29 ms
27) [10,5],  5009 ms
28) [12,7],  26 ms
29) [12,4],  27 ms
30) [11,8],  27 ms
31) [13,8],  26 ms
32) [14,5],  29 ms
33) [13,6],  27 ms
34) pbrain-pela:  I win !
34) [15,5],  26 ms
35) [13,5],  27 ms
36) [14,6],  26 ms
37) [16,4],  26 ms
38) [11,9],  28 ms

pela 60.0 wins

pela 60.0:  16 s/turn
pela 5.0:  1560 ms/turn
