 0) [9,8],  169 ms
 1) [9,9],  27 ms
 2) [10,7],  27 ms
 3) [8,9],  26 ms
 4) [7,9],  60007 ms
 5) [9,7],  4995 ms
 6) [11,8],  60001 ms
 7) [12,9],  3110 ms
 8) [11,9],  60000 ms
 9) [10,9],  1402 ms
10) [12,8],  59975 ms
11) [13,8],  3796 ms
12) [9,11],  42750 ms
13) [10,10],  4738 ms
14) [8,10],  2365 ms
15) [6,8],  5029 ms
16) [10,12],  124 ms
17) [11,13],  28 ms
18) [11,11],  61 ms
19) [11,10],  3410 ms
20) [10,11],  32 ms
21) [12,11],  2297 ms
22) [7,11],  32 ms
23) [8,11],  27 ms
24) [7,12],  32 ms
25) [7,10],  1655 ms
26) [9,12],  31 ms
27) [8,12],  28 ms
28) [9,13],  28 ms
29) [9,14],  28 ms
30) [8,14],  26 ms
31) [12,10],  26 ms
32) [7,15],  26 ms

pela 60.0 wins

pela 60.0:  16 s/turn
pela 5.0:  1913 ms/turn
