 0) [10,9],  29 ms
 1) [9,8],  28 ms
 2) [11,8],  28 ms
 3) [9,10],  69 ms
 4) [10,7],  28 ms
 5) [12,9],  28 ms
 6) [9,9],  48084 ms
 7) [11,7],  2465 ms
 8) [14,5],  37084 ms
 9) [13,8],  4584 ms
10) [14,7],  45683 ms
11) [13,6],  2213 ms
12) [13,9],  33425 ms
13) [14,8],  1880 ms
14) [12,6],  26324 ms
15) [8,9],  2827 ms
16) [7,8],  37944 ms
17) [8,5],  2042 ms
18) [10,10],  24547 ms
19) [10,8],  5003 ms
20) [12,5],  20935 ms
21) [12,3],  1862 ms
22) [7,7],  25909 ms
23) [8,8],  1623 ms
24) [14,3],  42860 ms
25) [14,4],  4608 ms
26) [17,8],  23642 ms
27) [13,4],  4891 ms
28) [13,5],  21255 ms
29) [11,5],  5014 ms
30) [15,4],  30324 ms
31) [16,5],  3166 ms
32) [7,5],  8607 ms
33) [7,6],  1820 ms
34) [9,4],  8757 ms
35) [16,6],  4507 ms
36) [8,6],  11029 ms
37) [6,8],  5003 ms
38) [8,11],  6815 ms
39) [10,6],  5006 ms
40) [12,4],  20961 ms
41) [11,3],  5001 ms
42) [11,4],  6650 ms
43) [6,10],  5007 ms
44) [7,9],  16308 ms
45) [12,8],  1499 ms
46) [16,8],  5703 ms
47) [8,4],  2154 ms
48) [9,5],  28 ms
49) [17,7],  5009 ms
50) [15,5],  13860 ms
51) [15,7],  1693 ms
52) [7,10],  29 ms
53) [7,11],  29 ms
54) [9,6],  29 ms
55) [9,3],  5030 ms
56) [8,7],  28 ms
57) [10,5],  28 ms
58) [6,9],  27 ms
59) [5,10],  28 ms
60) [5,8],  30 ms
61) [9,12],  27 ms
62) [4,7],  27 ms

pela 60.0 wins

pela 60.0:  16 s/turn
pela 5.0:  2714 ms/turn
