 0) [11,12],  28 ms
 1) [10,12],  246 ms
 2) [12,13],  31 ms
 3) [10,11],  29 ms
 4) [10,10],  17023 ms
 5) [12,12],  5017 ms
 6) [11,14],  59994 ms
 7) [10,15],  2973 ms
 8) [10,14],  60012 ms
 9) [10,13],  5006 ms
10) [11,15],  50378 ms
11) [11,16],  3034 ms
12) [8,12],  36259 ms
13) [9,13],  5010 ms
14) [9,11],  2324 ms
15) [11,9],  5015 ms
16) [7,13],  120 ms
17) [6,14],  28 ms
18) [8,14],  59 ms
19) [9,14],  3741 ms
20) [8,13],  33 ms
21) [8,15],  2750 ms
22) [8,10],  32 ms
23) [8,11],  29 ms
24) [7,10],  34 ms
25) [9,10],  5006 ms
26) [7,12],  32 ms
27) [7,11],  31 ms
28) [6,12],  29 ms
29) [5,12],  87 ms
30) [5,11],  29 ms
31) [9,15],  28 ms
32) [4,10],  29 ms

pela 60.0 wins

pela 60.0:  13 s/turn
pela 5.0:  2376 ms/turn
