 0) [8,8],  28 ms
 1) [7,8],  1678 ms
 2) [9,7],  27 ms
 3) [7,9],  28 ms
 4) [7,10],  27129 ms
 5) [9,8],  1859 ms
 6) [8,6],  60002 ms
 7) [7,5],  2504 ms
 8) [7,6],  60008 ms
 9) [7,7],  1420 ms
10) [8,5],  60011 ms
11) [8,4],  4217 ms
12) [5,8],  43024 ms
13) [6,7],  4499 ms
14) [6,9],  2084 ms
15) [8,11],  4958 ms
16) [4,7],  103 ms
17) [3,6],  27 ms
18) [5,6],  60 ms
19) [6,6],  3038 ms
20) [5,7],  31 ms
21) [5,5],  2455 ms
22) [5,10],  29 ms
23) [5,9],  27 ms
24) [4,10],  91 ms
25) [6,10],  5019 ms
26) [4,8],  30 ms
27) [4,9],  27 ms
28) [3,8],  27 ms
29) [2,8],  26 ms
30) [2,9],  26 ms
31) [6,5],  26 ms
32) [1,10],  26 ms

pela 60.0 wins

pela 60.0:  14 s/turn
pela 5.0:  1988 ms/turn
