 0) [9,8],  2143 ms
 1) [8,8],  28 ms
 2) [10,9],  27 ms
 3) [8,7],  28 ms
 4) [8,6],  29119 ms
 5) [10,8],  1957 ms
 6) [9,10],  60036 ms
 7) [8,11],  3485 ms
 8) [8,10],  60065 ms
 9) [8,9],  5001 ms
10) [9,11],  59997 ms
11) [9,12],  3978 ms
12) [6,8],  37980 ms
13) [7,9],  3664 ms
14) [7,7],  1493 ms
15) [9,5],  4068 ms
16) [5,9],  115 ms
17) [4,10],  26 ms
18) [6,10],  59 ms
19) [7,10],  2527 ms
20) [6,9],  32 ms
21) [6,11],  1948 ms
22) [6,6],  31 ms
23) [6,7],  27 ms
24) [5,6],  31 ms
25) [7,6],  5002 ms
26) [5,8],  30 ms
27) [5,7],  28 ms
28) [4,8],  28 ms
29) [3,8],  26 ms
30) [3,7],  26 ms
31) [7,11],  26 ms
32) [2,6],  26 ms

pela 60.0 wins

pela 60.0:  14 s/turn
pela 5.0:  1988 ms/turn
