 0) [9,11],  27 ms
 1) [8,11],  782 ms
 2) [10,12],  27 ms
 3) [8,10],  27 ms
 4) [8,9],  23064 ms
 5) [10,11],  5014 ms
 6) [9,13],  60004 ms
 7) [8,14],  3329 ms
 8) [8,13],  60010 ms
 9) [8,12],  1497 ms
10) [9,14],  60032 ms
11) [9,15],  3804 ms
12) [6,11],  37797 ms
13) [7,12],  4950 ms
14) [7,10],  2069 ms
15) [9,8],  4964 ms
16) [5,12],  103 ms
17) [4,13],  44 ms
18) [6,13],  61 ms
19) [7,13],  3046 ms
20) [6,12],  33 ms
21) [6,14],  2168 ms
22) [6,9],  31 ms
23) [6,10],  29 ms
24) [5,9],  32 ms
25) [7,9],  4993 ms
26) [5,11],  31 ms
27) [5,10],  29 ms
28) [4,11],  29 ms
29) [3,11],  27 ms
30) [3,10],  27 ms
31) [7,14],  28 ms
32) [2,9],  28 ms

pela 60.0 wins

pela 60.0:  14 s/turn
pela 5.0:  2170 ms/turn
