 0) [10,10],  1 ms
 1) [9,10],  1481 ms
 2) [11,11],  28 ms
 3) [9,9],  58 ms
 4) [9,8],  25150 ms
 5) [11,10],  5027 ms
 6) [10,12],  60000 ms
 7) [9,13],  2966 ms
 8) [9,12],  59987 ms
 9) [9,11],  1393 ms
10) [10,13],  53561 ms
11) [10,14],  2886 ms
12) [7,10],  31207 ms
13) [8,11],  4245 ms
14) [8,9],  1880 ms
15) [10,7],  5017 ms
16) [6,11],  99 ms
17) [5,12],  27 ms
18) [7,12],  81 ms
19) [8,12],  3073 ms
20) [7,11],  31 ms
21) [7,13],  2256 ms
22) [7,8],  30 ms
23) [7,9],  26 ms
24) [6,8],  31 ms
25) [8,8],  5002 ms
26) [6,10],  30 ms
27) [6,9],  27 ms
28) [5,10],  27 ms
29) [4,10],  30 ms
30) [4,9],  26 ms
31) [8,13],  27 ms
32) [3,8],  26 ms

pela 60.0 wins

pela 60.0:  13 s/turn
pela 5.0:  2096 ms/turn
