 0) [9,8],  262 ms
 1) [8,8],  271 ms
 2) [10,9],  27 ms
 3) [8,7],  27 ms
 4) [8,6],  22876 ms
 5) [10,8],  1934 ms
 6) [9,10],  20840 ms
 7) [8,11],  3449 ms
 8) [8,10],  60004 ms
 9) [8,9],  5004 ms
10) [9,11],  60012 ms
11) [9,12],  3648 ms
12) [6,8],  36157 ms
13) [7,9],  4269 ms
14) [7,7],  1844 ms
15) [9,5],  4896 ms
16) [5,9],  105 ms
17) [4,10],  26 ms
18) [6,10],  57 ms
19) [7,10],  2948 ms
20) [6,9],  30 ms
21) [6,11],  2236 ms
22) [6,6],  29 ms
23) [6,7],  27 ms
24) [5,6],  30 ms
25) [7,6],  5015 ms
26) [5,8],  29 ms
27) [5,7],  27 ms
28) [4,8],  27 ms
29) [3,8],  26 ms
30) [3,7],  27 ms
31) [7,11],  26 ms
32) [2,6],  26 ms

pela 60.0 wins

pela 60.0:  11 s/turn
pela 5.0:  2114 ms/turn
