 0) [9,8],  346 ms
 1) [9,7],  28 ms
 2) [10,9],  27 ms
 3) [8,7],  27 ms
 4) [7,7],  60010 ms
 5) [9,9],  1849 ms
 6) [11,8],  60009 ms
 7) [12,7],  3349 ms
 8) [11,7],  60004 ms
 9) [10,7],  1407 ms
10) [12,8],  59949 ms
11) [13,8],  4187 ms
12) [9,5],  41273 ms
13) [10,6],  5012 ms
14) [8,6],  2216 ms
15) [6,8],  5028 ms
16) [10,4],  99 ms
17) [11,3],  27 ms
18) [11,5],  78 ms
19) [11,6],  3547 ms
20) [10,5],  30 ms
21) [12,5],  2673 ms
22) [7,5],  30 ms
23) [8,5],  26 ms
24) [7,4],  30 ms
25) [7,6],  4996 ms
26) [9,4],  29 ms
27) [8,4],  27 ms
28) [9,3],  27 ms
29) [9,2],  26 ms
30) [8,2],  27 ms
31) [12,6],  60 ms
32) [7,1],  27 ms

pela 60.0 wins

pela 60.0:  16 s/turn
pela 5.0:  2016 ms/turn
