 0) [9,8],  588 ms
 1) [8,8],  690 ms
 2) [10,9],  55 ms
 3) [8,7],  33 ms
 4) [8,6],  27343 ms
 5) [10,8],  2378 ms
 6) [9,10],  20309 ms
 7) [8,11],  3790 ms
 8) [8,10],  60038 ms
 9) [8,9],  5005 ms
10) [9,11],  60016 ms
11) [9,12],  3705 ms
12) [6,8],  34527 ms
13) [7,9],  4476 ms
14) [7,7],  1830 ms
15) [9,5],  4989 ms
16) [5,9],  99 ms
17) [4,10],  31 ms
18) [6,10],  63 ms
19) [7,10],  2669 ms
20) [6,9],  36 ms
21) [6,11],  1748 ms
22) [6,6],  34 ms
23) [6,7],  31 ms
24) [5,6],  34 ms
25) [7,6],  5018 ms
26) [5,8],  34 ms
27) [5,7],  32 ms
28) [4,8],  31 ms
29) [3,8],  31 ms
30) [3,7],  30 ms
31) [7,11],  31 ms
32) [2,6],  30 ms

pela 60.0 wins

pela 60.0:  12 s/turn
pela 5.0:  2166 ms/turn
