 0) [9,8],  179 ms
 1) [10,9],  29 ms
 2) [9,7],  29 ms
 3) [9,6],  28 ms
 4) [8,8],  36469 ms
 5) [7,8],  33 ms
 6) [7,6],  30328 ms
 7) [10,6],  2965 ms
 8) [10,5],  39606 ms
 9) [7,5],  4882 ms
10) [8,7],  38490 ms
11) [8,9],  2779 ms
12) [10,11],  40733 ms
13) [6,5],  5011 ms
14) [6,7],  38994 ms
15) [7,7],  1801 ms
16) [5,5],  23627 ms
17) [9,5],  2340 ms
18) [11,7],  23874 ms
19) [12,7],  3557 ms
20) [11,8],  46807 ms
21) [10,8],  1633 ms
22) [9,9],  14111 ms
23) [9,11],  3320 ms
24) [10,10],  11783 ms
25) [11,11],  1707 ms
26) [4,6],  34363 ms
27) [5,8],  2664 ms
28) [5,9],  20395 ms
29) [3,7],  2935 ms
30) [11,6],  13555 ms
31) [11,9],  1585 ms
32) [12,9],  25712 ms
33) [13,10],  5003 ms
34) [6,10],  7329 ms
35) [5,11],  2074 ms
36) [6,8],  6673 ms
37) [6,9],  2503 ms
38) [4,4],  11776 ms
39) [3,5],  5002 ms
40) [3,6],  10348 ms
41) [5,6],  1557 ms
42) [7,4],  7707 ms
43) [6,4],  2406 ms
44) [8,5],  5701 ms
45) [11,4],  2525 ms
46) [5,2],  5570 ms
47) [6,3],  2111 ms
48) [6,2],  9997 ms
49) [4,2],  2518 ms
50) [5,3],  9916 ms
51) [7,1],  1817 ms
52) [4,10],  5485 ms
53) [3,10],  3936 ms
54) [8,12],  11488 ms
55) [7,11],  5016 ms
56) [9,4],  229 ms
57) [10,3],  31 ms
58) [5,4],  198 ms
59) [5,1],  32 ms
60) [3,11],  73 ms
61) [2,12],  32 ms
62) [8,6],  36 ms
63) [8,4],  33 ms
64) [8,3],  32 ms
65) [7,2],  32 ms
66) [7,10],  32 ms
67) [8,10],  2871 ms
68) [8,1],  4739 ms
69) [13,11],  2038 ms
70) [10,12],  8212 ms
71) [13,12],  1346 ms
72) [13,13],  7928 ms
73) [11,10],  398 ms
74) [10,14],  118 ms
75) [10,13],  33 ms
76) [12,11],  2725 ms
77) [13,9],  69 ms
78) [13,8],  33 ms
79) [12,10],  39 ms
80) [14,12],  32 ms
81) [14,8],  71 ms
82) [15,7],  32 ms
83) [14,10],  35 ms
84) [15,10],  32 ms
85) [15,9],  37 ms
86) [12,12],  2536 ms
87) [11,12],  34 ms
88) [11,13],  33 ms
89) [14,7],  33 ms
90) [14,9],  33 ms
91) [12,6],  34 ms
92) [13,7],  32 ms
93) [12,5],  32 ms
94) [13,6],  32 ms
95) [12,4],  34 ms
96) [12,8],  32 ms
97) [12,3],  32 ms

pela 5.0 wins

pela 60.0:  11 s/turn
pela 5.0:  1653 ms/turn
