 0) [9,8],  28 ms
 1) [8,8],  535 ms
 2) [10,9],  27 ms
 3) [8,7],  29 ms
 4) [8,9],  26413 ms
 5) [10,7],  27 ms
 6) [7,7],  46467 ms
 7) [9,10],  1436 ms
 8) [6,9],  22143 ms
 9) [7,9],  2767 ms
10) [10,6],  60004 ms
11) [6,10],  2532 ms
12) [5,11],  60016 ms
13) [9,6],  3764 ms
14) [8,5],  54992 ms
15) [7,10],  2033 ms
16) [8,10],  47132 ms
17) [4,10],  5047 ms
18) [8,4],  33442 ms
19) [7,3],  5011 ms
20) [9,4],  18440 ms
21) [10,4],  5018 ms
22) [8,3],  32982 ms
23) [8,2],  3384 ms
24) [10,5],  28279 ms
25) [5,10],  3166 ms
26) [3,10],  26 ms
27) [11,6],  2631 ms
28) [6,5],  1106 ms
29) [9,3],  2924 ms
30) [11,5],  28 ms
31) [6,0],  1620 ms
32) [7,1],  25 ms
33) [9,5],  5043 ms
34) [6,1],  27 ms
35) [7,2],  26 ms
36) [7,6],  27 ms
37) [6,7],  2642 ms
38) [13,3],  28 ms
39) [12,4],  27 ms
40) [9,2],  28 ms
41) [7,4],  26 ms
42) [8,1],  28 ms
43) [5,1],  26 ms
44) pbrain-pela:  I win !
44) [10,3],  26 ms
45) [11,2],  27 ms
46) [11,4],  25 ms
47) [12,5],  26 ms
48) [7,0],  26 ms

pela 60.0 wins

pela 60.0:  17 s/turn
pela 5.0:  2073 ms/turn
