 0) [9,8],  750 ms
 1) [8,8],  27 ms
 2) [10,9],  26 ms
 3) [8,7],  26 ms
 4) [8,6],  23381 ms
 5) [10,8],  1838 ms
 6) [9,10],  59995 ms
 7) [8,11],  3380 ms
 8) [8,10],  60010 ms
 9) [8,9],  1505 ms
10) [9,11],  60011 ms
11) [9,12],  3819 ms
12) [6,8],  41098 ms
13) [7,9],  5004 ms
14) [7,7],  2209 ms
15) [9,5],  5032 ms
16) [5,9],  105 ms
17) [4,10],  26 ms
18) [6,10],  58 ms
19) [7,10],  3566 ms
20) [6,9],  31 ms
21) [6,11],  2682 ms
22) [6,6],  30 ms
23) [6,7],  27 ms
24) [5,6],  31 ms
25) [7,6],  1839 ms
26) [5,8],  30 ms
27) [5,7],  27 ms
28) [4,8],  27 ms
29) [3,8],  27 ms
30) [3,7],  26 ms
31) [7,11],  26 ms
32) [2,6],  27 ms

pela 60.0 wins

pela 60.0:  14 s/turn
pela 5.0:  1803 ms/turn
