 0) [12,9],  0 ms
 1) [11,9],  2293 ms
 2) [11,10],  27 ms
 3) [12,10],  28 ms
 4) [13,11],  27 ms
 5) [13,10],  28 ms
 6) [14,11],  27 ms
 7) [12,11],  27 ms
 8) [16,9],  28 ms
 9) [15,10],  2131 ms
10) [16,11],  28665 ms
11) [16,10],  5010 ms
12) [14,10],  26 ms
13) [14,9],  2172 ms
14) [11,12],  35634 ms
15) [11,13],  1774 ms
16) [10,11],  40379 ms
17) [9,12],  1484 ms
18) [15,7],  31673 ms
19) [14,7],  2240 ms
20) [15,11],  60011 ms
21) [17,11],  27 ms
22) [16,8],  57644 ms
23) [15,9],  4922 ms
24) [18,12],  14474 ms
25) [16,12],  3085 ms
26) [13,7],  42930 ms
27) [13,5],  3961 ms
28) [15,8],  41206 ms
29) [14,5],  5000 ms
30) [14,6],  18201 ms
31) [16,6],  3840 ms
32) [16,5],  13043 ms
33) [18,10],  4226 ms
34) [15,13],  20335 ms
35) [17,8],  3289 ms
36) [17,10],  15271 ms
37) [14,13],  3258 ms
38) [12,6],  20252 ms
39) [11,5],  2418 ms
40) [12,5],  13907 ms
41) [12,8],  4997 ms
42) [15,4],  20891 ms
43) [14,3],  4999 ms
44) [10,10],  5681 ms
45) [9,10],  2258 ms
46) [9,13],  17094 ms
47) [8,11],  3799 ms
48) [7,12],  4705 ms
49) [18,9],  3426 ms
50) [13,3],  6532 ms
51) [10,12],  3537 ms
52) [9,11],  4299 ms
53) [10,6],  1443 ms
54) [9,7],  12435 ms
55) [19,12],  2570 ms
56) [7,13],  9065 ms
57) [8,12],  3221 ms
58) [15,6],  8288 ms
59) [15,5],  27 ms
60) [18,8],  8176 ms
61) [11,7],  2032 ms
62) [9,5],  3824 ms
63) [11,6],  5011 ms
64) [11,8],  27 ms
65) [9,6],  5007 ms
66) [11,4],  3140 ms
67) [12,14],  5016 ms
68) [10,13],  2065 ms
69) [7,10],  4998 ms
70) [8,9],  5696 ms
71) [6,10],  2872 ms
72) [6,9],  4394 ms
73) [8,13],  4419 ms
74) [8,14],  4265 ms
75) [6,12],  5001 ms
76) [9,9],  3655 ms
77) [12,7],  5006 ms
78) [13,8],  31 ms
79) [14,16],  5007 ms
80) [13,15],  27 ms
81) [7,9],  4655 ms
82) [5,10],  1942 ms
83) [8,8],  2012 ms
84) [7,5],  2393 ms
85) [8,6],  1836 ms
86) [7,6],  28 ms
87) [5,11],  3888 ms
88) [4,12],  28 ms
89) [12,12],  1752 ms
90) [12,13],  29 ms
91) [8,5],  4278 ms
92) [8,4],  2499 ms
93) [7,4],  3898 ms
94) [6,3],  1921 ms
95) [6,6],  4565 ms
96) [7,15],  598 ms
97) [7,14],  1548 ms
98) [6,16],  503 ms
99) [5,17],  28 ms
100) [6,14],  704 ms
101) [8,16],  1722 ms
102) [6,15],  407 ms
103) [6,17],  2886 ms
104) [5,13],  34 ms
105) [3,11],  28 ms
106) [4,15],  41 ms
107) [9,15],  998 ms
108) [10,14],  26 ms
109) [5,15],  2864 ms
110) [4,13],  31 ms
111) [4,14],  127 ms
112) pbrain-pela:  I win !
112) [13,14],  27 ms
113) [14,15],  27 ms
114) [3,13],  27 ms
115) [6,13],  26 ms
116) [2,13],  26 ms
117) [1,13],  26 ms
118) [3,12],  29 ms
119) [4,11],  27 ms
120) [5,14],  26 ms
121) [7,16],  26 ms
122) [2,11],  27 ms

pela 60.0 wins

pela 60.0:  9506 ms/turn
pela 5.0:  2673 ms/turn
