 0) [9,9],  46 ms
 1) [8,9],  1467 ms
 2) [7,8],  48 ms
 3) [8,8],  32 ms
 4) [8,10],  33 ms
 5) [7,10],  33 ms
 6) [9,8],  33 ms
 7) [9,11],  4997 ms
 8) [9,6],  21363 ms
 9) [9,7],  1942 ms
10) [8,7],  8612 ms
11) [10,5],  5065 ms
12) [7,6],  39700 ms
13) [6,5],  5040 ms
14) [6,9],  4753 ms
15) [5,10],  33 ms
16) [10,9],  4983 ms
17) [11,10],  32 ms
18) [10,6],  5555 ms
19) [8,6],  5017 ms
20) [10,8],  490 ms
21) [11,7],  5036 ms
22) [10,7],  281 ms
23) [10,10],  33 ms
24) [11,8],  52 ms
25) [12,9],  3690 ms
26) [8,5],  37 ms
27) [7,4],  68 ms
28) [6,7],  76 ms
29) [5,8],  5080 ms
30) [13,6],  34 ms
31) [12,7],  2958 ms
32) pbrain-pela:  I win !
32) [11,6],  34 ms
33) [12,6],  37 ms
34) [12,8],  33 ms
35) [13,8],  33 ms
36) [10,3],  33 ms
37) [9,4],  34 ms
38) [12,5],  33 ms
39) [13,4],  32 ms
40) [11,4],  32 ms
41) [14,7],  31 ms
42) [9,2],  32 ms

pela 60.0 wins

pela 60.0:  3922 ms/turn
pela 5.0:  1937 ms/turn
