 0) [8,8],  27 ms
 1) [7,8],  271 ms
 2) [8,7],  27 ms
 3) [8,6],  27 ms
 4) [7,5],  60046 ms
 5) [5,6],  2455 ms
 6) [6,7],  37607 ms
 7) [7,7],  3316 ms
 8) [9,5],  18793 ms
 9) [10,5],  5004 ms
10) [6,5],  60002 ms
11) [8,5],  1592 ms
12) [7,6],  4145 ms
13) [5,4],  5007 ms
14) [9,8],  3889 ms
15) [10,9],  27 ms
16) [9,7],  8862 ms
17) [9,6],  2606 ms
18) [10,6],  555 ms
19) [11,5],  5003 ms
20) [8,4],  182 ms
21) [7,3],  2394 ms
22) [11,7],  31 ms
23) [12,8],  27 ms
24) [10,7],  31 ms
25) [12,7],  27 ms
26) [7,9],  28 ms
27) [6,10],  27 ms
28) [6,8],  28 ms
29) [6,6],  27 ms
30) [8,9],  28 ms
31) [7,10],  33 ms
32) [8,10],  27 ms
33) [8,11],  27 ms
34) [5,7],  27 ms
35) [9,11],  27 ms
36) [4,6],  26 ms

pela 60.0 wins

pela 60.0:  10 s/turn
pela 5.0:  1549 ms/turn
