 0) [10,11],  0 ms
 1) [9,11],  177 ms
 2) [8,12],  29 ms
 3) [9,12],  29 ms
 4) [9,10],  29 ms
 5) [8,10],  29 ms
 6) [10,12],  30 ms
 7) [10,9],  4999 ms
 8) [10,14],  22446 ms
 9) [10,13],  1753 ms
10) [7,10],  23249 ms
11) [9,13],  3193 ms
12) [9,14],  25941 ms
13) [8,9],  5012 ms
14) [7,9],  44119 ms
15) [7,12],  2893 ms
16) [11,13],  27454 ms
17) [12,14],  3336 ms
18) [11,14],  50772 ms
19) [11,15],  2993 ms
20) [10,15],  27979 ms
21) [9,16],  2373 ms
22) [9,17],  29249 ms
23) [8,14],  4290 ms
24) [8,7],  47512 ms
25) [7,7],  4144 ms
26) [6,13],  25459 ms
27) [8,15],  1825 ms
28) [6,12],  35367 ms
29) [6,10],  2915 ms
30) [10,17],  34329 ms
31) [9,15],  5001 ms
32) [12,13],  29423 ms
33) [10,16],  5001 ms
34) [11,17],  11811 ms
35) [12,17],  4559 ms
36) [8,17],  1195 ms
37) [7,17],  30 ms
38) [12,12],  465 ms
39) [14,11],  3379 ms
40) [13,11],  125 ms
41) [14,10],  28 ms
42) [13,13],  39 ms
43) [11,12],  1860 ms
44) [15,13],  66 ms
45) [14,13],  28 ms
46) [14,12],  30 ms
47) [12,10],  2830 ms
48) [14,14],  30 ms
49) [15,15],  1659 ms
50) pbrain-pela:  I win !
50) [17,15],  28 ms
51) [16,14],  28 ms
52) [13,15],  28 ms
53) [12,16],  28 ms
54) [13,12],  29 ms
55) [13,14],  28 ms
56) [11,16],  28 ms
57) [16,12],  2960 ms
58) [16,11],  32 ms
59) pbrain-pela:  I win !
59) [12,18],  30 ms
60) [12,15],  28 ms
61) [14,16],  29 ms
62) [13,17],  28 ms
63) [17,13],  28 ms
64) [18,12],  28 ms
65) [15,11],  28 ms
66) [18,14],  28 ms
67) [13,9],  29 ms

pela 5.0 wins

pela 60.0:  12 s/turn
pela 5.0:  1986 ms/turn
