 0) [9,8],  257 ms
 1) [8,9],  28 ms
 2) [9,7],  31 ms
 3) [9,6],  28 ms
 4) [10,8],  60020 ms
 5) [8,8],  28 ms
 6) [7,4],  27362 ms
 7) [7,5],  5002 ms
 8) [8,10],  60007 ms
 9) [9,9],  4602 ms
10) [6,6],  50705 ms
11) [6,5],  5002 ms
12) [5,5],  57374 ms
13) [4,4],  1789 ms
14) [4,6],  16724 ms
15) [3,7],  5010 ms
16) [7,8],  46799 ms
17) [11,9],  2383 ms
18) [10,9],  16129 ms
19) [10,10],  5003 ms
20) [11,11],  27385 ms
21) [12,11],  1848 ms
22) [7,9],  31337 ms
23) [7,6],  3209 ms
24) [6,8],  29407 ms
25) [5,7],  29 ms
26) [4,3],  25203 ms
27) [10,12],  5004 ms
28) [12,8],  11849 ms
29) [13,8],  1967 ms
30) [2,7],  19182 ms
31) [6,9],  2144 ms
32) [10,13],  6164 ms
33) [13,12],  3864 ms
34) [12,12],  16271 ms
35) [4,8],  1867 ms
36) [2,6],  9066 ms
37) [3,6],  1851 ms
38) [4,7],  4690 ms
39) [2,5],  4999 ms
40) [3,8],  12004 ms
41) [4,9],  1756 ms
42) [15,10],  8820 ms
43) [3,10],  5004 ms
44) [5,8],  9021 ms
45) [2,9],  2444 ms
46) [3,9],  4985 ms
47) [4,11],  204 ms
48) [5,12],  4143 ms
49) [4,10],  211 ms
50) [4,12],  26 ms
51) [5,10],  237 ms
52) [2,10],  2984 ms
53) [6,10],  71 ms
54) [7,10],  27 ms
55) [7,11],  32 ms
56) [5,9],  27 ms
57) [6,11],  48 ms
58) [5,11],  2500 ms
59) [3,12],  36 ms
60) [2,13],  28 ms
61) [7,12],  32 ms
62) [8,13],  27 ms
63) [8,12],  29 ms
64) [9,12],  28 ms
65) pbrain-pela:  I win !
65) [6,13],  27 ms
66) [6,12],  27 ms
67) [9,11],  26 ms
68) [7,13],  27 ms
69) [8,11],  27 ms
70) [10,11],  27 ms
71) [5,14],  26 ms
72) [9,10],  28 ms
73) [4,15],  26 ms

pela 5.0 wins

pela 60.0:  15 s/turn
pela 5.0:  1780 ms/turn
