 0) [9,11],  1 ms
 1) [8,11],  1185 ms
 2) [10,12],  28 ms
 3) [8,10],  29 ms
 4) [8,9],  27844 ms
 5) [10,11],  1677 ms
 6) [9,13],  60023 ms
 7) [8,14],  3401 ms
 8) [8,13],  60034 ms
 9) [8,12],  1453 ms
10) [9,14],  60031 ms
11) [9,15],  3953 ms
12) [6,11],  41087 ms
13) [7,12],  4655 ms
14) [7,10],  1844 ms
15) [9,8],  4731 ms
16) [5,12],  100 ms
17) [4,13],  26 ms
18) [6,13],  60 ms
19) [7,13],  2977 ms
20) [6,12],  32 ms
21) [6,14],  2221 ms
22) [6,9],  31 ms
23) [6,10],  28 ms
24) [5,9],  31 ms
25) [7,9],  5001 ms
26) [5,11],  31 ms
27) [5,10],  26 ms
28) [4,11],  28 ms
29) [3,11],  27 ms
30) [3,10],  26 ms
31) [7,14],  27 ms
32) [2,9],  27 ms

pela 60.0 wins

pela 60.0:  14 s/turn
pela 5.0:  1963 ms/turn
