 0) [9,8],  1460 ms
 1) [9,9],  29 ms
 2) [10,7],  27 ms
 3) [8,9],  26 ms
 4) [7,9],  38277 ms
 5) [9,7],  1976 ms
 6) [11,8],  59999 ms
 7) [12,9],  3779 ms
 8) [11,9],  55592 ms
 9) [10,9],  5020 ms
10) [7,7],  59971 ms
11) [7,8],  2685 ms
12) [10,11],  40742 ms
13) [11,7],  2139 ms
14) [12,6],  35762 ms
15) [12,8],  2815 ms
16) [15,11],  23007 ms
17) [11,5],  2828 ms
18) [10,6],  14656 ms
19) [11,6],  2018 ms
20) [5,7],  13339 ms
21) [6,8],  4272 ms
22) [6,7],  16561 ms
23) [4,7],  1537 ms
24) [5,8],  25616 ms
25) [5,5],  3551 ms
26) [16,10],  10438 ms
27) [14,12],  5015 ms
28) [15,9],  21855 ms
29) [11,4],  5020 ms
30) [11,3],  28 ms
31) [14,8],  5013 ms
32) [15,10],  19214 ms
33) [15,8],  5010 ms
34) [16,8],  16523 ms
35) [14,9],  5029 ms
36) [13,10],  7576 ms
37) [14,10],  1936 ms
38) [14,11],  28 ms
39) [14,7],  34 ms
40) [14,6],  28 ms
41) [13,8],  38 ms
42) [15,6],  14262 ms
43) pbrain-pela:  I win !
43) [13,6],  28 ms
44) [12,5],  29 ms
45) [12,7],  28 ms
46) [10,5],  44 ms
47) [13,7],  29 ms
48) [15,7],  28 ms
49) [13,5],  28 ms
50) [13,9],  28 ms
51) [13,4],  27 ms

pela 5.0 wins

pela 60.0:  18 s/turn
pela 5.0:  2304 ms/turn
