 0) [9,8],  1197 ms
 1) [10,8],  27 ms
 2) [8,9],  28 ms
 3) [10,7],  26 ms
 4) [10,6],  18350 ms
 5) [8,8],  1979 ms
 6) [9,10],  18919 ms
 7) [10,11],  3276 ms
 8) [10,10],  60007 ms
 9) [10,9],  5004 ms
10) [9,11],  60012 ms
11) [9,12],  4022 ms
12) [12,8],  36894 ms
13) [11,9],  4111 ms
14) [11,7],  1718 ms
15) [9,5],  4283 ms
16) [13,9],  84 ms
17) [14,10],  27 ms
18) [12,10],  60 ms
19) [11,10],  2757 ms
20) [12,9],  31 ms
21) [12,11],  1710 ms
22) [12,6],  30 ms
23) [12,7],  28 ms
24) [13,6],  31 ms
25) [11,6],  4312 ms
26) [13,8],  31 ms
27) [13,7],  28 ms
28) [14,8],  28 ms
29) [15,8],  28 ms
30) [11,11],  27 ms
31) [15,7],  27 ms
32) [10,12],  27 ms

pela 60.0 wins

pela 60.0:  11 s/turn
pela 5.0:  1977 ms/turn
