 0) [9,8],  28 ms
 1) [8,8],  322 ms
 2) [8,9],  28 ms
 3) [9,9],  29 ms
 4) [7,7],  27 ms
 5) [7,8],  27 ms
 6) [6,7],  28 ms
 7) [8,7],  27 ms
 8) [4,9],  34 ms
 9) [5,8],  4997 ms
10) [4,8],  60015 ms
11) [4,10],  2626 ms
12) [6,9],  32247 ms
13) [6,10],  3148 ms
14) [5,11],  32522 ms
15) [5,9],  2317 ms
16) [6,6],  60001 ms
17) [6,5],  2420 ms
18) [10,7],  49966 ms
19) [11,6],  2100 ms
20) [3,11],  19754 ms
21) [6,11],  5057 ms
22) [5,7],  38639 ms
23) [3,9],  3286 ms
24) [7,6],  43825 ms
25) [4,6],  2177 ms
26) [10,6],  30884 ms
27) [7,5],  5000 ms
28) [9,6],  27630 ms
29) [8,6],  26 ms
30) [8,5],  29187 ms
31) [11,8],  2185 ms
32) [6,4],  8429 ms
33) [10,3],  2867 ms
34) [5,13],  9532 ms
35) [12,7],  5004 ms
36) [11,7],  9278 ms
37) [6,3],  2580 ms
38) [13,6],  17858 ms
39) [10,8],  5003 ms
40) [11,9],  17947 ms
41) [3,6],  5006 ms
42) [3,5],  16021 ms
43) [3,7],  4995 ms
44) [2,10],  13746 ms
45) [4,12],  4817 ms
46) [2,8],  11775 ms
47) [8,3],  5000 ms
48) [7,3],  4764 ms
49) [7,12],  5002 ms
50) [6,12],  9399 ms
51) [7,10],  5015 ms
52) [5,10],  8062 ms
53) [2,11],  3692 ms
54) [7,11],  2851 ms
55) [4,14],  5004 ms
56) [4,13],  6504 ms
57) [8,13],  5001 ms
58) [5,5],  4020 ms
59) [4,4],  5012 ms
60) [4,5],  2247 ms
61) [5,14],  2717 ms
62) [7,14],  4673 ms
63) [3,13],  2122 ms
64) [2,14],  4010 ms
65) [8,11],  5002 ms
66) [9,10],  1018 ms
67) [5,15],  2120 ms
68) [6,16],  3283 ms
69) [8,12],  5000 ms
70) [8,14],  1638 ms
71) [9,15],  2120 ms
72) [10,15],  1964 ms
73) [9,13],  5000 ms
74) [7,13],  2296 ms
75) [9,12],  5001 ms
76) [9,5],  801 ms
77) [8,4],  27 ms
78) [9,14],  767 ms
79) [10,14],  1492 ms
80) [12,8],  1757 ms
81) [13,9],  27 ms
82) [9,4],  1515 ms
83) [9,7],  27 ms
84) [2,5],  884 ms
85) [1,5],  27 ms
86) [9,2],  702 ms
87) [9,3],  27 ms
88) [11,12],  97 ms
89) [6,13],  724 ms
90) [4,15],  28 ms
91) [11,13],  154 ms
92) [12,13],  29 ms
93) [10,11],  27 ms
94) [12,12],  1036 ms
95) [14,9],  809 ms
96) [9,1],  264 ms
97) [8,2],  29 ms
98) [13,8],  851 ms
99) [11,10],  1231 ms
100) [12,9],  28 ms
101) [10,13],  33 ms
102) [11,14],  28 ms
103) [10,12],  27 ms
104) [10,10],  28 ms
105) [11,11],  27 ms
106) [12,10],  28 ms
107) [12,11],  28 ms
108) [9,11],  27 ms
109) [13,7],  26 ms
110) [13,12],  29 ms
111) [14,11],  28 ms
112) [9,16],  26 ms

pela 60.0 wins

pela 60.0:  10 s/turn
pela 5.0:  2385 ms/turn
