 0) [9,8],  979 ms
 1) [9,9],  27 ms
 2) [10,7],  27 ms
 3) [8,9],  28 ms
 4) [7,9],  43815 ms
 5) [9,7],  2301 ms
 6) [11,8],  19288 ms
 7) [12,9],  3588 ms
 8) [11,9],  54880 ms
 9) [10,9],  5000 ms
10) [7,7],  47763 ms
11) [7,8],  1447 ms
12) [10,11],  21714 ms
13) [11,7],  4137 ms
14) [12,6],  58788 ms
15) [12,8],  4753 ms
16) [15,11],  50399 ms
17) [11,5],  5000 ms
18) [10,6],  36953 ms
19) [11,6],  3482 ms
20) [5,7],  37914 ms
21) [6,8],  2147 ms
22) [6,7],  32488 ms
23) [4,7],  4646 ms
24) [5,8],  14520 ms
25) [5,5],  1915 ms
26) [16,10],  25787 ms
27) [14,12],  5001 ms
28) [15,9],  12107 ms
29) [11,4],  3950 ms
30) [11,3],  27 ms
31) [14,8],  3509 ms
32) [15,10],  11889 ms
33) [15,8],  3422 ms
34) [16,8],  10090 ms
35) [16,11],  4242 ms
36) [17,10],  13041 ms
37) [14,10],  5020 ms
38) [14,9],  9325 ms
39) [17,9],  2724 ms
40) [13,12],  8090 ms
41) [15,12],  5001 ms
42) [12,5],  12853 ms
43) [10,5],  1493 ms
44) [8,7],  11048 ms
45) [14,11],  5000 ms
46) [16,13],  9452 ms
47) [4,5],  5001 ms
48) [4,4],  3801 ms
49) [7,6],  1901 ms
50) [7,5],  4004 ms
51) [4,6],  1340 ms
52) [4,8],  6997 ms
53) [6,6],  1796 ms
54) [5,6],  2727 ms
55) [15,7],  5003 ms
56) [12,7],  2196 ms
57) [13,3],  3371 ms
58) [16,6],  3601 ms
59) [12,4],  1721 ms
60) [13,2],  1525 ms
61) [16,7],  4942 ms
62) [14,7],  1755 ms
63) [2,7],  3096 ms
64) [3,7],  4299 ms
65) [5,9],  3236 ms
66) [10,4],  3686 ms
67) [16,14],  1502 ms
68) [14,14],  2169 ms
69) [15,4],  4068 ms
70) [13,4],  1960 ms
71) [4,9],  4553 ms
72) [2,9],  2579 ms
73) [17,6],  4654 ms
74) [19,10],  1962 ms
75) [18,10],  26 ms
76) [9,5],  734 ms
77) [8,6],  25 ms
78) [12,2],  1817 ms
79) [13,1],  26 ms
80) [14,2],  1063 ms
81) [15,2],  1554 ms
82) [11,2],  563 ms
83) [10,2],  25 ms
84) [16,5],  919 ms
85) [18,5],  48 ms
86) [19,4],  25 ms
87) [17,4],  68 ms
88) [16,3],  512 ms
89) [13,11],  37 ms
90) [12,10],  400 ms
91) [17,7],  43 ms
92) [17,5],  1060 ms
93) [18,7],  29 ms
94) [19,7],  25 ms
95) [18,4],  28 ms
96) [18,6],  903 ms
97) pbrain-pela:  I win !
97) [15,5],  26 ms
98) [15,6],  26 ms
99) [15,1],  25 ms
100) [15,3],  25 ms
101) [16,4],  26 ms
102) [14,4],  25 ms
103) [14,6],  26 ms
104) [13,7],  27 ms
105) [17,3],  25 ms
106) [18,2],  26 ms
107) [16,2],  25 ms
108) [19,5],  25 ms
109) [14,0],  26 ms

pela 5.0 wins

pela 60.0:  10 s/turn
pela 5.0:  2292 ms/turn
