 0) [9,8],  237 ms
 1) [10,7],  28 ms
 2) [9,9],  28 ms
 3) [9,10],  27 ms
 4) [8,8],  37525 ms
 5) [10,8],  32 ms
 6) [10,11],  44788 ms
 7) [11,11],  2445 ms
 8) [10,6],  60029 ms
 9) [9,7],  1529 ms
10) [12,10],  48921 ms
11) [8,5],  3672 ms
12) [7,4],  20377 ms
13) [6,7],  2290 ms
14) [8,7],  25087 ms
15) [7,6],  2527 ms
16) [5,8],  51910 ms
17) [7,8],  3448 ms
18) [5,6],  44442 ms
19) [8,9],  3553 ms
20) [11,10],  33422 ms
21) [12,11],  5009 ms
22) [11,7],  32470 ms
23) [12,8],  1985 ms
24) [9,4],  24240 ms
25) [8,4],  2234 ms
26) [11,6],  12418 ms
27) [8,3],  1674 ms
28) [11,8],  3586 ms
29) [11,9],  32 ms
30) [8,6],  5246 ms
31) [12,6],  3236 ms
32) [13,8],  463 ms
33) [12,9],  2149 ms
34) [12,7],  39 ms
35) [10,5],  31 ms
36) [13,6],  38 ms
37) [8,2],  4639 ms
38) [8,1],  31 ms
39) [14,5],  4486 ms
40) [13,10],  33 ms
41) [15,10],  2484 ms
42) pbrain-pela:  I win !
42) [13,7],  30 ms
43) [13,9],  31 ms
44) [14,10],  32 ms
45) [10,10],  34 ms
46) [11,4],  32 ms
47) [11,5],  31 ms
48) [14,7],  30 ms
49) [15,7],  31 ms
50) [12,5],  31 ms
51) [15,8],  31 ms
52) [10,3],  30 ms

pela 60.0 wins

pela 60.0:  16 s/turn
pela 5.0:  1833 ms/turn
