 0) [11,11],  26 ms
 1) [10,11],  960 ms
 2) [11,12],  26 ms
 3) [11,13],  27 ms
 4) [10,14],  60010 ms
 5) [8,13],  4031 ms
 6) [9,12],  60004 ms
 7) [10,12],  4053 ms
 8) [12,14],  21894 ms
 9) [13,14],  4988 ms
10) [9,14],  60009 ms
11) [11,14],  2515 ms
12) [10,13],  2499 ms
13) [8,15],  4736 ms
14) [12,11],  2208 ms
15) [13,10],  27 ms
16) [12,12],  6470 ms
17) [12,13],  4063 ms
18) [13,13],  336 ms
19) [14,14],  3261 ms
20) [11,15],  193 ms
21) [10,16],  1564 ms
22) [14,12],  32 ms
23) [15,11],  35 ms
24) [13,12],  41 ms
25) [15,12],  28 ms
26) [10,10],  30 ms
27) [9,9],  28 ms
28) [9,11],  30 ms
29) [9,13],  28 ms
30) [11,10],  29 ms
31) [10,9],  29 ms
32) [11,9],  28 ms
33) [11,8],  29 ms
34) [8,12],  29 ms
35) [12,8],  28 ms
36) [7,13],  29 ms

pela 60.0 wins

pela 60.0:  11 s/turn
pela 5.0:  1690 ms/turn
