 0) [11,9],  30 ms
 1) [10,9],  1476 ms
 2) [10,8],  27 ms
 3) [11,8],  28 ms
 4) [12,10],  27 ms
 5) [13,11],  27 ms
 6) [14,10],  46822 ms
 7) [9,7],  5021 ms
 8) [12,7],  60001 ms
 9) [12,11],  2141 ms
10) [13,12],  24889 ms
11) [13,10],  2147 ms
12) [14,11],  60015 ms
13) [14,9],  4850 ms
14) [11,12],  20554 ms
15) [15,8],  2660 ms
16) [16,7],  28 ms
17) [15,10],  3776 ms
18) [10,12],  45 ms
19) [12,12],  5005 ms
20) [11,11],  33 ms
21) [9,13],  437 ms
22) [11,13],  27 ms
23) [11,10],  26 ms
24) [12,14],  27 ms
25) [13,15],  4996 ms
26) [11,15],  27 ms
27) [11,14],  26 ms
28) [13,9],  26 ms
29) [14,8],  26 ms
30) [9,11],  26 ms
31) [8,10],  26 ms
32) [12,8],  26 ms
33) [15,11],  26 ms
34) [10,10],  25 ms
35) [13,7],  58 ms
36) [8,12],  26 ms

pela 60.0 wins

pela 60.0:  11 s/turn
pela 5.0:  1819 ms/turn
