 0) [9,8],  986 ms
 1) [8,7],  28 ms
 2) [9,9],  39 ms
 3) [9,10],  28 ms
 4) [10,8],  19616 ms
 5) [8,8],  29 ms
 6) [8,11],  49600 ms
 7) [7,11],  2649 ms
 8) [8,6],  59994 ms
 9) [9,7],  2153 ms
10) [6,10],  25097 ms
11) [7,13],  4996 ms
12) [10,7],  53792 ms
13) [10,6],  1668 ms
14) [11,5],  20306 ms
15) [11,6],  1831 ms
16) [12,6],  52971 ms
17) [11,7],  3054 ms
18) [12,8],  17867 ms
19) [12,9],  3299 ms
20) [13,7],  57 ms
21) [14,8],  2117 ms
22) [10,4],  35 ms
23) [9,3],  29 ms
24) [9,5],  42 ms
25) [11,3],  2352 ms
26) [12,5],  32 ms
27) [10,5],  1673 ms
28) [12,7],  30 ms
29) [12,4],  29 ms
30) [11,8],  30 ms
31) [13,8],  28 ms
32) [14,5],  31 ms
33) [13,6],  29 ms
34) pbrain-pela:  I win !
34) [15,5],  30 ms
35) [13,5],  28 ms
36) [14,6],  30 ms
37) [16,4],  28 ms
38) [11,9],  28 ms

pela 60.0 wins

pela 60.0:  15 s/turn
pela 5.0:  1370 ms/turn
