 0) [8,12],  27 ms
 1) [7,12],  2052 ms
 2) [7,11],  28 ms
 3) [8,11],  28 ms
 4) [9,13],  28 ms
 5) [10,14],  27 ms
 6) [11,13],  34701 ms
 7) [6,10],  5004 ms
 8) [9,10],  46474 ms
 9) [9,14],  5005 ms
10) [10,15],  60003 ms
11) [10,13],  4998 ms
12) [11,14],  37623 ms
13) [11,12],  3339 ms
14) [8,15],  59994 ms
15) [12,11],  2509 ms
16) [13,10],  28 ms
17) [12,13],  2618 ms
18) [7,15],  43 ms
19) [9,15],  5005 ms
20) [8,14],  32 ms
21) [6,16],  494 ms
22) [8,16],  29 ms
23) [8,13],  28 ms
24) [9,17],  30 ms
25) [10,18],  2684 ms
26) [8,18],  29 ms
27) [8,17],  51 ms
28) [10,12],  29 ms
29) [11,11],  27 ms
30) [6,14],  32 ms
31) [5,13],  27 ms
32) [9,11],  29 ms
33) [12,14],  27 ms
34) [7,13],  36 ms
35) [10,10],  45 ms
36) [5,15],  27 ms

pela 60.0 wins

pela 60.0:  12 s/turn
pela 5.0:  1887 ms/turn
