 0) [8,10],  1 ms
 1) [7,10],  1587 ms
 2) [7,9],  28 ms
 3) [8,9],  27 ms
 4) [6,11],  28 ms
 5) [6,10],  27 ms
 6) [5,11],  28 ms
 7) [7,11],  27 ms
 8) [3,9],  28 ms
 9) [4,10],  1978 ms
10) [3,11],  23268 ms
11) [3,10],  4276 ms
12) [5,10],  27 ms
13) [5,9],  1663 ms
14) [8,12],  37658 ms
15) [8,13],  4777 ms
16) [9,11],  33761 ms
17) [10,12],  5003 ms
18) [4,7],  17498 ms
19) [5,7],  4991 ms
20) [4,11],  53151 ms
21) [2,11],  27 ms
22) [3,8],  60002 ms
23) [4,9],  4998 ms
24) [1,12],  35097 ms
25) [3,12],  2407 ms
26) [6,7],  46469 ms
27) [6,5],  4998 ms
28) [3,7],  41845 ms
29) [3,6],  3733 ms
30) [1,10],  22648 ms
31) [2,9],  5014 ms
32) [5,4],  20751 ms
33) [7,13],  5010 ms
34) [9,13],  29720 ms
35) [10,11],  384 ms
36) [7,14],  9056 ms
37) [10,13],  28 ms
38) [10,10],  38 ms
39) [10,15],  29 ms
40) [10,14],  27 ms
41) [9,14],  28 ms
42) [11,16],  26 ms
43) [11,12],  28 ms
44) [12,11],  28 ms
45) [9,10],  27 ms
46) [12,13],  26 ms
47) [7,8],  80 ms

pela 5.0 wins

pela 60.0:  17 s/turn
pela 5.0:  2131 ms/turn
