 0) [12,9],  0 ms
 1) [11,9],  7328 ms
 2) [11,10],  35 ms
 3) [12,10],  37 ms
 4) [10,11],  33 ms
 5) [9,12],  33 ms
 6) [10,13],  29719 ms
 7) [13,8],  5004 ms
 8) [13,11],  17855 ms
 9) [9,11],  2188 ms
10) [8,12],  27048 ms
11) [10,12],  2012 ms
12) [9,13],  60040 ms
13) [11,13],  3014 ms
14) [8,10],  23152 ms
15) [12,14],  3231 ms
16) [13,15],  30 ms
17) [10,14],  3855 ms
18) [8,9],  49 ms
19) [8,11],  5009 ms
20) [9,10],  35 ms
21) [7,8],  550 ms
22) [7,10],  31 ms
23) [10,10],  29 ms
24) [6,11],  32 ms
25) [5,12],  5027 ms
26) [5,10],  33 ms
27) [6,10],  31 ms
28) [11,12],  31 ms
29) [12,13],  31 ms
30) [9,8],  32 ms
31) [10,7],  31 ms
32) [12,11],  32 ms
33) [9,14],  32 ms
34) [10,9],  30 ms
35) [13,12],  31 ms
36) [8,7],  63 ms

pela 60.0 wins

pela 60.0:  8330 ms/turn
pela 5.0:  2081 ms/turn
