 0) [8,8],  29 ms
 1) [7,8],  1015 ms
 2) [7,9],  28 ms
 3) [8,9],  28 ms
 4) [6,7],  29 ms
 5) [6,8],  28 ms
 6) [5,7],  29 ms
 7) [7,7],  28 ms
 8) [3,9],  29 ms
 9) [4,8],  1951 ms
10) [3,7],  25286 ms
11) [3,8],  5012 ms
12) [5,8],  28 ms
13) [5,9],  3193 ms
14) [8,6],  60029 ms
15) [8,5],  4682 ms
16) [9,7],  53686 ms
17) [10,6],  5007 ms
18) [4,11],  29295 ms
19) [3,10],  5001 ms
20) [4,7],  26680 ms
21) [2,7],  27 ms
22) [4,10],  51402 ms
23) [5,11],  1542 ms
24) [7,4],  38554 ms
25) [6,4],  2475 ms
26) [8,3],  38316 ms
27) [10,5],  5004 ms
28) [10,4],  23166 ms
29) [11,6],  3756 ms
30) [9,5],  36203 ms
31) [9,3],  1842 ms
32) [10,7],  12290 ms
33) [11,3],  1610 ms
34) [13,6],  16687 ms
35) [10,8],  5010 ms
36) [12,6],  12566 ms
37) [13,7],  2007 ms
38) [12,4],  22287 ms
39) [12,7],  2122 ms
40) [13,8],  21909 ms
41) [6,5],  4179 ms
42) [14,7],  15980 ms
43) [9,6],  30 ms
44) [8,7],  10067 ms
45) [11,5],  28 ms
46) [11,2],  26 ms
47) [11,7],  28 ms
48) [11,8],  26 ms
49) [11,4],  26 ms

pela 5.0 wins

pela 60.0:  19 s/turn
pela 5.0:  2225 ms/turn
