 0) [9,9],  29 ms
 1) [8,9],  29 ms
 2) [7,8],  27 ms
 3) [8,8],  29 ms
 4) [8,10],  28 ms
 5) [7,10],  28 ms
 6) [9,8],  28 ms
 7) [9,11],  4313 ms
 8) [9,6],  13723 ms
 9) [9,7],  5004 ms
10) [8,7],  6637 ms
11) [10,5],  5000 ms
12) [7,6],  33794 ms
13) [6,5],  5016 ms
14) [6,9],  5074 ms
15) [5,10],  28 ms
16) [10,9],  5553 ms
17) [11,10],  28 ms
18) [10,6],  6353 ms
19) [8,6],  5021 ms
20) [10,8],  516 ms
21) [11,7],  5025 ms
22) [10,7],  297 ms
23) [10,10],  28 ms
24) [11,8],  45 ms
25) [12,9],  3946 ms
26) [8,5],  33 ms
27) [7,4],  28 ms
28) [6,7],  31 ms
29) [5,8],  5012 ms
30) [13,6],  29 ms
31) [12,7],  3329 ms
32) [11,6],  76 ms
33) [12,6],  29 ms
34) [12,8],  90 ms
35) [13,8],  28 ms
36) [10,3],  28 ms
37) [9,4],  33 ms
38) [12,5],  27 ms
39) [13,4],  29 ms
40) [11,4],  28 ms
41) [14,7],  27 ms
42) [9,2],  29 ms

pela 60.0 wins

pela 60.0:  3294 ms/turn
pela 5.0:  2000 ms/turn
