 0) [9,8],  1383 ms
 1) [10,9],  28 ms
 2) [9,7],  43 ms
 3) [9,6],  28 ms
 4) [8,8],  54213 ms
 5) [7,8],  28 ms
 6) [7,6],  31640 ms
 7) [10,6],  2835 ms
 8) [10,5],  38947 ms
 9) [7,5],  4831 ms
10) [8,7],  35224 ms
11) [8,9],  2590 ms
12) [10,11],  37477 ms
13) [6,5],  4990 ms
14) [6,7],  39124 ms
15) [7,7],  1824 ms
16) [5,5],  23243 ms
17) [9,5],  2243 ms
18) [11,7],  23553 ms
19) [12,7],  3663 ms
20) [11,8],  45039 ms
21) [10,8],  2385 ms
22) [9,9],  20505 ms
23) [9,11],  5002 ms
24) [10,10],  20522 ms
25) [11,11],  2691 ms
26) [4,6],  32723 ms
27) [5,8],  4006 ms
28) [5,9],  8328 ms
29) [3,7],  3568 ms
30) [11,6],  14858 ms
31) [11,9],  1652 ms
32) [12,9],  24745 ms
33) [13,10],  5000 ms
34) [6,10],  7061 ms
35) [5,11],  1956 ms
36) [6,8],  6307 ms
37) [6,9],  2383 ms
38) [4,4],  11198 ms
39) [3,5],  5010 ms
40) [3,6],  9918 ms
41) [5,6],  1536 ms
42) [7,4],  7742 ms
43) [6,4],  2429 ms
44) [8,5],  5719 ms
45) [11,4],  2527 ms
46) [5,2],  5581 ms
47) [6,3],  2093 ms
48) [6,2],  10256 ms
49) [4,2],  2614 ms
50) [5,3],  10227 ms
51) [7,1],  1853 ms
52) [4,10],  5539 ms
53) [3,10],  3958 ms
54) [8,12],  9836 ms
55) [7,11],  4994 ms
56) [9,4],  219 ms
57) [10,3],  28 ms
58) [5,4],  200 ms
59) [5,1],  28 ms
60) [3,11],  69 ms
61) [2,12],  28 ms
62) [8,6],  31 ms
63) [8,4],  28 ms
64) [8,3],  29 ms
65) [7,2],  27 ms
66) [7,10],  28 ms
67) [8,10],  2885 ms
68) [8,1],  4698 ms
69) [13,11],  2048 ms
70) [10,12],  7677 ms
71) [13,12],  1345 ms
72) [13,13],  6574 ms
73) [11,10],  391 ms
74) [10,14],  112 ms
75) [10,13],  27 ms
76) [12,11],  2708 ms
77) [13,9],  65 ms
78) [13,8],  28 ms
79) [12,10],  35 ms
80) [14,12],  27 ms
81) [14,8],  67 ms
82) [15,7],  28 ms
83) [14,10],  31 ms
84) [15,10],  28 ms
85) [15,9],  32 ms
86) [12,12],  2554 ms
87) [11,12],  29 ms
88) [11,13],  28 ms
89) [14,7],  29 ms
90) [14,9],  28 ms
91) [12,6],  30 ms
92) [13,7],  28 ms
93) [12,5],  28 ms
94) [13,6],  28 ms
95) [12,4],  28 ms
96) [12,8],  28 ms
97) [12,3],  29 ms

pela 5.0 wins

pela 60.0:  11 s/turn
pela 5.0:  1754 ms/turn
