 0) [9,8],  1256 ms
 1) [10,9],  26 ms
 2) [9,7],  56 ms
 3) [9,6],  26 ms
 4) [8,8],  53739 ms
 5) [7,8],  29 ms
 6) [7,6],  26935 ms
 7) [10,6],  2587 ms
 8) [10,5],  34066 ms
 9) [7,5],  4085 ms
10) [8,7],  39542 ms
11) [8,9],  2805 ms
12) [10,11],  38520 ms
13) [6,5],  5019 ms
14) [6,7],  44832 ms
15) [7,7],  2138 ms
16) [5,5],  24890 ms
17) [9,5],  2438 ms
18) [11,7],  24132 ms
19) [12,7],  3457 ms
20) [11,8],  44565 ms
21) [10,8],  2086 ms
22) [9,9],  17438 ms
23) [9,11],  5030 ms
24) [10,10],  18011 ms
25) [11,11],  2597 ms
26) [4,6],  33135 ms
27) [5,8],  3946 ms
28) [5,9],  8672 ms
29) [3,7],  3852 ms
30) [11,6],  17777 ms
31) [11,9],  2007 ms
32) [12,9],  24639 ms
33) [13,10],  4998 ms
34) [6,10],  9286 ms
35) [5,11],  2391 ms
36) [6,8],  8592 ms
37) [6,9],  3127 ms
38) [4,4],  11637 ms
39) [3,5],  4997 ms
40) [3,6],  10528 ms
41) [5,6],  1616 ms
42) [7,4],  8261 ms
43) [6,4],  2530 ms
44) [8,5],  6035 ms
45) [11,4],  2692 ms
46) [5,2],  6087 ms
47) [6,3],  2194 ms
48) [6,2],  10742 ms
49) [4,2],  2892 ms
50) [5,3],  10407 ms
51) [7,1],  1843 ms
52) [4,10],  5581 ms
53) [3,10],  4096 ms
54) [8,12],  8662 ms
55) [7,11],  5001 ms
56) [9,4],  225 ms
57) [10,3],  28 ms
58) [5,4],  200 ms
59) [5,1],  28 ms
60) [3,11],  70 ms
61) [2,12],  28 ms
62) [8,6],  32 ms
63) [8,4],  29 ms
64) [8,3],  29 ms
65) [7,2],  28 ms
66) [7,10],  28 ms
67) [8,10],  2908 ms
68) [8,1],  4848 ms
69) [13,11],  2079 ms
70) [10,12],  6657 ms
71) [13,12],  1389 ms
72) [13,13],  5692 ms
73) [11,10],  397 ms
74) [10,14],  113 ms
75) [10,13],  31 ms
76) [12,11],  2764 ms
77) [13,9],  66 ms
78) [13,8],  28 ms
79) [12,10],  36 ms
80) [14,12],  28 ms
81) [14,8],  69 ms
82) [15,7],  28 ms
83) [14,10],  31 ms
84) [15,10],  29 ms
85) [15,9],  32 ms
86) [12,12],  2612 ms
87) [11,12],  30 ms
88) [11,13],  29 ms
89) [14,7],  30 ms
90) [14,9],  29 ms
91) [12,6],  31 ms
92) [13,7],  29 ms
93) pbrain-pela:  I win !
93) [12,5],  28 ms
94) [13,6],  28 ms
95) [12,4],  29 ms
96) [12,8],  27 ms
97) [12,3],  29 ms

pela 5.0 wins

pela 60.0:  11 s/turn
pela 5.0:  1793 ms/turn
