 0) [9,8],  2201 ms
 1) [9,7],  27 ms
 2) [10,9],  26 ms
 3) [8,7],  26 ms
 4) [7,7],  27187 ms
 5) [9,9],  2765 ms
 6) [11,8],  19784 ms
 7) [12,7],  3362 ms
 8) [11,7],  60000 ms
 9) [10,7],  1460 ms
10) [12,8],  60009 ms
11) [13,8],  4370 ms
12) [9,5],  38952 ms
13) [10,6],  4636 ms
14) [8,6],  1848 ms
15) [6,8],  5022 ms
16) [10,4],  128 ms
17) [11,3],  26 ms
18) [11,5],  61 ms
19) [11,6],  3767 ms
20) [10,5],  30 ms
21) [12,5],  2424 ms
22) [7,5],  30 ms
23) [8,5],  27 ms
24) [7,4],  30 ms
25) [7,6],  5053 ms
26) [9,4],  31 ms
27) [8,4],  26 ms
28) [9,3],  28 ms
29) [9,2],  27 ms
30) [8,2],  26 ms
31) [12,6],  27 ms
32) [7,1],  27 ms

pela 60.0 wins

pela 60.0:  12 s/turn
pela 5.0:  2065 ms/turn
