 0) [9,8],  1087 ms
 1) [9,9],  27 ms
 2) [10,7],  27 ms
 3) [8,9],  27 ms
 4) [7,9],  21645 ms
 5) [9,7],  2293 ms
 6) [11,8],  60030 ms
 7) [12,9],  2952 ms
 8) [11,9],  37847 ms
 9) [11,7],  3685 ms
10) [10,9],  59996 ms
11) [10,8],  5000 ms
12) [12,6],  46425 ms
13) [13,6],  4998 ms
14) [9,11],  38690 ms
15) [11,10],  2467 ms
16) [8,10],  35948 ms
17) [10,12],  5007 ms
18) [13,8],  15848 ms
19) [10,10],  2418 ms
20) [12,12],  40347 ms
21) [10,6],  5012 ms
22) [13,9],  34582 ms
23) [13,11],  1963 ms
24) [11,5],  22302 ms
25) [14,8],  3942 ms
26) [9,5],  11879 ms
27) [10,5],  1619 ms
28) [6,10],  6651 ms
29) [7,8],  4995 ms
30) [10,4],  6733 ms
31) [9,3],  2341 ms
32) [6,8],  8152 ms
33) [5,7],  29 ms
34) [6,7],  9746 ms
35) [6,9],  5011 ms
36) [7,11],  11973 ms
37) [9,10],  5001 ms
38) [5,9],  12070 ms
39) [8,12],  4709 ms
40) [5,11],  1555 ms
41) [4,12],  27 ms
42) pbrain-pela:  I win !
42) [3,7],  27 ms
43) [4,8],  26 ms
44) [6,11],  27 ms
45) [8,11],  26 ms
46) [3,11],  26 ms
47) [4,11],  26 ms
48) [4,10],  27 ms
49) [7,7],  25 ms
50) [2,12],  27 ms

pela 60.0 wins

pela 60.0:  18 s/turn
pela 5.0:  2545 ms/turn
