 0) [12,9],  30 ms
 1) [11,9],  1573 ms
 2) [11,10],  31 ms
 3) [12,10],  30 ms
 4) [10,11],  31 ms
 5) [9,12],  30 ms
 6) [10,13],  5025 ms
 7) [10,14],  50648 ms
 8) [13,11],  4634 ms
 9) [14,11],  36128 ms
10) [13,12],  3200 ms
11) [13,10],  60088 ms
12) [11,12],  3656 ms
13) [12,13],  42061 ms
14) [9,10],  1568 ms
15) [12,11],  58513 ms
16) [12,14],  5003 ms
17) [8,9],  48939 ms
18) [13,15],  4313 ms
19) [13,13],  13044 ms
20) [12,12],  3826 ms
21) [14,12],  23941 ms
22) [14,13],  2154 ms
23) [11,13],  17315 ms
24) [15,13],  2371 ms
25) [15,14],  19973 ms
26) [9,11],  3826 ms
27) [13,8],  13826 ms
28) [14,8],  2227 ms
29) [14,14],  11092 ms
30) [15,9],  4498 ms
31) [14,10],  27406 ms
32) [15,10],  4010 ms
33) [15,12],  14233 ms
34) [17,14],  5039 ms
35) [8,11],  23032 ms
36) [8,12],  2913 ms
37) [14,15],  12009 ms
38) [18,13],  5015 ms
39) [17,13],  18030 ms
40) [13,16],  1729 ms
41) [16,7],  15443 ms
42) [15,8],  4676 ms
43) [15,7],  8071 ms
44) [14,7],  3110 ms
45) [14,6],  6345 ms
46) [13,9],  3830 ms
47) [16,9],  4291 ms
48) [16,8],  3207 ms
49) [11,6],  4015 ms
50) [13,6],  5002 ms
51) [17,8],  10001 ms
52) [14,5],  5015 ms
53) [11,4],  2834 ms
54) [11,5],  2536 ms
55) [12,6],  7550 ms
56) [12,7],  2172 ms
57) [11,8],  3894 ms
58) [9,8],  3354 ms
59) [9,7],  6527 ms
60) [8,6],  3374 ms
61) [16,4],  3698 ms
62) [6,8],  2950 ms
63) [7,7],  4941 ms
64) [8,7],  4589 ms
65) [10,9],  4353 ms
66) [7,9],  4316 ms
67) [8,10],  3735 ms
68) [7,8],  803 ms
69) [8,8],  3197 ms
70) [6,9],  53 ms
71) [9,6],  2744 ms
72) [6,10],  37 ms
73) [6,11],  2354 ms
74) [5,9],  35 ms
75) [7,11],  1406 ms
76) [6,6],  34 ms
77) [6,7],  32 ms
78) [4,9],  35 ms
79) [3,9],  31 ms
80) [5,10],  35 ms
81) [4,11],  32 ms
82) [5,11],  32 ms
83) [5,12],  843 ms
84) [5,8],  35 ms
85) [5,7],  33 ms
86) [4,8],  1140 ms
87) [3,8],  31 ms
88) [3,13],  33 ms
89) [4,12],  32 ms
90) [3,7],  3577 ms
91) [2,6],  32 ms
92) [16,3],  4091 ms
93) [15,4],  31 ms
94) [7,10],  125 ms
95) [4,7],  734 ms
96) [3,10],  5008 ms
97) [4,10],  31 ms
98) [1,12],  1852 ms
99) [2,11],  32 ms
100) [6,12],  33 ms
101) [1,10],  34 ms
102) [2,9],  32 ms
103) pbrain-pela:  I win !
103) [4,13],  31 ms
104) [4,14],  31 ms
105) [3,12],  31 ms
106) [5,14],  32 ms
107) [0,9],  32 ms

pela 60.0 wins

pela 60.0:  10 s/turn
pela 5.0:  2412 ms/turn
