 0) [9,8],  2303 ms
 1) [10,8],  26 ms
 2) [8,9],  26 ms
 3) [10,7],  26 ms
 4) [10,6],  21477 ms
 5) [8,8],  1932 ms
 6) [9,10],  19133 ms
 7) [10,11],  3109 ms
 8) [10,10],  55561 ms
 9) [8,10],  3944 ms
10) [10,9],  60016 ms
11) [9,9],  1721 ms
12) [7,11],  59997 ms
13) [7,12],  1537 ms
14) [12,8],  54494 ms
15) [11,7],  1776 ms
16) [12,6],  26 ms
17) [12,7],  3369 ms
18) [9,7],  27 ms
19) [13,6],  5007 ms
20) [14,7],  15674 ms
21) [11,10],  4998 ms
22) [8,13],  44451 ms
23) [11,6],  2088 ms
24) [11,8],  34008 ms
25) [13,4],  4074 ms
26) [14,3],  28985 ms
27) [8,12],  2141 ms
28) [10,12],  22509 ms
29) [14,4],  3452 ms
30) [15,4],  25899 ms
31) [16,5],  4985 ms
32) [13,8],  22204 ms
33) [14,8],  1767 ms
34) [16,6],  9674 ms
35) [5,14],  3310 ms
36) [6,13],  5893 ms
37) [7,13],  5022 ms
38) [5,15],  6485 ms
39) [6,11],  2073 ms
40) [11,4],  12674 ms
41) [15,6],  2752 ms
42) [13,5],  5037 ms
43) [7,14],  3844 ms
44) [6,12],  11574 ms
45) [3,12],  3721 ms
46) [7,15],  11427 ms
47) [6,16],  5012 ms
48) [4,13],  6052 ms
49) [11,5],  2418 ms
50) [9,2],  4251 ms
51) [10,3],  2980 ms
52) [6,14],  5106 ms
53) [5,13],  4004 ms
54) [16,3],  7565 ms
55) [15,3],  4046 ms
56) [12,2],  6786 ms
57) [10,2],  4402 ms
58) [13,2],  5811 ms
59) [12,3],  2750 ms
60) [14,5],  3177 ms
61) [5,10],  2385 ms
62) [4,11],  4522 ms
63) [4,10],  2783 ms
64) [17,2],  2261 ms
65) [18,1],  29 ms
66) [4,12],  2325 ms
67) [4,15],  1570 ms
68) [4,9],  3230 ms
69) [3,14],  1835 ms
70) [3,15],  2775 ms
71) [9,3],  3119 ms
72) [11,3],  2270 ms
73) [11,0],  4546 ms
74) [10,4],  998 ms
75) [9,5],  3000 ms
76) [8,4],  733 ms
77) [9,4],  4859 ms
78) [10,5],  1816 ms
79) [6,8],  5001 ms
80) [5,9],  1078 ms
81) [16,4],  5002 ms
82) [2,9],  857 ms
83) [3,9],  3763 ms
84) [3,10],  898 ms
85) [5,12],  29 ms
86) [5,11],  28 ms
87) [7,9],  2488 ms
88) [5,7],  1126 ms
89) [5,6],  1998 ms
90) [7,10],  970 ms
91) [5,8],  1664 ms
92) [4,8],  665 ms
93) [3,7],  4412 ms
94) [3,6],  589 ms
95) [7,6],  1929 ms
96) [8,5],  383 ms
97) [6,6],  2761 ms
98) [8,6],  518 ms
99) [8,3],  4061 ms
100) [7,7],  296 ms
101) [15,2],  3695 ms
102) [2,11],  409 ms
103) [1,12],  1780 ms
104) [2,13],  273 ms
105) [2,10],  3144 ms
106) [6,3],  158 ms
107) [5,16],  1175 ms
108) [5,3],  170 ms
109) [6,7],  2310 ms
110) [6,5],  210 ms
111) [6,10],  1921 ms
112) [6,9],  28 ms
113) [4,5],  1092 ms
114) [3,4],  214 ms
115) [7,18],  2048 ms
116) [6,17],  28 ms
117) [6,1],  1894 ms
118) [6,4],  29 ms
119) [7,5],  28 ms
120) [7,4],  34 ms
121) [5,2],  829 ms
122) [3,3],  29 ms
123) [4,3],  28 ms
124) pbrain-pela:  I win !
124) [4,4],  28 ms
125) [5,4],  45 ms
126) [3,5],  28 ms
127) [3,2],  27 ms
128) [2,6],  28 ms
129) [6,2],  28 ms
130) [1,7],  28 ms

pela 60.0 wins

pela 60.0:  9065 ms/turn
pela 5.0:  2608 ms/turn
