 0) [9,8],  173 ms
 1) [8,8],  31 ms
 2) [10,9],  31 ms
 3) [8,7],  31 ms
 4) [8,6],  59997 ms
 5) [10,8],  5013 ms
 6) [9,10],  60017 ms
 7) [8,11],  3392 ms
 8) [8,10],  60029 ms
 9) [8,9],  5001 ms
10) [9,11],  59984 ms
11) [9,12],  3337 ms
12) [6,8],  35370 ms
13) [7,9],  4251 ms
14) [7,7],  1871 ms
15) [9,5],  4797 ms
16) [5,9],  100 ms
17) [4,10],  31 ms
18) [6,10],  63 ms
19) [7,10],  2518 ms
20) [6,9],  35 ms
21) [6,11],  1913 ms
22) [6,6],  33 ms
23) [6,7],  29 ms
24) [5,6],  35 ms
25) [7,6],  5009 ms
26) [5,8],  35 ms
27) [5,7],  31 ms
28) [4,8],  32 ms
29) [3,8],  31 ms
30) [3,7],  47 ms
31) [7,11],  31 ms
32) [2,6],  31 ms

pela 60.0 wins

pela 60.0:  16 s/turn
pela 5.0:  2215 ms/turn
