 0) [12,9],  0 ms
 1) [11,9],  1916 ms
 2) [11,10],  29 ms
 3) [12,10],  44 ms
 4) [13,11],  28 ms
 5) [13,10],  27 ms
 6) [14,11],  28 ms
 7) [12,11],  28 ms
 8) [16,9],  28 ms
 9) [15,10],  1833 ms
10) [16,11],  23127 ms
11) [16,10],  4057 ms
12) [14,10],  29 ms
13) [14,9],  1602 ms
14) [11,12],  29043 ms
15) [11,13],  5012 ms
16) [10,11],  35354 ms
17) [9,12],  5014 ms
18) [15,7],  27068 ms
19) [14,7],  2393 ms
20) [15,11],  60016 ms
21) [17,11],  26 ms
22) [16,8],  60004 ms
23) [15,9],  5002 ms
24) [18,12],  18196 ms
25) [16,12],  3921 ms
26) [13,7],  49585 ms
27) [13,5],  5015 ms
28) [15,8],  19552 ms
29) [14,5],  2021 ms
30) [14,6],  24231 ms
31) [16,6],  4117 ms
32) [16,5],  14293 ms
33) [18,10],  4581 ms
34) [15,13],  21995 ms
35) [17,8],  3527 ms
36) [17,10],  16693 ms
37) [14,13],  3607 ms
38) [12,6],  23031 ms
39) [11,5],  2830 ms
40) [12,5],  16166 ms
41) [12,8],  1666 ms
42) [15,4],  23065 ms
43) [14,3],  1588 ms
44) [10,10],  6643 ms
45) [9,10],  2641 ms
46) [9,13],  6047 ms
47) [8,11],  4218 ms
48) [7,12],  17957 ms
49) [18,9],  3728 ms
50) [13,3],  7118 ms
51) [10,12],  3921 ms
52) [9,11],  4912 ms
53) [10,6],  1892 ms
54) [9,7],  13672 ms
55) [19,12],  2678 ms
56) [7,13],  9282 ms
57) [8,12],  3278 ms
58) [15,6],  8475 ms
59) [15,5],  29 ms
60) [18,8],  8851 ms
61) [11,7],  1898 ms
62) [9,5],  3489 ms
63) [11,6],  5004 ms
64) [11,8],  30 ms
65) [9,6],  5001 ms
66) [11,4],  3166 ms
67) [12,14],  5005 ms
68) [10,13],  2044 ms
69) [7,10],  5000 ms
70) [8,9],  6673 ms
71) [6,10],  2860 ms
72) [6,9],  4411 ms
73) [8,13],  4241 ms
74) [8,14],  5100 ms
75) [14,16],  4838 ms
76) [13,15],  30 ms
77) [7,15],  2173 ms
78) [14,15],  2394 ms
79) [13,14],  1685 ms
80) [12,12],  4017 ms
81) [9,9],  1858 ms
82) [8,6],  1805 ms
83) [7,7],  1634 ms
84) [9,14],  983 ms
85) [6,12],  2118 ms
86) [8,10],  1097 ms
87) [12,15],  1583 ms
88) [11,16],  2901 ms
89) [7,9],  3091 ms
90) [8,8],  2123 ms
91) [8,7],  28 ms
92) [7,8],  2180 ms
93) [12,17],  4996 ms
94) [12,16],  1380 ms
95) [14,14],  5005 ms
96) [15,14],  1656 ms
97) [10,14],  5000 ms
98) [11,14],  27 ms
99) [12,7],  4955 ms
100) [13,8],  27 ms
101) [15,15],  2750 ms
102) [8,15],  1426 ms
103) [7,16],  28 ms
104) [7,17],  1222 ms
105) [10,17],  3667 ms
106) [13,17],  1037 ms
107) [10,8],  1801 ms
108) [12,2],  348 ms
109) [12,3],  2857 ms
110) [10,3],  273 ms
111) [9,2],  1090 ms
112) [6,16],  794 ms
113) [9,16],  944 ms
114) [6,15],  698 ms
115) [6,17],  1086 ms
116) [15,12],  548 ms
117) [6,14],  760 ms
118) [5,13],  451 ms
119) [11,3],  729 ms
120) [9,4],  176 ms
121) [6,5],  1861 ms
122) [7,2],  299 ms
123) [8,4],  1747 ms
124) [6,3],  375 ms
125) [8,3],  603 ms
126) [7,4],  172 ms
127) [5,2],  1413 ms
128) [5,7],  263 ms
129) [13,12],  1125 ms
130) [5,4],  219 ms
131) [4,5],  505 ms
132) [5,8],  144 ms
133) [6,8],  317 ms
134) [7,6],  112 ms
135) [8,5],  384 ms
136) [5,5],  42 ms
137) [5,6],  29 ms
138) [7,3],  32 ms
139) [7,5],  28 ms
140) [6,4],  32 ms
141) [6,11],  689 ms
142) [6,13],  29 ms
143) [4,6],  305 ms
144) pbrain-pela:  I win !
144) [7,1],  29 ms
145) [7,0],  30 ms
146) [9,1],  30 ms
147) [8,2],  28 ms
148) [8,1],  28 ms
149) [9,0],  29 ms
150) [6,1],  28 ms
151) [10,1],  29 ms
152) [5,1],  29 ms

pela 60.0 wins

pela 60.0:  7777 ms/turn
pela 5.0:  2302 ms/turn
