 0) [8,12],  27 ms
 1) [7,12],  1373 ms
 2) [8,11],  26 ms
 3) [8,10],  27 ms
 4) [9,12],  20581 ms
 5) [10,13],  1528 ms
 6) [12,12],  60006 ms
 7) [11,12],  4619 ms
 8) [9,14],  60006 ms
 9) [9,13],  4247 ms
10) [12,13],  52383 ms
11) [12,14],  1977 ms
12) [11,14],  56170 ms
13) [13,12],  3773 ms
14) [10,12],  38608 ms
15) [6,12],  3510 ms
16) [6,13],  34534 ms
17) [5,10],  5001 ms
18) [7,11],  39663 ms
19) [8,15],  3062 ms
20) [4,10],  34009 ms
21) [9,11],  3405 ms
22) [4,11],  29142 ms
23) [4,13],  1673 ms
24) [3,11],  19927 ms
25) [5,9],  3146 ms
26) [5,11],  8245 ms
27) [6,11],  29 ms
28) [4,9],  11076 ms
29) [4,12],  2150 ms
30) [5,12],  30 ms
31) [3,10],  1927 ms
32) [12,9],  15591 ms
33) [12,10],  2589 ms
34) [12,11],  8278 ms
35) [4,8],  1949 ms
36) [5,7],  11537 ms
37) [11,10],  3074 ms
38) [10,10],  14310 ms
39) [11,11],  2148 ms
40) [11,9],  211 ms
41) [10,9],  2249 ms
42) [3,5],  5625 ms
43) [6,8],  5001 ms
44) [3,7],  6177 ms
45) [5,5],  5011 ms
46) [6,9],  8686 ms
47) [5,8],  1786 ms
48) [7,8],  3005 ms
49) [2,11],  4405 ms
50) [11,16],  3039 ms
51) [7,7],  4261 ms
52) [8,6],  8465 ms
53) [2,7],  3442 ms
54) [8,8],  6611 ms
55) [8,7],  1654 ms
56) [7,6],  5580 ms
57) [9,6],  2185 ms
58) [12,15],  5490 ms
59) [10,15],  4323 ms
60) [10,6],  1492 ms
61) [11,15],  5035 ms
62) [7,15],  3506 ms
63) [2,8],  2096 ms
64) [3,8],  27 ms
65) [3,6],  4153 ms
66) [0,9],  3828 ms
67) [8,14],  2130 ms
68) [10,16],  1912 ms
69) [10,17],  2422 ms
70) [6,15],  2836 ms
71) [4,14],  1579 ms
72) [4,16],  1069 ms
73) [5,16],  4775 ms
74) [15,12],  917 ms
75) [13,14],  1974 ms
76) [15,13],  1077 ms
77) [15,14],  2086 ms
78) [16,14],  764 ms
79) [14,12],  2083 ms
80) [13,13],  1845 ms
81) [14,13],  3646 ms
82) [17,16],  1956 ms
83) [16,16],  4979 ms
84) [16,12],  1679 ms
85) [16,13],  1735 ms
86) [14,15],  911 ms
87) [17,11],  1667 ms
88) [14,10],  1199 ms
89) [2,10],  1504 ms
90) [2,9],  27 ms
91) [15,11],  4466 ms
92) [15,9],  35 ms
93) [13,11],  49 ms
94) [13,9],  31 ms
95) [14,9],  27 ms
96) [12,8],  28 ms
97) [11,7],  28 ms
98) [13,7],  27 ms
99) [14,6],  28 ms
100) [13,8],  29 ms
101) [13,6],  30 ms
102) [14,8],  30 ms
103) [12,6],  27 ms
104) [11,8],  28 ms
105) [15,8],  28 ms
106) [10,8],  27 ms

pela 60.0 wins

pela 60.0:  10 s/turn
pela 5.0:  2491 ms/turn
