 0) [9,11],  0 ms
 1) [8,11],  1497 ms
 2) [10,12],  28 ms
 3) [8,10],  29 ms
 4) [8,12],  26553 ms
 5) [10,10],  30 ms
 6) [7,10],  43430 ms
 7) [9,13],  1416 ms
 8) [6,12],  23495 ms
 9) [7,12],  2973 ms
10) [10,9],  60011 ms
11) [6,13],  2356 ms
12) [5,14],  18878 ms
13) [9,9],  3808 ms
14) [8,8],  23322 ms
15) [11,13],  3059 ms
16) [10,13],  32758 ms
17) [10,14],  2698 ms
18) [9,14],  19662 ms
19) [11,12],  2292 ms
20) [12,12],  30474 ms
21) [8,15],  3344 ms
22) [5,12],  15390 ms
23) [5,13],  5002 ms
24) [7,13],  43703 ms
25) [5,11],  5001 ms
26) [6,14],  493 ms
27) [5,15],  27 ms
28) [6,11],  1547 ms
29) [4,13],  2541 ms
30) [9,8],  356 ms
31) [8,9],  27 ms
32) [11,10],  95 ms
33) [3,13],  2314 ms
34) [2,13],  27 ms
35) [8,7],  3796 ms
36) [12,11],  38 ms
37) [13,12],  28 ms
38) [12,10],  31 ms
39) [12,9],  3859 ms
40) [10,8],  33 ms
41) [11,8],  2490 ms
42) [7,8],  37 ms
43) [6,8],  27 ms
44) [9,7],  30 ms
45) [11,9],  27 ms
46) [7,9],  29 ms
47) [10,6],  27 ms
48) [7,7],  26 ms
49) [7,11],  28 ms
50) [7,6],  28 ms

pela 60.0 wins

pela 60.0:  13 s/turn
pela 5.0:  1947 ms/turn
