 0) [11,9],  0 ms
 1) [10,9],  1536 ms
 2) [10,8],  28 ms
 3) [11,8],  28 ms
 4) [12,10],  28 ms
 5) [13,11],  29 ms
 6) [14,10],  60007 ms
 7) [9,7],  2377 ms
 8) [12,7],  24096 ms
 9) [13,10],  1768 ms
10) [13,12],  53347 ms
11) [12,8],  3535 ms
12) [14,11],  60033 ms
13) [14,12],  3573 ms
14) [9,6],  24065 ms
15) [10,6],  5002 ms
16) [14,7],  28213 ms
17) [14,8],  4990 ms
18) [13,8],  50030 ms
19) [13,7],  1958 ms
20) [15,6],  2766 ms
21) [16,5],  2491 ms
22) [11,6],  2073 ms
23) [14,9],  4049 ms
24) [10,5],  1863 ms
25) [9,4],  28 ms
26) [12,3],  376 ms
27) [11,4],  2761 ms
28) [13,4],  48 ms
29) [16,7],  5021 ms
30) [11,2],  33 ms
31) [14,5],  28 ms
32) [10,1],  31 ms
33) [9,0],  31 ms
34) [12,11],  34 ms
35) [12,13],  4989 ms
36) [11,5],  41844 ms
37) [9,5],  30 ms
38) [8,4],  19117 ms
39) [16,6],  29 ms
40) [16,4],  28 ms
41) pbrain-pela:  I win !
41) [15,8],  28 ms
42) [17,6],  28 ms
43) [16,9],  29 ms
44) [16,8],  28 ms
45) [13,9],  27 ms
46) [11,7],  27 ms
47) [17,5],  57 ms
48) [15,7],  143 ms
49) [15,9],  27 ms
50) [17,9],  29 ms
51) [12,9],  27 ms

pela 5.0 wins

pela 60.0:  14 s/turn
pela 5.0:  1709 ms/turn
