 0) [12,8],  26 ms
 1) [11,8],  2361 ms
 2) [11,7],  28 ms
 3) [12,7],  26 ms
 4) [13,6],  27 ms
 5) [13,7],  27 ms
 6) [14,6],  27 ms
 7) [12,6],  27 ms
 8) [16,8],  27 ms
 9) [15,7],  2243 ms
10) [16,6],  22555 ms
11) [16,7],  4395 ms
12) [14,7],  26 ms
13) [14,8],  1647 ms
14) [11,5],  41320 ms
15) [11,4],  5023 ms
16) [10,6],  39811 ms
17) [9,5],  5015 ms
18) [15,10],  29896 ms
19) [14,10],  2526 ms
20) [16,9],  18382 ms
21) [15,8],  5012 ms
22) [13,10],  26740 ms
23) [12,4],  1783 ms
24) [13,4],  59585 ms
25) [9,4],  1358 ms
26) [9,6],  43773 ms
27) [10,4],  34 ms
28) [8,4],  29 ms
29) [12,3],  32 ms
30) [12,5],  28 ms
31) [12,2],  28 ms
32) [11,3],  27976 ms
33) [13,2],  29 ms
34) [14,1],  28683 ms
35) [11,2],  29 ms
36) [10,2],  28 ms
37) pbrain-pela:  I win !
37) [12,1],  28 ms
38) [12,0],  28 ms
39) [10,3],  28 ms
40) [13,0],  27 ms
41) [8,5],  28 ms

pela 5.0 wins

pela 60.0:  16 s/turn
pela 5.0:  1508 ms/turn
