 0) [10,8],  26 ms
 1) [10,7],  27 ms
 2) [9,7],  27 ms
 3) [9,8],  27 ms
 4) [11,6],  27 ms
 5) [10,6],  27 ms
 6) [11,5],  27 ms
 7) [11,7],  26 ms
 8) [9,3],  27 ms
 9) [10,4],  20034 ms
10) [11,3],  20023 ms
11) [10,3],  20050 ms
12) [10,5],  26 ms
13) [9,5],  8670 ms
14) [12,8],  9762 ms
15) [13,8],  20026 ms
16) [11,9],  7633 ms
17) [12,10],  8521 ms
18) [7,4],  20006 ms
19) [7,5],  9649 ms
20) [11,4],  17493 ms
21) [11,2],  24 ms
22) [8,3],  14993 ms
23) [9,4],  12790 ms
24) [12,1],  12882 ms
25) [12,3],  20006 ms
26) [7,6],  11001 ms
27) [5,6],  8427 ms
28) [7,3],  3198 ms
29) [6,3],  20034 ms
30) [10,1],  2847 ms
31) [9,2],  15502 ms
32) [4,5],  8620 ms
33) [5,5],  8395 ms
34) [6,5],  5096 ms
35) [4,6],  12288 ms
36) [5,7],  4746 ms
37) [13,7],  6655 ms
38) [13,9],  5930 ms
39) [11,10],  20033 ms
40) [14,7],  2023 ms
41) [13,10],  27 ms
42) [10,10],  40 ms
43) [15,10],  28 ms
44) [14,10],  26 ms
45) [14,9],  51 ms
46) [16,11],  80 ms
47) [12,11],  28 ms
48) [11,12],  26 ms
49) [10,9],  27 ms
50) [13,12],  26 ms
51) [8,7],  26 ms

pela 20.0 wins

pela 20.0:  5638 ms/turn
pela 20.0:  8130 ms/turn
