 0) [11,10],  27 ms
 1) [11,11],  26 ms
 2) [12,10],  27 ms
 3) [13,10],  26 ms
 4) [14,11],  18874 ms
 5) [13,13],  20011 ms
 6) [12,12],  9273 ms
 7) [12,11],  11225 ms
 8) [14,12],  19995 ms
 9) [11,12],  19876 ms
10) [10,13],  6832 ms
11) [11,9],  18413 ms
12) [10,14],  7859 ms
13) [10,11],  11892 ms
14) [9,11],  16355 ms
15) [11,13],  14069 ms
16) [15,8],  14923 ms
17) [14,14],  12077 ms
18) [13,14],  14008 ms
19) [10,15],  10344 ms
20) [16,9],  14648 ms
21) [12,15],  3659 ms
22) [11,15],  16333 ms
23) [15,10],  6474 ms
24) [14,9],  466 ms
25) [14,10],  3106 ms
26) [17,10],  43 ms
27) [18,11],  2295 ms
28) [17,9],  37 ms
29) [15,9],  4325 ms
30) [17,8],  29 ms
31) [17,7],  26 ms
32) [16,8],  26 ms
33) [18,8],  26 ms
34) [14,7],  26 ms
35) [13,6],  26 ms
36) [17,11],  25 ms
37) [17,12],  26 ms
38) [13,8],  26 ms
39) [14,8],  26 ms
40) [15,6],  25 ms
41) [12,9],  26 ms
42) [16,5],  55 ms
43) [17,4],  27 ms
44) [16,7],  25 ms
45) [16,6],  27 ms
46) [14,5],  25 ms
47) [18,9],  26 ms
48) [13,4],  26 ms

pela 20.0 wins

pela 20.0:  5752 ms/turn
pela 20.0:  5599 ms/turn
