 0) [11,8],  26 ms
 1) [10,8],  27 ms
 2) [9,9],  26 ms
 3) [10,9],  27 ms
 4) [10,10],  27 ms
 5) [11,10],  27 ms
 6) [9,8],  28 ms
 7) [9,11],  6824 ms
 8) [9,6],  20001 ms
 9) [9,7],  13876 ms
10) [10,7],  8982 ms
11) [8,5],  9160 ms
12) [8,8],  7952 ms
13) [7,7],  20017 ms
14) [7,5],  20013 ms
15) [11,6],  7367 ms
16) [6,6],  17588 ms
17) [12,9],  16041 ms
18) [8,6],  9335 ms
19) [7,6],  20001 ms
20) [13,8],  11949 ms
21) [7,8],  13033 ms
22) [7,9],  5769 ms
23) [5,7],  20001 ms
24) [6,7],  4827 ms
25) [6,5],  6486 ms
26) [12,10],  9676 ms
27) [5,6],  20004 ms
28) [5,4],  8785 ms
29) [4,6],  20002 ms
30) [4,7],  7064 ms
31) [11,11],  11049 ms
32) [10,11],  5421 ms
33) [13,10],  8202 ms
34) [11,12],  2938 ms
35) [8,9],  9246 ms
36) [14,12],  2816 ms
37) [12,13],  20034 ms
38) [15,11],  3699 ms
39) [15,13],  12324 ms
40) [14,10],  4726 ms
41) [14,11],  20033 ms
42) [13,12],  3043 ms
43) [12,12],  10427 ms
44) [15,12],  2783 ms
45) [16,12],  11282 ms
46) [14,14],  1500 ms
47) [16,10],  14545 ms
48) [6,8],  2985 ms
49) [5,5],  7175 ms
50) [12,14],  1227 ms
51) [13,13],  20037 ms
52) [14,13],  2397 ms
53) [13,14],  9951 ms
54) [7,4],  1024 ms
55) [9,13],  6773 ms
56) [10,13],  1458 ms
57) [6,10],  14409 ms
58) [5,9],  629 ms
59) [3,5],  13234 ms
60) [2,4],  473 ms
61) [4,4],  15841 ms
62) [2,6],  1466 ms
63) [8,14],  8894 ms
64) [7,15],  1342 ms
65) [9,15],  17428 ms
66) [9,14],  1154 ms
67) [8,15],  8267 ms
68) [8,12],  433 ms
69) [10,12],  20004 ms
70) [10,16],  495 ms
71) [2,5],  6470 ms
72) [4,5],  27 ms
73) [17,11],  7530 ms
74) [18,10],  592 ms
75) [9,16],  9810 ms
76) [8,17],  459 ms
77) [6,2],  20009 ms
78) [12,8],  261 ms
79) [14,8],  5644 ms
80) [15,9],  509 ms
81) [7,1],  14971 ms
82) [5,3],  28 ms
83) [6,4],  4248 ms
84) [7,3],  321 ms
85) [6,3],  14177 ms
86) [6,1],  27 ms
87) [3,7],  9944 ms
88) [2,8],  27 ms
89) [15,8],  10737 ms
90) [14,15],  209 ms
91) [14,16],  27 ms
92) [15,14],  344 ms
93) [16,15],  7150 ms
94) [16,13],  54 ms
95) [13,16],  3484 ms
96) [18,11],  32 ms
97) [17,12],  27 ms
98) [18,9],  31 ms
99) [18,8],  3137 ms
100) [17,10],  32 ms
101) [16,11],  29 ms
102) [16,8],  27 ms
103) [13,11],  7230 ms
104) [15,16],  395 ms
105) [17,9],  4176 ms
106) [7,14],  367 ms
107) [7,16],  2993 ms
108) [7,12],  281 ms
109) [7,11],  5151 ms
110) [3,9],  152 ms
111) [13,17],  4435 ms
112) [13,15],  29 ms
113) [10,14],  3799 ms
114) [11,13],  29 ms
115) [11,15],  1046 ms
116) [12,16],  29 ms
117) [10,15],  1255 ms
118) [12,15],  29 ms
119) [4,9],  920 ms
120) [5,11],  142 ms
121) [6,12],  1015 ms
122) [5,10],  58 ms
123) [5,13],  2648 ms
124) [4,14],  153 ms
125) [1,7],  2270 ms
126) [13,7],  172 ms
127) [11,7],  1937 ms
128) [4,15],  157 ms
129) [8,13],  1656 ms
130) [6,13],  69 ms
131) [5,14],  1431 ms
132) [4,13],  44 ms
133) [4,12],  1221 ms
134) [5,12],  76 ms
135) [5,8],  30 ms
136) [3,10],  114 ms
137) [4,11],  29 ms
138) [2,12],  95 ms
139) [4,10],  608 ms
140) [4,8],  29 ms
141) [5,15],  957 ms
142) [2,10],  38 ms
143) [2,9],  822 ms
144) [15,15],  62 ms
145) [17,7],  704 ms
146) [14,9],  78 ms
147) [4,16],  192 ms
148) [5,16],  47 ms
149) [3,14],  573 ms
150) [16,6],  32 ms
151) [14,6],  336 ms
152) [13,6],  38 ms
153) [13,5],  262 ms
154) [14,4],  35 ms
155) [1,11],  406 ms
156) [15,4],  32 ms
157) [14,5],  296 ms
158) [13,3],  32 ms
159) [15,5],  159 ms
160) [12,5],  30 ms
161) [11,4],  295 ms
162) [11,3],  29 ms
163) [14,3],  237 ms
164) [1,8],  32 ms
165) [16,4],  202 ms
166) [17,5],  29 ms
167) [11,17],  146 ms
168) [12,2],  30 ms
169) [9,5],  106 ms
170) [11,18],  31 ms
171) [9,19],  53 ms
172) [17,3],  59 ms
173) [12,17],  124 ms
174) [10,17],  30 ms
175) [12,3],  73 ms
176) [11,2],  31 ms
177) [13,2],  67 ms
178) [14,1],  29 ms
179) [5,17],  98 ms
180) [15,1],  31 ms
181) [17,1],  34 ms
182) [6,18],  30 ms
183) [15,17],  50 ms
184) [14,17],  29 ms
185) [16,16],  77 ms
186) [9,18],  30 ms
187) [7,18],  37 ms
188) [3,17],  32 ms
189) [3,8],  54 ms
190) [17,14],  30 ms
191) [16,14],  50 ms
192) [17,18],  31 ms
193) [18,19],  32 ms
194) [14,18],  30 ms
195) [13,18],  33 ms
196) [16,18],  32 ms
197) [2,7],  30 ms
198) [1,6],  29 ms
199) [11,1],  31 ms
200) [10,4],  30 ms
201) [16,2],  31 ms
202) [16,3],  31 ms
203) [18,13],  31 ms
204) [10,2],  30 ms
205) [9,3],  29 ms
206) [17,4],  31 ms
207) [15,2],  29 ms
208) [19,3],  30 ms
209) [18,3],  29 ms
210) [13,1],  31 ms
211) [14,0],  29 ms
212) [11,16],  30 ms
213) [8,19],  29 ms
214) [18,15],  31 ms
215) [19,16],  30 ms
216) [15,18],  30 ms
217) [18,18],  29 ms
218) [17,2],  31 ms
219) [17,6],  29 ms
220) [12,4],  30 ms
221) [14,2],  29 ms
222) [3,3],  30 ms
223) [4,2],  31 ms
224) [16,1],  31 ms
225) [12,1],  30 ms
226) [10,3],  30 ms
227) [10,1],  30 ms
228) [9,1],  30 ms
229) [8,0],  29 ms
230) [3,4],  30 ms
231) [18,1],  30 ms
232) [3,1],  30 ms
233) [19,14],  31 ms
234) [15,10],  29 ms
235) [18,4],  31 ms
236) [18,2],  29 ms
237) [16,7],  30 ms
238) [18,5],  29 ms
239) [19,15],  30 ms
240) [19,13],  29 ms
241) [15,6],  30 ms
242) [13,4],  29 ms
243) [7,19],  30 ms
244) [10,19],  29 ms
245) [6,19],  30 ms
246) [5,19],  28 ms
247) [18,7],  30 ms
248) [15,7],  30 ms
249) [19,17],  30 ms
250) [19,18],  29 ms
251) [10,5],  30 ms
252) [4,1],  30 ms
253) [5,1],  29 ms
254) [17,15],  29 ms
255) [1,13],  30 ms
256) [2,14],  30 ms
257) [2,11],  31 ms
258) [2,16],  29 ms
259) [1,15],  29 ms
260) [1,14],  31 ms
261) [2,15],  30 ms
262) [3,11],  30 ms
263) [8,2],  31 ms
264) [9,17],  30 ms
265) [7,17],  30 ms
266) [6,16],  29 ms
267) [3,0],  31 ms
268) [5,2],  29 ms
269) [4,3],  29 ms
270) [17,16],  30 ms
271) [17,17],  29 ms
272) [2,3],  29 ms
273) [5,18],  29 ms
274) [1,2],  30 ms
275) [0,1],  29 ms
276) [4,17],  29 ms
277) [6,15],  30 ms
278) [10,18],  29 ms
279) [8,16],  29 ms
280) [12,18],  29 ms
281) [8,18],  30 ms
282) [12,7],  28 ms
283) [12,6],  30 ms
284) [3,12],  30 ms
285) [3,13],  29 ms
286) [16,17],  29 ms
287) [14,19],  29 ms
288) [4,19],  29 ms
289) [1,4],  30 ms
290) [8,3],  29 ms
291) [1,17],  29 ms
292) [1,18],  28 ms
293) [2,2],  30 ms
294) [17,19],  29 ms
295) [1,19],  29 ms
296) [1,10],  29 ms
297) [8,11],  29 ms
298) [2,17],  29 ms
299) [0,19],  29 ms
300) [3,18],  30 ms
301) [0,15],  30 ms
302) [0,16],  29 ms
303) [3,19],  29 ms
304) [9,12],  30 ms
305) [0,18],  30 ms
306) [9,4],  29 ms
307) [7,2],  28 ms
308) [4,0],  30 ms
309) [13,0],  29 ms
310) [11,0],  29 ms
311) [16,0],  29 ms
312) [15,0],  29 ms
313) [19,2],  29 ms
314) [9,0],  29 ms
315) [0,9],  29 ms
316) [0,7],  29 ms
317) [13,19],  29 ms
318) [15,19],  29 ms
319) [0,6],  30 ms
320) [12,19],  28 ms
321) [18,0],  30 ms
322) [0,17],  29 ms
323) [7,0],  29 ms
324) [6,0],  29 ms
325) [2,0],  29 ms
326) [19,19],  29 ms
327) [19,8],  29 ms
328) [19,7],  30 ms
329) [19,5],  28 ms
330) [1,12],  30 ms
331) [2,19],  29 ms
332) [19,6],  29 ms
333) [1,1],  29 ms
334) [0,2],  29 ms
335) [0,12],  30 ms
336) [0,11],  29 ms
337) [0,3],  29 ms
338) [1,0],  29 ms
339) [0,10],  30 ms
340) [0,5],  29 ms
341) [0,8],  29 ms
342) [19,1],  30 ms
343) [19,0],  28 ms
344) [0,0],  29 ms
345) [0,13],  29 ms
346) [0,4],  30 ms
347) [19,4],  29 ms
348) [17,0],  29 ms
349) [0,14],  29 ms
350) [7,10],  29 ms
351) [11,19],  30 ms
352) [10,0],  29 ms
353) [16,19],  30 ms
354) [18,12],  29 ms
355) [5,0],  30 ms
356) [12,0],  29 ms
357) [19,10],  29 ms
358) [19,12],  29 ms
359) [19,9],  30 ms
360) [19,11],  29 ms
361) [17,13],  30 ms
362) [9,10],  29 ms
363) [3,2],  29 ms
364) [18,17],  29 ms
365) [9,2],  29 ms
366) [7,13],  29 ms
367) [17,8],  29 ms
368) [3,15],  29 ms
369) [10,6],  29 ms
370) [16,5],  30 ms
371) [14,7],  30 ms
372) [18,14],  29 ms
373) [6,9],  29 ms
374) [6,14],  29 ms

It's a draw!

pela 20.0:  973 ms/turn
pela 20.0:  3221 ms/turn
