 0) [8,9],  27 ms
 1) [8,10],  28 ms
 2) [9,11],  27 ms
 3) [9,10],  27 ms
 4) [10,10],  27 ms
 5) [11,9],  27 ms
 6) [8,11],  11085 ms
 7) [6,11],  7449 ms
 8) [6,14],  20004 ms
 9) [8,12],  7841 ms
10) [6,10],  20003 ms
11) [11,11],  19628 ms
12) [11,8],  11806 ms
13) [9,12],  8393 ms
14) [11,12],  9947 ms
15) [13,11],  20026 ms
16) [10,8],  11110 ms
17) [10,7],  20001 ms
18) [13,9],  6587 ms
19) [4,12],  16067 ms
20) [12,11],  12015 ms
21) [12,8],  8444 ms
22) [5,12],  11070 ms
23) [8,13],  7565 ms
24) [7,12],  3570 ms
25) [5,14],  11869 ms
26) [9,13],  6191 ms
27) [4,11],  16197 ms
28) [4,13],  5208 ms
29) [3,11],  19989 ms
30) [5,11],  6745 ms
31) [14,12],  9135 ms
32) [8,8],  1915 ms
33) [5,9],  5813 ms
34) [4,10],  1747 ms
35) [9,7],  7090 ms
36) [8,7],  3965 ms
37) [7,8],  19998 ms
38) [14,13],  1738 ms
39) [7,13],  20002 ms
40) [12,13],  2066 ms
41) [10,13],  20013 ms
42) [13,14],  4735 ms
43) [10,11],  11081 ms
44) [7,14],  2148 ms
45) [15,13],  11696 ms
46) [12,10],  30 ms
47) [12,12],  20016 ms
48) [15,14],  3685 ms
49) [11,10],  20003 ms
50) [12,9],  26 ms
51) [16,14],  20019 ms
52) [17,15],  27 ms
53) [16,15],  8318 ms
54) [15,12],  130 ms
55) [12,15],  8733 ms
56) [13,10],  30 ms
57) [14,11],  28 ms
58) [16,11],  33 ms
59) [17,10],  28 ms
60) [14,9],  3196 ms
61) [15,8],  27 ms
62) [13,16],  2719 ms
63) [14,15],  15389 ms
64) [13,15],  2329 ms
65) [13,13],  10498 ms
66) [15,11],  996 ms
67) [13,17],  6092 ms
68) [15,15],  1868 ms
69) [16,9],  20015 ms
70) [14,7],  1595 ms
71) [14,8],  19998 ms
72) [17,8],  1360 ms
73) [15,9],  15709 ms
74) [14,10],  1182 ms
75) [15,10],  7469 ms
76) [16,8],  501 ms
77) [14,17],  12418 ms
78) [8,6],  305 ms
79) [8,5],  28 ms
80) [16,16],  754 ms
81) [18,14],  11459 ms
82) [12,17],  351 ms
83) [3,9],  6033 ms
84) [3,8],  751 ms
85) [2,10],  429 ms
86) [1,9],  641 ms
87) [1,11],  461 ms
88) [4,8],  293 ms
89) [4,9],  31 ms
90) [6,9],  221 ms
91) [2,11],  31 ms
92) [0,11],  27 ms
93) [3,10],  34 ms
94) [5,8],  278 ms
95) [3,12],  26 ms
96) [3,13],  67 ms
97) [1,12],  28 ms
98) [0,13],  27 ms
99) [2,12],  27 ms
100) [0,12],  27 ms
101) [2,13],  27 ms
102) [2,14],  28 ms
103) [2,9],  27 ms

pela 20.0 wins

pela 20.0:  3407 ms/turn
pela 20.0:  9072 ms/turn
