 0) [8,11],  29 ms
 1) [8,12],  29 ms
 2) [7,12],  29 ms
 3) [7,11],  45 ms
 4) [9,13],  29 ms
 5) [9,12],  29 ms
 6) [10,13],  29 ms
 7) [8,13],  29 ms
 8) [12,11],  30 ms
 9) [11,12],  9133 ms
10) [12,12],  10322 ms
11) [12,10],  9240 ms
12) [10,11],  15910 ms
13) [10,10],  14875 ms
14) [11,9],  20002 ms
15) [11,11],  6335 ms
16) [12,13],  14207 ms
17) [11,13],  6457 ms
18) [11,14],  8335 ms
19) [10,15],  8296 ms
20) [13,12],  6808 ms
21) [14,13],  9714 ms
22) [12,14],  16188 ms
23) [12,15],  26 ms
24) [14,12],  10550 ms
25) [11,15],  16613 ms
26) [9,15],  6675 ms
27) [14,11],  6854 ms
28) [6,13],  16103 ms
29) [5,14],  7651 ms
30) [14,15],  11031 ms
31) [10,9],  6402 ms
32) [11,16],  20006 ms
33) [13,14],  3940 ms
34) [15,12],  15436 ms
35) [16,12],  27 ms
36) [13,9],  20005 ms
37) [5,13],  4455 ms
38) [5,15],  9132 ms
39) [4,14],  9977 ms
40) [6,12],  10635 ms
41) [6,14],  5786 ms
42) [7,14],  8243 ms
43) [8,15],  5753 ms
44) [8,14],  20007 ms
45) [7,13],  4013 ms
46) [9,11],  28 ms
47) [3,12],  6305 ms
48) [7,15],  19845 ms
49) [6,16],  2527 ms
50) [9,14],  12010 ms
51) [10,14],  27 ms
52) [9,16],  10073 ms
53) [9,17],  28 ms
54) [4,13],  20008 ms
55) [3,14],  1981 ms
56) [2,14],  27 ms
57) [3,11],  1546 ms
58) [3,13],  20000 ms
59) [4,11],  77 ms
60) [5,12],  20003 ms
61) [5,10],  44 ms
62) [6,9],  20004 ms
63) [2,10],  77 ms
64) [4,12],  27 ms
65) [5,11],  31 ms
66) [6,11],  27 ms
67) [6,10],  27 ms
68) [7,10],  17132 ms
69) [8,9],  27 ms
70) [5,8],  16369 ms
71) [4,7],  27 ms
72) [4,10],  32 ms
73) [1,14],  29 ms
74) [2,13],  27 ms
75) [1,11],  27 ms
76) [2,11],  27 ms
77) [4,8],  27 ms
78) [5,9],  27 ms
79) [3,9],  26 ms
80) [5,7],  27 ms
81) [0,12],  27 ms

pela 20.0 wins

pela 20.0:  3622 ms/turn
pela 20.0:  9644 ms/turn
