 0) [9,12],  27 ms
 1) [9,13],  28 ms
 2) [10,11],  27 ms
 3) [8,13],  27 ms
 4) [7,13],  13136 ms
 5) [9,11],  8138 ms
 6) [11,12],  11279 ms
 7) [12,13],  9496 ms
 8) [11,13],  9698 ms
 9) [11,11],  16060 ms
10) [10,13],  19474 ms
11) [10,12],  9694 ms
12) [12,10],  13582 ms
13) [13,10],  8309 ms
14) [13,11],  10962 ms
15) [11,14],  18313 ms
16) [8,14],  14506 ms
17) [9,15],  7556 ms
18) [9,16],  8129 ms
19) [8,15],  9824 ms
20) [12,9],  19986 ms
21) [12,8],  5375 ms
22) [11,9],  164 ms
23) [14,12],  12487 ms
24) [11,10],  37 ms
25) [13,8],  27 ms
26) [10,9],  30 ms
27) [9,9],  4194 ms
28) [9,8],  28 ms
29) [8,7],  8949 ms
30) [10,8],  27 ms
31) [9,7],  27 ms
32) [10,10],  106 ms
33) [10,7],  27 ms
34) [9,10],  26 ms
35) [8,10],  27 ms
36) [7,8],  28 ms
37) [8,9],  60 ms
38) [8,8],  179 ms
39) [11,8],  104 ms
40) [6,8],  73 ms

pela 20.0 wins

pela 20.0:  5936 ms/turn
pela 20.0:  5785 ms/turn
