 0) [12,12],  28 ms
 1) [11,13],  27 ms
 2) [11,11],  29 ms
 3) [13,13],  29 ms
 4) [10,12],  28 ms
 5) [12,10],  28 ms
 6) [14,13],  11580 ms
 7) [9,12],  7509 ms
 8) [14,12],  20022 ms
 9) [13,12],  12220 ms
10) [13,10],  7206 ms
11) [14,11],  20024 ms
12) [11,14],  11075 ms
13) [8,13],  20004 ms
14) [7,14],  18563 ms
15) [7,13],  20033 ms
16) [9,13],  5980 ms
17) [7,15],  12154 ms
18) [5,13],  6241 ms
19) [8,11],  15426 ms
20) [7,10],  7028 ms
21) [12,9],  20002 ms
22) [10,11],  8057 ms
23) [10,10],  16359 ms
24) [9,11],  5484 ms
25) [12,11],  17585 ms
26) [12,8],  11236 ms
27) [7,9],  20001 ms
28) [10,9],  9626 ms
29) [9,8],  7202 ms
30) [8,8],  5461 ms
31) [10,14],  16588 ms
32) [8,10],  6598 ms
33) [5,10],  11541 ms
34) [13,14],  6336 ms
35) [12,15],  11340 ms
36) [7,12],  5652 ms
37) [9,15],  20002 ms
38) [6,12],  2702 ms
39) [4,14],  13817 ms
40) [9,9],  4450 ms
41) [7,11],  27 ms
42) [8,16],  2131 ms
43) [8,15],  35 ms
44) [10,15],  2079 ms
45) [5,15],  30 ms
46) [6,15],  28 ms
47) [4,16],  30 ms
48) [6,14],  3188 ms
49) [6,16],  28 ms
50) [7,17],  2453 ms
51) [5,16],  33 ms
52) [3,16],  28 ms
53) [8,14],  28 ms
54) [8,12],  28 ms
55) [5,17],  27 ms
56) [4,18],  28 ms
57) [5,18],  28 ms
58) [5,19],  27 ms
59) [5,14],  28 ms

pela 20.0 wins

pela 20.0:  5445 ms/turn
pela 20.0:  8739 ms/turn
