 0) [9,10],  28 ms
 1) [10,9],  27 ms
 2) [9,11],  27 ms
 3) [9,12],  27 ms
 4) [8,10],  20001 ms
 5) [7,10],  30 ms
 6) [7,12],  20017 ms
 7) [10,12],  15972 ms
 8) [10,13],  6472 ms
 9) [6,13],  20023 ms
10) [6,14],  10535 ms
11) [8,12],  19998 ms
12) [11,12],  5404 ms
13) [12,11],  8543 ms
14) [11,10],  16791 ms
15) [12,13],  5489 ms
16) [12,10],  12280 ms
17) [10,10],  27 ms
18) [9,14],  12637 ms
19) [8,13],  17660 ms
20) [10,11],  4955 ms
21) [8,15],  6725 ms
22) [8,14],  3996 ms
23) [7,14],  6031 ms
24) [5,12],  3089 ms
25) [8,9],  19999 ms
26) [9,16],  7711 ms
27) [9,17],  20006 ms
28) [10,7],  8000 ms
29) [9,7],  20001 ms
30) [5,13],  6874 ms
31) [6,12],  20001 ms
32) [6,9],  5878 ms
33) [7,15],  17785 ms
34) [6,15],  1632 ms
35) [5,15],  5949 ms
36) [9,6],  1746 ms
37) [11,8],  16246 ms
38) [11,6],  1742 ms
39) [10,5],  6387 ms
40) [14,12],  3921 ms
41) [13,11],  15853 ms
42) [7,17],  3747 ms
43) [13,12],  13475 ms
44) [14,11],  3213 ms
45) [13,13],  20002 ms
46) [13,14],  2750 ms
47) [14,13],  20000 ms
48) [15,13],  2359 ms
49) [10,8],  7345 ms
50) [9,9],  1242 ms
51) [13,9],  19994 ms
52) [13,10],  26 ms
53) [12,8],  20036 ms
54) [14,10],  1536 ms
55) [15,10],  27 ms
56) [9,8],  854 ms
57) [10,6],  20006 ms
58) [9,5],  470 ms
59) [7,11],  14405 ms
60) [6,10],  1441 ms
61) [6,8],  9548 ms
62) [16,14],  1231 ms
63) [17,14],  20001 ms
64) [15,15],  1048 ms
65) [15,14],  15402 ms
66) [16,15],  26 ms
67) [17,15],  20026 ms
68) [4,13],  907 ms
69) [5,14],  11755 ms
70) [4,12],  777 ms
71) [13,8],  20001 ms
72) [14,8],  25 ms
73) [14,9],  27 ms
74) [12,5],  658 ms
75) [13,4],  27 ms
76) [16,11],  473 ms
77) [12,9],  12883 ms
78) [11,9],  26 ms
79) [15,9],  16013 ms
80) [16,9],  26 ms
81) [3,11],  13756 ms
82) [17,13],  33 ms
83) [14,16],  27 ms
84) [16,12],  26 ms
85) [16,13],  26 ms
86) [11,11],  26 ms
87) [11,13],  27 ms
88) [16,8],  27 ms
89) [16,10],  26 ms
90) [15,11],  26 ms
91) [18,14],  27 ms
92) [17,11],  27 ms
93) [18,11],  26 ms
94) [14,14],  27 ms
95) [18,10],  26 ms
96) [13,15],  26 ms

pela 20.0 wins

pela 20.0:  3607 ms/turn
pela 20.0:  10 s/turn
