 0) [10,12],  25 ms
 1) [9,13],  26 ms
 2) [11,13],  25 ms
 3) [9,11],  57 ms
 4) [10,14],  25 ms
 5) [12,12],  26 ms
 6) [9,10],  19330 ms
 7) [10,15],  11197 ms
 8) [10,11],  6428 ms
 9) [10,10],  9602 ms
10) [7,13],  7212 ms
11) [8,9],  7959 ms
12) [8,8],  20008 ms
13) [7,14],  20018 ms
14) [13,13],  6878 ms
15) [13,14],  14744 ms
16) [12,15],  7083 ms
17) [14,16],  20012 ms
18) [13,16],  14654 ms
19) [14,14],  7712 ms
20) [15,14],  14046 ms
21) [12,17],  20001 ms
22) [14,13],  10055 ms
23) [12,13],  9319 ms
24) [12,11],  8497 ms
25) [13,12],  11889 ms
26) [11,14],  3454 ms
27) [10,13],  7743 ms
28) [8,15],  3639 ms
29) [11,15],  15407 ms
30) [11,16],  8375 ms
31) [15,15],  6573 ms
32) [13,17],  4220 ms
33) [14,15],  20005 ms
34) [15,16],  2581 ms
35) [14,12],  19998 ms
36) [15,12],  5166 ms
37) [15,13],  20012 ms
38) [17,15],  2268 ms
39) [13,18],  17944 ms
40) [14,18],  4360 ms
41) [15,18],  13506 ms
42) [14,11],  2796 ms
43) [13,10],  19998 ms
44) [11,8],  4126 ms
45) [13,11],  10755 ms
46) [12,10],  3527 ms
47) [12,7],  11540 ms
48) [13,8],  1088 ms
49) [14,8],  19998 ms
50) [13,15],  2352 ms
51) [12,6],  20010 ms
52) [13,7],  1103 ms
53) [14,7],  12217 ms
54) [14,6],  1855 ms
55) [12,5],  6070 ms
56) [12,8],  1225 ms
57) [15,5],  7273 ms
58) [13,5],  1945 ms
59) [13,6],  13107 ms
60) [11,4],  1668 ms
61) [11,3],  19349 ms
62) [15,8],  1212 ms
63) [12,2],  19997 ms
64) [12,3],  1036 ms
65) [10,8],  19998 ms
66) [13,1],  919 ms
67) [8,6],  6407 ms
68) [9,5],  522 ms
69) [10,5],  16553 ms
70) [8,14],  882 ms
71) [8,16],  8185 ms
72) [9,12],  567 ms
73) [11,7],  11713 ms
74) [10,7],  529 ms
75) [9,17],  11929 ms
76) [6,11],  612 ms
77) [7,12],  6661 ms
78) [5,12],  512 ms
79) [5,11],  5111 ms
80) [4,12],  452 ms
81) [4,13],  8143 ms
82) [5,15],  197 ms
83) [6,14],  13020 ms
84) [7,15],  355 ms
85) [6,15],  6350 ms
86) [6,16],  311 ms
87) [11,10],  10266 ms
88) [17,14],  185 ms
89) [16,15],  8800 ms
90) [5,17],  234 ms
91) [4,18],  25 ms
92) [7,17],  81 ms
93) [4,14],  4679 ms
94) [5,14],  119 ms
95) [5,16],  6863 ms
96) [4,17],  95 ms
97) [6,17],  5889 ms
98) [14,1],  79 ms
99) [13,2],  4422 ms
100) [14,2],  118 ms
101) [15,1],  3849 ms
102) [12,4],  53 ms
103) [14,4],  1991 ms
104) [13,3],  68 ms
105) [9,6],  3577 ms
106) [4,15],  106 ms
107) [2,17],  3066 ms
108) [9,7],  94 ms
109) [9,19],  1484 ms
110) [7,7],  34 ms
111) [6,7],  791 ms
112) [8,10],  36 ms
113) [8,18],  1182 ms
114) [10,16],  44 ms
115) [9,15],  2148 ms
116) [9,18],  31 ms
117) [15,4],  617 ms
118) [10,6],  70 ms
119) [11,5],  25 ms
120) [16,5],  53 ms
121) [15,3],  1735 ms
122) [15,2],  25 ms
123) [16,3],  1491 ms
124) [14,5],  24 ms
125) [17,3],  359 ms
126) [15,7],  39 ms
127) [16,8],  26 ms
128) [6,10],  36 ms
129) [7,9],  26 ms
130) [10,17],  37 ms
131) [8,19],  25 ms
132) [9,16],  37 ms
133) [12,16],  25 ms
134) [18,3],  27 ms
135) [16,2],  701 ms
136) [18,4],  25 ms
137) [17,1],  260 ms
138) [18,0],  25 ms
139) [16,4],  197 ms
140) [17,4],  26 ms
141) [16,1],  24 ms
142) [16,0],  27 ms
143) [19,1],  26 ms
144) [18,2],  24 ms
145) [18,1],  26 ms

pela 20.0 wins

pela 20.0:  2465 ms/turn
pela 20.0:  8119 ms/turn
