 0) [8,9],  30 ms
 1) [8,8],  30 ms
 2) [7,7],  29 ms
 3) [7,8],  30 ms
 4) [6,8],  29 ms
 5) [5,9],  29 ms
 6) [10,7],  20010 ms
 7) [8,7],  15445 ms
 8) [5,10],  16874 ms
 9) [6,11],  13773 ms
10) [8,5],  6761 ms
11) [9,5],  12348 ms
12) [6,10],  8950 ms
13) [8,10],  10032 ms
14) [10,5],  18191 ms
15) [11,6],  11698 ms
16) [5,11],  15629 ms
17) [4,12],  7391 ms
18) [6,7],  6943 ms
19) [6,6],  12583 ms
20) [5,7],  12329 ms
21) [4,7],  19578 ms
22) [5,13],  3868 ms
23) [10,6],  20008 ms
24) [9,6],  3341 ms
25) [7,4],  20024 ms
26) [11,7],  9574 ms
27) [11,10],  13504 ms
28) [5,6],  3026 ms
29) [5,8],  20004 ms
30) [6,13],  7752 ms
31) [5,12],  6025 ms
32) [7,10],  6669 ms
33) [7,13],  20001 ms
34) [10,9],  3193 ms
35) [11,8],  16609 ms
36) [10,8],  2353 ms
37) [10,11],  9859 ms
38) [9,11],  2565 ms
39) [12,6],  20017 ms
40) [13,6],  2775 ms
41) [7,3],  20008 ms
42) [6,2],  2378 ms
43) [4,6],  20029 ms
44) [4,5],  2909 ms
45) [4,10],  20004 ms
46) [2,12],  3391 ms
47) [13,10],  19999 ms
48) [12,9],  2388 ms
49) [11,9],  12655 ms
50) [3,4],  2585 ms
51) [2,3],  29 ms
52) [13,7],  1052 ms
53) [12,7],  9753 ms
54) [11,12],  2002 ms
55) [9,7],  973 ms
56) [12,4],  1065 ms
57) [7,5],  132 ms
58) [7,2],  1369 ms
59) [6,4],  80 ms
60) [8,2],  1229 ms
61) [7,9],  29 ms
62) [11,5],  29 ms
63) [4,9],  38 ms
64) [4,8],  33 ms
65) [3,7],  27 ms
66) [5,5],  28 ms
67) [3,9],  29 ms
68) [6,9],  27 ms
69) [4,11],  29 ms
70) [4,13],  30 ms
71) [2,9],  28 ms
72) [1,9],  28 ms
73) [3,10],  28 ms
74) [1,8],  30 ms
75) [3,8],  28 ms
76) [3,11],  28 ms
77) [3,6],  29 ms

pela 20.0 wins

pela 20.0:  4397 ms/turn
pela 20.0:  9049 ms/turn
