 0) [11,11],  30 ms
 1) [10,12],  30 ms
 2) [11,10],  32 ms
 3) [11,9],  33 ms
 4) [12,11],  14788 ms
 5) [13,11],  30 ms
 6) [13,9],  20010 ms
 7) [13,12],  8086 ms
 8) [14,12],  6015 ms
 9) [14,8],  19988 ms
10) [15,8],  10190 ms
11) [13,10],  20014 ms
12) [13,13],  14662 ms
13) [12,14],  8162 ms
14) [11,13],  18525 ms
15) [14,14],  6059 ms
16) [11,14],  9790 ms
17) [11,12],  28 ms
18) [15,11],  15329 ms
19) [14,10],  14572 ms
20) [12,12],  20011 ms
21) [16,10],  5896 ms
22) [15,10],  18389 ms
23) [15,9],  4870 ms
24) [13,7],  15703 ms
25) [10,10],  13183 ms
26) [8,12],  8103 ms
27) [8,11],  5912 ms
28) [17,11],  20036 ms
29) [18,11],  3485 ms
30) [17,8],  6758 ms
31) [13,6],  9945 ms
32) [15,6],  13464 ms
33) [16,7],  7579 ms
34) [16,8],  20000 ms
35) [18,8],  6493 ms
36) [12,9],  6405 ms
37) [12,10],  1983 ms
38) [10,14],  18140 ms
39) [9,15],  2352 ms
40) [15,5],  20018 ms
41) [15,7],  1889 ms
42) [16,5],  6400 ms
43) [13,8],  3533 ms
44) [10,8],  14407 ms
45) [18,7],  5163 ms
46) [17,7],  20002 ms
47) [17,5],  1654 ms
48) [9,8],  17711 ms
49) [8,8],  3770 ms
50) [10,7],  6568 ms
51) [11,7],  1620 ms
52) [9,6],  20015 ms
53) [10,9],  3390 ms
54) [10,13],  7731 ms
55) [18,9],  2766 ms
56) [18,10],  29 ms
57) [18,5],  2412 ms
58) [18,6],  28 ms
59) [12,13],  1307 ms
60) [8,9],  1441 ms
61) [11,6],  1961 ms
62) [11,8],  37 ms
63) [8,5],  31 ms
64) [7,11],  33 ms
65) [9,13],  924 ms
66) [7,10],  32 ms
67) [6,11],  29 ms
68) [7,12],  36 ms
69) [7,9],  31 ms
70) [7,13],  31 ms
71) [7,14],  30 ms
72) [9,9],  31 ms
73) [9,7],  44 ms
74) [6,12],  30 ms
75) [8,10],  29 ms
76) [5,12],  29 ms
77) [9,12],  30 ms
78) [4,12],  29 ms

pela 20.0 wins

pela 20.0:  4341 ms/turn
pela 20.0:  9275 ms/turn
