 0) [8,8],  30 ms
 1) [9,7],  27 ms
 2) [7,7],  28 ms
 3) [9,9],  58 ms
 4) [8,6],  28 ms
 5) [6,8],  27 ms
 6) [9,10],  20002 ms
 7) [8,5],  13289 ms
 8) [8,10],  8098 ms
 9) [8,9],  18480 ms
10) [6,9],  9422 ms
11) [7,10],  15992 ms
12) [10,7],  8507 ms
13) [9,4],  18650 ms
14) [10,3],  19129 ms
15) [10,6],  13218 ms
16) [8,4],  5337 ms
17) [11,4],  8256 ms
18) [12,4],  6713 ms
19) [11,7],  10377 ms
20) [9,5],  4515 ms
21) [10,4],  11220 ms
22) [11,9],  13188 ms
23) [8,7],  20009 ms
24) [11,6],  8806 ms
25) [13,4],  16067 ms
26) [12,3],  8261 ms
27) [12,6],  10262 ms
28) [13,5],  8255 ms
29) [11,3],  20009 ms
30) [11,8],  7493 ms
31) [10,9],  20008 ms
32) [11,10],  7454 ms
33) [10,10],  7374 ms
34) [12,9],  2939 ms
35) [13,10],  8456 ms
36) [13,8],  2635 ms
37) [10,11],  8449 ms
38) [10,12],  5608 ms
39) [14,9],  13846 ms
40) [13,9],  4796 ms
41) [14,8],  13764 ms
42) [11,5],  1401 ms
43) [13,7],  20008 ms
44) [14,7],  1922 ms
45) [15,6],  29 ms
46) [15,9],  1573 ms
47) [11,13],  6838 ms
48) [14,10],  3405 ms
49) [11,11],  5668 ms
50) [15,11],  2735 ms
51) [16,12],  20005 ms
52) [16,8],  355 ms
53) [17,7],  13220 ms
54) [15,8],  156 ms
55) [15,10],  20005 ms
56) [12,5],  29 ms
57) [10,5],  29 ms
58) [14,6],  28 ms
59) [15,7],  29 ms
60) [13,6],  30 ms
61) [16,9],  32 ms
62) [14,5],  29 ms
63) [15,5],  29 ms
64) [12,1],  29 ms
65) [12,2],  31 ms
66) [14,3],  29 ms
67) [14,4],  31 ms
68) [15,4],  30 ms
69) [12,7],  29 ms
70) [13,2],  28 ms
71) [16,5],  29 ms
72) [11,0],  29 ms

pela 20.0 wins

pela 20.0:  4406 ms/turn
pela 20.0:  9273 ms/turn
