 0) [12,10],  27 ms
 1) [11,9],  26 ms
 2) [13,9],  28 ms
 3) [11,11],  27 ms
 4) [12,8],  27 ms
 5) [14,10],  27 ms
 6) [11,10],  20004 ms
 7) [13,8],  7163 ms
 8) [15,9],  20027 ms
 9) [12,9],  19985 ms
10) [15,10],  17279 ms
11) [15,7],  20066 ms
12) [16,10],  10235 ms
13) [15,11],  18986 ms
14) [10,9],  11875 ms
15) [9,8],  9216 ms
16) [17,10],  17645 ms
17) [16,9],  14880 ms
18) [17,11],  11630 ms
19) [18,12],  5605 ms
20) [17,12],  19215 ms
21) [17,13],  12001 ms
22) [16,11],  16646 ms
23) [18,13],  6728 ms
24) [18,14],  20006 ms
25) [14,7],  9345 ms
26) [15,6],  7153 ms
27) [17,8],  3080 ms
28) [15,8],  7616 ms
29) [14,11],  3305 ms
30) [13,11],  20011 ms
31) [18,10],  4684 ms
32) [16,13],  12681 ms
33) [16,12],  2241 ms
34) [16,7],  20021 ms
35) [13,7],  2585 ms
36) [14,9],  14423 ms
37) [13,10],  5727 ms
38) [11,8],  20017 ms
39) [14,13],  3143 ms
40) [14,14],  16728 ms
41) [9,10],  4474 ms
42) [9,11],  20001 ms
43) [7,10],  1371 ms
44) [8,9],  5933 ms
45) [6,9],  1611 ms
46) [6,10],  20009 ms
47) [7,11],  1216 ms
48) [9,9],  20003 ms
49) [16,15],  1356 ms
50) [15,14],  7948 ms
51) [14,15],  2075 ms
52) [15,15],  6702 ms
53) [17,14],  2732 ms
54) [15,16],  10865 ms
55) [15,17],  1710 ms
56) [8,10],  12710 ms
57) [8,8],  1682 ms
58) [5,8],  20014 ms
59) [17,15],  1844 ms
60) [14,5],  19988 ms
61) [17,6],  933 ms
62) [5,7],  5856 ms
63) [5,9],  1463 ms
64) [6,7],  14348 ms
65) [6,8],  876 ms
66) [7,8],  12732 ms
67) [4,7],  1109 ms
68) [3,9],  6010 ms
69) [5,6],  959 ms
70) [3,10],  19079 ms
71) [4,9],  813 ms
72) [2,10],  10186 ms
73) [4,8],  706 ms
74) [15,12],  916 ms
75) [15,13],  27 ms
76) [4,10],  352 ms
77) [5,10],  27 ms
78) [5,11],  122 ms
79) [2,8],  601 ms
80) [3,11],  232 ms
81) [3,12],  35 ms
82) [4,12],  33 ms
83) [5,13],  27 ms
84) [3,13],  28 ms
85) [7,9],  27 ms
86) [2,14],  27 ms

pela 20.0 wins

pela 20.0:  4104 ms/turn
pela 20.0:  11 s/turn
