 0) [9,8],  27 ms
 1) [10,7],  28 ms
 2) [8,7],  28 ms
 3) [10,9],  27 ms
 4) [8,6],  27 ms
 5) [9,9],  27 ms
 6) [10,6],  30 ms
 7) [8,9],  27 ms
 8) [7,9],  7216 ms
 9) [8,8],  7601 ms
10) [9,6],  398 ms
11) [7,6],  15364 ms
12) [11,6],  93 ms
13) [12,6],  27 ms
14) [10,5],  110 ms
15) [11,4],  6037 ms
16) [9,4],  51 ms
17) [11,9],  20027 ms
18) [12,9],  27 ms
19) [8,3],  20002 ms
20) [9,5],  32 ms
21) [9,7],  25 ms
22) [7,8],  29 ms
23) [6,9],  25 ms
24) [7,7],  29 ms
25) [10,4],  19309 ms
26) [9,3],  27 ms
27) [9,2],  25 ms
28) [6,8],  36 ms
29) [5,9],  25 ms
30) [8,4],  27 ms
31) [11,7],  18180 ms
32) [6,2],  26 ms
33) [7,3],  28 ms
34) [12,7],  25 ms
35) [13,8],  25 ms
36) [10,8],  20020 ms
37) [7,5],  7717 ms
38) [7,4],  15939 ms
39) [6,4],  7649 ms
40) [8,11],  7331 ms
41) [7,11],  9849 ms
42) [5,5],  18363 ms
43) [13,5],  20000 ms
44) [13,6],  12635 ms
45) [14,4],  29 ms
46) [15,3],  27 ms
47) [12,4],  30 ms
48) [13,4],  26 ms
49) [14,6],  30 ms
50) [11,3],  12992 ms
51) [12,8],  30 ms
52) [13,7],  5579 ms
53) [15,8],  31 ms
54) [16,8],  4068 ms
55) [11,8],  27 ms
56) [14,8],  27 ms
57) [11,11],  27 ms
58) [11,10],  27 ms
59) [10,10],  28 ms
60) [12,12],  26 ms
61) [8,12],  29 ms
62) [9,11],  65 ms
63) [6,10],  27 ms
64) [9,13],  27 ms
65) [4,8],  53 ms

pela 20.0 wins

pela 20.0:  3193 ms/turn
pela 20.0:  4617 ms/turn
