 0) [9,9],  29 ms
 1) [8,9],  28 ms
 2) [9,10],  29 ms
 3) [9,11],  29 ms
 4) [8,12],  11073 ms
 5) [6,11],  20010 ms
 6) [7,10],  9766 ms
 7) [8,10],  20002 ms
 8) [7,12],  20047 ms
 9) [7,9],  6149 ms
10) [6,8],  12375 ms
11) [10,9],  16583 ms
12) [5,8],  6207 ms
13) [8,8],  14188 ms
14) [8,7],  17215 ms
15) [6,9],  14710 ms
16) [10,12],  8211 ms
17) [9,12],  9912 ms
18) [9,7],  10882 ms
19) [10,7],  11231 ms
20) [7,6],  7550 ms
21) [5,9],  9593 ms
22) [4,9],  27 ms
23) [6,7],  2968 ms
24) [10,14],  6390 ms
25) [10,11],  2777 ms
26) [12,9],  8654 ms
27) [9,13],  4550 ms
28) [9,14],  7351 ms
29) [8,13],  2025 ms
30) [7,14],  17220 ms
31) [8,14],  6461 ms
32) [7,13],  8875 ms
33) [7,11],  27 ms
34) [8,11],  27 ms
35) [6,13],  5540 ms
36) [12,10],  9026 ms
37) [11,9],  2641 ms
38) [13,10],  6880 ms
39) [9,8],  4091 ms
40) [10,8],  5983 ms
41) [11,10],  1665 ms
42) [12,11],  15800 ms
43) [12,12],  988 ms
44) [13,9],  13414 ms
45) [6,10],  3391 ms
46) [6,12],  25 ms
47) [11,6],  1012 ms
48) [12,5],  25 ms
49) [4,8],  322 ms
50) [3,7],  25 ms
51) [11,7],  83 ms
52) [11,8],  25 ms
53) [4,12],  807 ms
54) [5,11],  25 ms
55) [14,8],  986 ms
56) [14,11],  27 ms
57) [15,12],  25 ms
58) [13,11],  27 ms
59) [13,12],  25 ms
60) [15,11],  25 ms
61) [16,11],  25 ms
62) [11,11],  25 ms

pela 20.0 wins

pela 20.0:  5253 ms/turn
pela 20.0:  6351 ms/turn
