 0) [12,11],  28 ms
 1) [13,10],  27 ms
 2) [11,10],  26 ms
 3) [13,12],  27 ms
 4) [12,9],  27 ms
 5) [10,11],  27 ms
 6) [13,13],  12440 ms
 7) [12,8],  8331 ms
 8) [12,13],  6862 ms
 9) [12,12],  19656 ms
10) [10,12],  10342 ms
11) [11,13],  19999 ms
12) [14,10],  10365 ms
13) [13,7],  18881 ms
14) [14,12],  6476 ms
15) [13,8],  13127 ms
16) [13,9],  6498 ms
17) [14,8],  10546 ms
18) [11,8],  20033 ms
19) [15,8],  6501 ms
20) [16,8],  27 ms
21) [15,9],  599 ms
22) [16,10],  20031 ms
23) [15,11],  87 ms
24) [15,7],  12967 ms
25) [15,10],  48 ms
26) [15,12],  74 ms
27) [14,9],  48 ms
28) [12,7],  6614 ms
29) [17,6],  32 ms
30) [16,7],  27 ms
31) [16,9],  26 ms
32) [17,8],  8908 ms
33) [18,9],  27 ms
34) [17,9],  27 ms
35) [14,6],  27 ms
36) [15,5],  27 ms
37) [14,7],  27 ms
38) [14,5],  27 ms
39) [13,6],  27 ms
40) [17,10],  28 ms
41) [12,5],  26 ms

pela 20.0 wins

pela 20.0:  4671 ms/turn
pela 20.0:  5802 ms/turn
