 0) [9,12],  28 ms
 1) [10,11],  27 ms
 2) [10,13],  27 ms
 3) [8,11],  58 ms
 4) [11,12],  31 ms
 5) [9,14],  31 ms
 6) [7,11],  20005 ms
 7) [12,12],  13918 ms
 8) [7,12],  7784 ms
 9) [8,12],  14759 ms
10) [8,14],  9481 ms
11) [6,12],  9729 ms
12) [5,10],  16926 ms
13) [7,10],  12519 ms
14) [8,9],  10677 ms
15) [4,9],  6083 ms
16) [10,9],  7457 ms
17) [9,9],  17569 ms
18) [11,11],  13477 ms
19) [11,10],  9079 ms
20) [5,11],  8257 ms
21) [7,15],  12124 ms
22) [6,10],  20001 ms
23) [4,12],  7031 ms
24) [6,14],  10751 ms
25) [5,12],  5228 ms
26) [3,12],  7924 ms
27) [4,11],  8370 ms
28) [4,10],  11843 ms
29) [3,10],  6375 ms
30) [2,9],  19997 ms
31) [12,10],  8157 ms
32) [13,10],  19637 ms
33) [14,10],  2708 ms
34) [13,11],  20014 ms
35) [14,9],  3594 ms
36) [14,7],  20001 ms
37) [5,15],  2582 ms
38) [7,14],  15695 ms
39) [13,8],  3121 ms
40) [12,7],  7967 ms
41) [11,8],  2865 ms
42) [12,8],  8149 ms
43) [12,5],  1808 ms
44) [2,11],  14622 ms
45) [4,14],  2646 ms
46) [4,15],  19246 ms
47) [2,8],  1708 ms
48) [2,13],  6845 ms
49) [4,13],  1959 ms
50) [11,13],  19846 ms
51) [12,13],  3566 ms
52) [12,11],  7929 ms
53) [3,14],  1794 ms
54) [6,11],  27 ms
55) [2,12],  952 ms
56) [3,13],  20002 ms
57) [11,7],  2329 ms
58) [11,6],  19998 ms
59) [11,14],  1098 ms
60) [14,11],  20015 ms
61) [15,11],  31 ms
62) [14,6],  5645 ms
63) [13,7],  2324 ms
64) [13,5],  10670 ms
65) [16,10],  1971 ms
66) [14,4],  5911 ms
67) [1,16],  1698 ms
68) [2,15],  27 ms
69) [14,5],  1459 ms
70) [12,4],  1149 ms
71) [11,3],  1242 ms
72) [13,4],  290 ms
73) [15,4],  621 ms
74) [13,3],  92 ms
75) [13,2],  981 ms
76) [14,2],  57 ms
77) [15,1],  251 ms
78) [10,6],  33 ms
79) [11,5],  27 ms
80) [16,6],  34 ms
81) [15,5],  26 ms
82) [10,4],  30 ms
83) [11,4],  26 ms
84) [15,3],  31 ms
85) [12,6],  744 ms
86) [16,2],  34 ms
87) [17,1],  26 ms
88) [16,4],  41 ms
89) [17,5],  26 ms
90) [16,8],  27 ms
91) [15,7],  27 ms
92) [16,5],  27 ms
93) [16,7],  27 ms
94) [16,3],  26 ms

pela 20.0 wins

pela 20.0:  3729 ms/turn
pela 20.0:  8516 ms/turn
