 0) [11,10],  29 ms
 1) [12,10],  30 ms
 2) [13,9],  29 ms
 3) [12,9],  60 ms
 4) [12,8],  30 ms
 5) [11,8],  29 ms
 6) [13,10],  30 ms
 7) [13,7],  8954 ms
 8) [13,12],  20002 ms
 9) [13,11],  14159 ms
10) [14,12],  6388 ms
11) [12,12],  13470 ms
12) [14,10],  2002 ms
13) [15,11],  15995 ms
14) [14,11],  381 ms
15) [14,13],  18202 ms
16) [14,9],  1804 ms
17) [14,8],  30 ms
18) [15,10],  646 ms
19) [16,9],  6605 ms
20) [17,12],  58 ms
21) [16,11],  9531 ms
22) [16,10],  31 ms
23) [17,10],  27 ms
24) [15,12],  28 ms
25) [16,12],  29 ms
26) [12,13],  28 ms
27) [11,14],  28 ms
28) [16,13],  29 ms
29) [17,14],  28 ms
30) [11,12],  28 ms
31) [15,8],  5857 ms
32) [14,7],  19397 ms
33) [18,11],  4369 ms
34) [19,12],  29 ms
35) [10,13],  4992 ms
36) [9,12],  7725 ms
37) [10,14],  3855 ms
38) [11,13],  9167 ms
39) [11,11],  3896 ms
40) [10,11],  20013 ms
41) [9,10],  6862 ms
42) [13,14],  14539 ms
43) [14,15],  30 ms
44) [13,13],  20044 ms
45) [11,5],  489 ms
46) [8,13],  18190 ms
47) [7,14],  29 ms
48) [12,6],  14210 ms
49) [11,7],  58 ms
50) [11,6],  7261 ms
51) [12,7],  38 ms
52) [13,16],  31 ms
53) [13,15],  30 ms
54) [10,9],  20027 ms
55) [9,7],  32 ms
56) [10,7],  29 ms
57) [10,8],  29 ms
58) [11,9],  30 ms
59) [9,8],  30 ms
60) [8,8],  30 ms
61) [9,9],  29 ms
62) [9,11],  29 ms
63) [9,6],  29 ms

pela 20.0 wins

pela 20.0:  3682 ms/turn
pela 20.0:  5696 ms/turn
