 0) [10,9],  27 ms
 1) [9,8],  27 ms
 2) [10,10],  26 ms
 3) [10,11],  29 ms
 4) [11,9],  18335 ms
 5) [9,9],  27 ms
 6) [9,12],  10130 ms
 7) [8,12],  14017 ms
 8) [9,7],  15208 ms
 9) [10,8],  8312 ms
10) [7,11],  7907 ms
11) [8,14],  5985 ms
12) [11,8],  10102 ms
13) [11,7],  6693 ms
14) [12,6],  16924 ms
15) [12,7],  8899 ms
16) [8,11],  8087 ms
17) [9,10],  13492 ms
18) [13,7],  13320 ms
19) [12,8],  5486 ms
20) [11,5],  2425 ms
21) [10,4],  5662 ms
22) [7,10],  30 ms
23) [6,9],  5856 ms
24) [5,11],  31 ms
25) [6,11],  10034 ms
26) [7,9],  33 ms
27) [7,12],  10804 ms
28) [8,8],  27 ms
29) [10,6],  27 ms
30) [6,10],  28 ms

pela 20.0 wins

pela 20.0:  6415 ms/turn
pela 20.0:  6356 ms/turn
