 0) [8,10],  27 ms
 1) [8,11],  27 ms
 2) [7,10],  26 ms
 3) [6,10],  27 ms
 4) [5,11],  10249 ms
 5) [6,13],  20000 ms
 6) [7,12],  11105 ms
 7) [7,11],  7341 ms
 8) [5,12],  5779 ms
 9) [8,12],  16342 ms
10) [9,13],  20018 ms
11) [4,13],  19453 ms
12) [5,9],  8239 ms
13) [5,10],  16684 ms
14) [6,14],  7433 ms
15) [7,15],  11027 ms
16) [6,8],  14008 ms
17) [7,7],  12722 ms
18) [3,11],  20002 ms
19) [2,12],  10906 ms
20) [9,10],  20001 ms
21) [9,11],  3530 ms
22) [10,11],  13851 ms
23) [10,10],  5647 ms
24) [11,9],  12205 ms
25) [8,9],  4405 ms
26) [2,13],  11394 ms
27) [4,11],  3128 ms
28) [4,14],  14380 ms
29) [5,14],  2209 ms
30) [3,9],  6840 ms
31) [6,12],  3497 ms
32) [6,9],  13673 ms
33) [4,9],  2987 ms
34) [2,11],  11064 ms
35) [4,10],  3900 ms
36) [4,12],  32 ms
37) [4,7],  5156 ms
38) [4,8],  27 ms
39) [2,10],  4427 ms
40) [3,10],  27 ms
41) [3,8],  1448 ms
42) [2,7],  17166 ms
43) [6,15],  1089 ms
44) [7,16],  18720 ms
45) [8,8],  3421 ms
46) [6,6],  10341 ms
47) [5,7],  1600 ms
48) [6,7],  5936 ms
49) [6,5],  27 ms
50) [5,6],  11210 ms
51) [2,6],  2709 ms
52) [7,6],  20001 ms
53) [4,6],  2328 ms
54) [9,6],  20000 ms
55) [8,6],  27 ms
56) [8,5],  17966 ms
57) [9,4],  1994 ms
58) [11,8],  8697 ms
59) [10,7],  735 ms
60) [11,11],  18220 ms
61) [11,10],  1159 ms
62) [10,4],  11420 ms
63) [12,10],  863 ms
64) [8,15],  18589 ms
65) [9,14],  1321 ms
66) [8,16],  6712 ms
67) [3,13],  727 ms
68) [13,9],  19999 ms
69) [3,16],  767 ms
70) [4,15],  7918 ms
71) [5,16],  910 ms
72) [5,17],  13926 ms
73) [9,7],  793 ms
74) [10,6],  20001 ms
75) [11,5],  473 ms
76) [4,17],  15614 ms
77) [4,16],  328 ms
78) [2,16],  13182 ms
79) [6,17],  243 ms
80) [13,11],  10087 ms
81) [14,11],  521 ms
82) [14,10],  14374 ms
83) [15,9],  439 ms
84) [8,7],  8115 ms
85) [12,7],  238 ms
86) [13,8],  13054 ms
87) [13,7],  260 ms
88) [11,7],  26 ms
89) [12,8],  27 ms
90) [12,6],  4897 ms
91) [7,8],  306 ms
92) [12,9],  10480 ms
93) [9,9],  251 ms
94) [11,13],  8985 ms
95) [5,13],  218 ms
96) [7,13],  28 ms
97) [8,13],  157 ms
98) [12,12],  32 ms
99) [10,14],  28 ms
100) [10,9],  33 ms
101) [14,9],  27 ms
102) [13,12],  32 ms
103) [13,10],  27 ms
104) [11,12],  29 ms
105) [14,12],  27 ms
106) [11,14],  27 ms
107) [11,15],  27 ms
108) [12,13],  27 ms
109) [13,14],  27 ms
110) [9,16],  26 ms
111) [10,15],  27 ms
112) [10,16],  26 ms
113) [11,16],  27 ms
114) [6,16],  27 ms

pela 20.0 wins

pela 20.0:  3140 ms/turn
pela 20.0:  9419 ms/turn
