 0) [10,9],  32 ms
 1) [11,9],  31 ms
 2) [12,10],  31 ms
 3) [11,10],  32 ms
 4) [11,8],  31 ms
 5) [12,8],  31 ms
 6) [10,10],  34 ms
 7) [10,7],  19998 ms
 8) [10,12],  20030 ms
 9) [10,11],  12707 ms
10) [11,11],  7847 ms
11) [9,13],  7932 ms
12) [12,7],  6814 ms
13) [9,10],  18049 ms
14) [9,12],  10296 ms
15) [12,12],  6581 ms
16) [11,6],  5662 ms
17) [13,6],  9456 ms
18) [12,13],  18469 ms
19) [13,7],  20019 ms
20) [14,6],  11088 ms
21) [8,12],  20011 ms
22) [7,11],  13076 ms
23) [7,13],  13648 ms
24) [6,14],  12382 ms
25) [10,5],  18313 ms
26) [10,4],  10628 ms
27) [15,9],  11959 ms
28) [13,9],  4979 ms
29) [14,8],  28 ms
30) [12,6],  8365 ms
31) [16,8],  509 ms
32) [15,8],  2461 ms
33) [14,10],  31 ms
34) [13,11],  27 ms
35) [16,10],  30 ms
36) [17,11],  28 ms
37) [14,9],  31 ms
38) [14,11],  4767 ms
39) [16,11],  28 ms
40) [16,9],  28 ms
41) [15,10],  29 ms
42) [17,10],  28 ms
43) [17,12],  28 ms
44) [18,13],  28 ms
45) [13,8],  28 ms

pela 20.0 wins

pela 20.0:  5962 ms/turn
pela 20.0:  6935 ms/turn
