 0) [11,11],  28 ms
 1) [11,10],  27 ms
 2) [10,12],  27 ms
 3) [12,10],  59 ms
 4) [13,10],  20002 ms
 5) [11,12],  11700 ms
 6) [9,11],  20008 ms
 7) [8,10],  14916 ms
 8) [9,9],  7054 ms
 9) [8,8],  7740 ms
10) [9,10],  6335 ms
11) [9,12],  8553 ms
12) [8,9],  18077 ms
13) [10,11],  7064 ms
14) [8,13],  8095 ms
15) [9,8],  11225 ms
16) [10,9],  10888 ms
17) [11,9],  20020 ms
18) [10,8],  12791 ms
19) [6,9],  13132 ms
20) [7,13],  5768 ms
21) [8,11],  8491 ms
22) [7,10],  10144 ms
23) [12,9],  19998 ms
24) [13,8],  27 ms
25) [6,13],  17557 ms
26) [8,12],  563 ms
27) [6,14],  8658 ms
28) [7,12],  290 ms
29) [7,11],  7994 ms
30) [10,7],  246 ms
31) [10,6],  6804 ms
32) [6,11],  329 ms
33) [5,10],  18908 ms
34) [5,12],  53 ms
35) [4,13],  29 ms
36) [6,12],  48 ms
37) [4,12],  29 ms
38) [8,14],  33 ms
39) [9,15],  12073 ms
40) [9,14],  27 ms
41) [10,15],  28 ms
42) [7,15],  27 ms
43) [9,13],  28 ms
44) [8,15],  27 ms
45) [8,16],  28 ms
46) [7,16],  29 ms
47) [7,14],  28 ms
48) [6,17],  27 ms
49) [10,13],  29 ms
50) [5,18],  28 ms

pela 20.0 wins

pela 20.0:  4652 ms/turn
pela 20.0:  7804 ms/turn
