 0) [11,9],  28 ms
 1) [12,10],  27 ms
 2) [12,8],  27 ms
 3) [10,10],  28 ms
 4) [13,9],  27 ms
 5) [11,7],  28 ms
 6) [9,10],  12019 ms
 7) [14,9],  10492 ms
 8) [10,9],  8480 ms
 9) [9,9],  14319 ms
10) [11,11],  14328 ms
11) [11,8],  9639 ms
12) [12,6],  20010 ms
13) [12,7],  19999 ms
14) [10,7],  7660 ms
15) [15,10],  6815 ms
16) [13,8],  6861 ms
17) [13,7],  7204 ms
18) [14,7],  15788 ms
19) [11,10],  6514 ms
20) [13,10],  9637 ms
21) [12,5],  16351 ms
22) [8,9],  6655 ms
23) [10,11],  19999 ms
24) [14,5],  9782 ms
25) [15,6],  14563 ms
26) [7,7],  27 ms
27) [6,7],  8816 ms
28) [10,13],  9797 ms
29) [7,10],  13870 ms
30) [7,11],  6113 ms
31) [5,8],  28 ms
32) [6,9],  7544 ms
33) [15,11],  27 ms
34) [8,12],  6449 ms
35) [9,13],  9427 ms
36) [8,11],  599 ms
37) [8,13],  16475 ms
38) [7,12],  782 ms
39) [6,13],  25 ms
40) [9,12],  1178 ms
41) [10,12],  7248 ms
42) [5,11],  854 ms
43) [6,11],  9816 ms
44) [8,10],  47 ms
45) [8,8],  25 ms
46) [6,12],  79 ms
47) [5,12],  26 ms
48) [4,10],  38 ms
49) [3,14],  12009 ms
50) [4,13],  26 ms
51) [3,9],  9601 ms
52) [4,11],  27 ms
53) [4,12],  20040 ms
54) [7,13],  28 ms
55) [8,14],  26 ms
56) [5,9],  28 ms
57) [6,8],  6186 ms
58) [4,8],  25 ms
59) [6,10],  25 ms
60) [4,9],  25 ms
61) [7,9],  26 ms
62) [4,7],  25 ms

pela 20.0 wins

pela 20.0:  4531 ms/turn
pela 20.0:  7731 ms/turn
