 0) [11,9],  28 ms
 1) [11,8],  27 ms
 2) [10,10],  27 ms
 3) [12,8],  27 ms
 4) [10,8],  20019 ms
 5) [12,10],  25 ms
 6) [12,7],  9154 ms
 7) [9,9],  11972 ms
 8) [10,6],  6476 ms
 9) [10,7],  16732 ms
10) [12,9],  12198 ms
11) [8,9],  7574 ms
12) [7,9],  5747 ms
13) [14,9],  8966 ms
14) [14,8],  7634 ms
15) [9,7],  15279 ms
16) [9,8],  13853 ms
17) [9,6],  9679 ms
18) [8,5],  13272 ms
19) [6,8],  5623 ms
20) [15,7],  6217 ms
21) [14,7],  5691 ms
22) [15,8],  6139 ms
23) [16,8],  5513 ms
24) [6,10],  6913 ms
25) [16,5],  13276 ms
26) [7,10],  20024 ms
27) [7,11],  11368 ms
28) [7,6],  10327 ms
29) [8,7],  8810 ms
30) [6,7],  7575 ms
31) [5,8],  5163 ms
32) [7,8],  10122 ms
33) [7,7],  26 ms
34) [11,7],  27 ms
35) [9,4],  4655 ms
36) [9,5],  20032 ms
37) [8,4],  7078 ms
38) [15,9],  20006 ms
39) [15,6],  3424 ms
40) [8,10],  6483 ms
41) [9,10],  26 ms
42) [17,4],  19986 ms
43) [16,11],  2282 ms
44) [7,4],  9678 ms
45) [15,11],  4553 ms
46) [4,10],  20004 ms
47) [5,10],  26 ms
48) [16,9],  8409 ms
49) [15,10],  217 ms
50) [17,12],  18178 ms
51) [14,10],  81 ms
52) [16,10],  12537 ms
53) [17,11],  47 ms
54) [13,7],  7096 ms
55) [12,6],  26 ms
56) [14,11],  20011 ms
57) [16,12],  29 ms
58) [13,9],  27 ms
59) [15,13],  28 ms
60) [18,10],  20011 ms
61) [18,11],  26 ms
62) [19,11],  27 ms
63) [14,14],  26 ms
64) [13,15],  27 ms
65) [18,14],  27 ms
66) [17,13],  26 ms
67) [15,14],  27 ms
68) [15,12],  26 ms
69) [16,14],  27 ms
70) [17,14],  26 ms
71) [12,14],  27 ms
72) [13,14],  26 ms
73) [14,12],  29 ms
74) [13,11],  28 ms
75) [13,10],  27 ms
76) [11,10],  27 ms
77) [16,13],  29 ms
78) [16,15],  29 ms
79) [13,13],  26 ms
80) [11,15],  26 ms
81) [12,13],  27 ms
82) [14,13],  27 ms
83) [12,12],  26 ms
84) [12,11],  27 ms
85) [15,15],  27 ms
86) [16,16],  27 ms
87) [11,11],  27 ms

pela 20.0 wins

pela 20.0:  3377 ms/turn
pela 20.0:  7694 ms/turn
