 0) [10,9],  27 ms
 1) [11,10],  26 ms
 2) [10,8],  26 ms
 3) [10,7],  27 ms
 4) [9,9],  8273 ms
 5) [8,9],  26 ms
 6) [8,7],  20014 ms
 7) [11,7],  15409 ms
 8) [11,6],  6697 ms
 9) [8,6],  20000 ms
10) [9,8],  6440 ms
11) [9,10],  18943 ms
12) [11,12],  19784 ms
13) [7,6],  20043 ms
14) [7,8],  6535 ms
15) [8,8],  7725 ms
16) [6,6],  16062 ms
17) [10,6],  12099 ms
18) [12,8],  13749 ms
19) [13,8],  19380 ms
20) [12,9],  9820 ms
21) [11,9],  10762 ms
22) [10,10],  3322 ms
23) [10,12],  20011 ms
24) [11,11],  5001 ms
25) [12,12],  10516 ms
26) [12,7],  9166 ms
27) [12,10],  20000 ms
28) [7,9],  3313 ms
29) [6,9],  5998 ms
30) [5,7],  2563 ms
31) [8,10],  19999 ms
32) [8,11],  7016 ms
33) [12,5],  20006 ms
34) [12,11],  5764 ms
35) [10,13],  9163 ms
36) [11,15],  2009 ms
37) [6,10],  20012 ms
38) [11,14],  4919 ms
39) [11,13],  24 ms
40) [13,11],  4211 ms
41) [14,11],  12001 ms
42) [9,11],  3609 ms
43) [10,11],  25 ms
44) [5,10],  1259 ms
45) [4,8],  6614 ms
46) [10,14],  2305 ms
47) [12,14],  20006 ms
48) [10,15],  1039 ms
49) [9,13],  12292 ms
50) [8,13],  1499 ms
51) [6,11],  19997 ms
52) [6,8],  1279 ms
53) [12,15],  14109 ms
54) [12,13],  837 ms
55) [9,16],  9200 ms
56) [7,12],  1380 ms
57) [11,16],  6579 ms
58) [10,17],  1719 ms
59) [10,18],  19987 ms
60) [12,16],  1427 ms
61) [4,6],  20012 ms
62) [4,7],  828 ms
63) [13,17],  12990 ms
64) [7,11],  625 ms
65) [7,10],  27 ms
66) [5,12],  504 ms
67) [7,13],  19999 ms
68) [6,12],  984 ms
69) [14,16],  20003 ms
70) [13,15],  26 ms
71) [4,12],  20010 ms
72) [5,14],  698 ms
73) [5,13],  19419 ms
74) [6,13],  32 ms
75) [4,15],  25 ms
76) [9,12],  28 ms
77) [8,12],  28 ms
78) [3,10],  27 ms
79) [4,11],  10833 ms
80) [6,7],  29 ms
81) [7,7],  25 ms
82) [6,5],  29 ms
83) [6,4],  25 ms
84) [3,8],  28 ms
85) [5,6],  27 ms
86) [3,7],  27 ms
87) [2,7],  27 ms
88) [3,9],  25 ms
89) [3,11],  27 ms
90) [3,6],  26 ms

pela 20.0 wins

pela 20.0:  3803 ms/turn
pela 20.0:  10 s/turn
