 0) [10,9],  26 ms
 1) [11,8],  27 ms
 2) [11,10],  26 ms
 3) [9,8],  42 ms
 4) [12,10],  26 ms
 5) [9,9],  27 ms
 6) [12,8],  26 ms
 7) [9,10],  26 ms
 8) [9,7],  7502 ms
 9) [12,9],  15008 ms
10) [9,11],  9080 ms
11) [11,9],  19191 ms
12) [8,9],  13780 ms
13) [14,10],  20021 ms
14) [10,6],  14072 ms
15) [8,8],  11592 ms
16) [7,8],  20004 ms
17) [9,5],  6202 ms
18) [12,11],  6625 ms
19) [11,11],  8254 ms
20) [10,10],  6864 ms
21) [10,7],  14223 ms
22) [9,6],  16274 ms
23) [14,13],  9607 ms
24) [14,11],  20012 ms
25) [11,6],  4706 ms
26) [11,7],  6436 ms
27) [6,9],  4086 ms
28) [7,5],  9536 ms
29) [8,6],  3026 ms
30) [10,4],  8996 ms
31) [6,6],  2777 ms
32) [7,7],  12067 ms
33) [7,6],  7918 ms
34) [5,6],  11120 ms
35) [14,9],  4832 ms
36) [12,5],  20020 ms
37) [12,4],  2493 ms
38) [15,9],  8520 ms
39) [13,8],  6573 ms
40) [12,7],  5821 ms
41) [14,7],  5626 ms
42) [14,6],  11804 ms
43) [16,11],  4057 ms
44) [15,10],  7652 ms
45) [16,9],  3366 ms
46) [17,10],  9759 ms
47) [15,11],  3755 ms
48) [16,12],  17859 ms
49) [6,7],  3220 ms
50) [6,8],  12326 ms
51) [14,5],  1833 ms
52) [15,6],  12533 ms
53) [15,7],  1360 ms
54) [16,7],  16013 ms
55) [15,4],  2296 ms
56) [4,10],  10521 ms
57) [3,11],  1964 ms
58) [12,14],  6749 ms
59) [10,12],  1688 ms
60) [17,11],  14965 ms
61) [18,12],  1459 ms
62) [15,13],  27 ms
63) [18,10],  29 ms
64) [12,13],  27 ms
65) [12,12],  28 ms
66) [14,14],  25 ms
67) [13,15],  25 ms
68) [11,14],  26 ms
69) [13,12],  25 ms
70) [13,14],  26 ms
71) [15,14],  25 ms
72) [10,14],  25 ms

pela 20.0 wins

pela 20.0:  4760 ms/turn
pela 20.0:  8572 ms/turn
