 0) [9,11],  27 ms
 1) [8,12],  26 ms
 2) [9,10],  26 ms
 3) [9,9],  26 ms
 4) [10,11],  14174 ms
 5) [11,11],  26 ms
 6) [11,9],  20009 ms
 7) [11,12],  10337 ms
 8) [12,12],  6882 ms
 9) [12,8],  19997 ms
10) [13,8],  11839 ms
11) [11,10],  18986 ms
12) [11,13],  16551 ms
13) [10,14],  9727 ms
14) [9,13],  15796 ms
15) [12,14],  6352 ms
16) [9,14],  11314 ms
17) [9,12],  26 ms
18) [13,11],  11903 ms
19) [12,10],  17544 ms
20) [10,12],  6266 ms
21) [14,10],  7255 ms
22) [13,10],  4949 ms
23) [13,9],  5980 ms
24) [11,7],  3034 ms
25) [8,10],  20011 ms
26) [15,11],  7703 ms
27) [16,11],  5820 ms
28) [6,12],  7103 ms
29) [6,11],  7810 ms
30) [12,7],  6075 ms
31) [11,8],  6271 ms
32) [8,8],  5221 ms
33) [11,6],  9982 ms
34) [8,14],  4471 ms
35) [7,15],  20005 ms
36) [7,8],  1197 ms
37) [8,9],  11582 ms
38) [8,11],  1562 ms
39) [7,13],  20004 ms
40) [15,12],  1586 ms
41) [7,12],  8083 ms
42) [7,11],  1330 ms
43) [5,10],  7272 ms
44) [8,13],  949 ms
45) [5,12],  4771 ms
46) [9,8],  1730 ms
47) [7,10],  187 ms
48) [4,13],  24 ms
49) [4,9],  130 ms
50) [3,8],  24 ms
51) [5,8],  331 ms
52) [10,13],  2603 ms
53) [12,13],  24 ms
54) [10,9],  2239 ms
55) [10,10],  24 ms
56) [5,9],  1275 ms
57) [7,14],  29 ms
58) [7,16],  24 ms
59) [4,11],  29 ms
60) [6,13],  25 ms
61) [4,10],  24 ms
62) [6,10],  25 ms
63) [4,8],  24 ms
64) [4,12],  24 ms
65) [4,7],  25 ms

pela 20.0 wins

pela 20.0:  5089 ms/turn
pela 20.0:  6627 ms/turn
