 0) [12,10],  27 ms
 1) [13,10],  28 ms
 2) [14,9],  28 ms
 3) [13,9],  27 ms
 4) [13,8],  27 ms
 5) [12,7],  27 ms
 6) [14,12],  6137 ms
 7) [14,10],  6888 ms
 8) [11,7],  17938 ms
 9) [10,8],  12090 ms
10) [16,10],  15072 ms
11) [16,11],  11736 ms
12) [11,8],  10092 ms
13) [11,10],  16203 ms
14) [16,12],  15821 ms
15) [15,13],  9911 ms
16) [10,7],  19991 ms
17) [9,6],  17594 ms
18) [14,8],  7711 ms
19) [15,8],  10528 ms
20) [14,7],  12178 ms
21) [14,6],  12006 ms
22) [8,7],  15347 ms
23) [15,12],  4482 ms
24) [15,11],  18427 ms
25) [13,13],  7308 ms
26) [14,13],  12557 ms
27) [9,7],  10153 ms
28) [9,5],  6787 ms
29) [8,4],  8714 ms
30) [13,12],  20001 ms
31) [17,9],  3388 ms
32) [15,7],  7232 ms
33) [11,6],  4424 ms
34) [8,6],  14125 ms
35) [9,3],  3262 ms
36) [8,3],  8527 ms
37) [13,7],  3147 ms
38) [12,6],  10986 ms
39) [15,15],  1973 ms
40) [15,16],  12060 ms
41) [16,14],  2667 ms
42) [14,16],  20027 ms
43) [17,16],  2130 ms
44) [17,15],  20042 ms
45) [9,4],  2042 ms
46) [10,2],  14724 ms
47) [8,8],  1495 ms
48) [6,5],  20006 ms
49) [7,6],  2755 ms
50) [7,9],  19298 ms
51) [10,4],  2244 ms
52) [11,4],  14189 ms
53) [8,5],  2426 ms
54) [6,7],  12400 ms
55) [7,4],  1064 ms
56) [6,4],  26 ms
57) [6,6],  1310 ms
58) [7,5],  13271 ms
59) [13,16],  1587 ms
60) [12,12],  19997 ms
61) [11,12],  2328 ms
62) [10,10],  18147 ms
63) [12,13],  1725 ms
64) [13,14],  12190 ms
65) [14,15],  530 ms
66) [15,14],  19994 ms
67) [15,5],  881 ms
68) [12,11],  20010 ms
69) [16,15],  26 ms
70) [12,8],  10621 ms
71) [12,9],  27 ms
72) [12,15],  6119 ms
73) [10,11],  1513 ms
74) [9,10],  17229 ms
75) [11,16],  1328 ms
76) [8,2],  8038 ms
77) [5,3],  1150 ms
78) [5,2],  9165 ms
79) [17,7],  650 ms
80) [16,6],  8576 ms
81) [9,2],  527 ms
82) [9,12],  11220 ms
83) [9,11],  358 ms
84) [8,11],  3656 ms
85) [7,12],  778 ms
86) [16,17],  4295 ms
87) [10,13],  257 ms
88) [11,13],  9379 ms
89) [15,17],  609 ms
90) [4,5],  3222 ms
91) [5,5],  318 ms
92) [7,7],  2383 ms
93) [16,13],  313 ms
94) [14,11],  26 ms
95) [16,4],  420 ms
96) [17,3],  26 ms
97) [6,8],  386 ms
98) [7,8],  7235 ms
99) [9,1],  132 ms
100) [9,0],  27 ms
101) [10,3],  124 ms
102) [11,2],  26 ms
103) [5,6],  158 ms
104) [7,10],  680 ms
105) [7,11],  28 ms
106) [6,9],  255 ms
107) [5,8],  27 ms
108) [5,7],  1016 ms
109) [4,7],  27 ms
110) [8,9],  170 ms
111) [5,9],  252 ms
112) [6,10],  37 ms
113) [8,10],  27 ms
114) [4,11],  31 ms
115) [5,10],  28 ms
116) [6,11],  30 ms
117) [9,8],  27 ms
118) [6,13],  35 ms
119) [6,12],  27 ms
120) [9,9],  28 ms
121) [10,9],  27 ms
122) [5,12],  27 ms
123) [4,13],  27 ms
124) [3,10],  27 ms
125) [7,14],  27 ms
126) [2,9],  28 ms

pela 20.0 wins

pela 20.0:  2836 ms/turn
pela 20.0:  8734 ms/turn
