 0) [8,11],  28 ms
 1) [8,10],  27 ms
 2) [9,10],  28 ms
 3) [9,11],  28 ms
 4) [7,12],  28 ms
 5) [6,13],  28 ms
 6) [7,14],  19993 ms
 7) [7,15],  7975 ms
 8) [10,12],  19031 ms
 9) [11,12],  8098 ms
10) [10,13],  20013 ms
11) [10,11],  15342 ms
12) [8,13],  17269 ms
13) [9,14],  5979 ms
14) [10,15],  14467 ms
15) [9,12],  6084 ms
16) [11,14],  6303 ms
17) [10,16],  13765 ms
18) [13,14],  11842 ms
19) [12,13],  16805 ms
20) [9,15],  10149 ms
21) [12,15],  7756 ms
22) [13,16],  5393 ms
23) [10,8],  6831 ms
24) [12,11],  7928 ms
25) [14,14],  6306 ms
26) [11,9],  6789 ms
27) [13,13],  14326 ms
28) [12,16],  5818 ms
29) [14,13],  7263 ms
30) [15,13],  5016 ms
31) [14,12],  984 ms
32) [14,15],  2190 ms
33) [14,10],  512 ms
34) [14,11],  26 ms
35) [12,14],  34 ms
36) [11,15],  26 ms
37) [15,11],  35 ms
38) [16,10],  25 ms
39) [13,9],  47 ms
40) [11,8],  3934 ms
41) [10,9],  25 ms
42) [12,8],  3165 ms
43) [12,12],  31 ms
44) [11,11],  2920 ms
45) [13,11],  67 ms
46) [15,9],  89 ms
47) [13,12],  62 ms
48) [15,12],  26 ms
49) [13,10],  25 ms

pela 20.0 wins

pela 20.0:  6499 ms/turn
pela 20.0:  4737 ms/turn
