 0) [8,8],  29 ms
 1) [9,7],  27 ms
 2) [8,9],  26 ms
 3) [8,10],  27 ms
 4) [7,8],  20001 ms
 5) [9,8],  28 ms
 6) [9,11],  7849 ms
 7) [10,11],  11542 ms
 8) [9,6],  15774 ms
 9) [8,7],  7661 ms
10) [11,10],  12373 ms
11) [7,5],  19392 ms
12) [6,4],  17739 ms
13) [5,7],  14897 ms
14) [7,7],  5580 ms
15) [6,6],  9392 ms
16) [4,8],  12422 ms
17) [6,8],  16288 ms
18) [4,6],  10350 ms
19) [7,9],  14071 ms
20) [10,10],  6049 ms
21) [11,11],  6338 ms
22) [4,7],  5965 ms
23) [4,5],  18824 ms
24) [6,5],  4732 ms
25) [3,8],  10428 ms
26) [3,6],  4455 ms
27) [5,5],  10210 ms
28) [5,6],  4310 ms
29) [8,4],  5468 ms
30) [9,3],  27 ms
31) [9,10],  6594 ms
32) [10,4],  2518 ms
33) [8,3],  6944 ms
34) [10,2],  2352 ms
35) [10,3],  12252 ms
36) [9,1],  5391 ms
37) [8,2],  11827 ms
38) [8,5],  2847 ms
39) [11,3],  20006 ms
40) [8,1],  5623 ms
41) [6,3],  17354 ms
42) [2,6],  1661 ms
43) [1,6],  25 ms
44) [1,7],  4572 ms
45) [3,7],  15392 ms
46) [4,4],  2673 ms
47) [3,5],  12771 ms
48) [11,9],  2538 ms
49) [12,8],  6986 ms
50) [7,1],  1440 ms
51) [10,1],  8382 ms
52) [4,9],  1117 ms
53) [4,10],  24 ms
54) [5,1],  2299 ms
55) [6,1],  24 ms
56) [9,4],  2384 ms
57) [9,2],  15000 ms
58) [7,13],  2129 ms
59) [8,12],  31 ms
60) [5,4],  690 ms
61) [3,4],  8114 ms
62) [2,5],  1728 ms
63) [1,4],  6776 ms
64) [5,8],  1475 ms
65) [6,9],  25 ms
66) [6,10],  560 ms
67) [11,8],  6604 ms
68) [7,6],  773 ms
69) [6,7],  25 ms
70) [10,9],  1076 ms
71) [13,8],  7408 ms
72) [10,8],  26 ms
73) [14,8],  11170 ms
74) [15,8],  26 ms
75) [13,9],  19999 ms
76) [12,10],  906 ms
77) [10,6],  8193 ms
78) [11,7],  792 ms
79) [13,6],  4723 ms
80) [12,9],  668 ms
81) [9,9],  27 ms
82) [4,3],  583 ms
83) [3,2],  26 ms
84) [13,10],  153 ms
85) [14,10],  26 ms
86) [13,11],  165 ms
87) [14,12],  26 ms
88) [13,5],  37 ms
89) [11,0],  26 ms
90) [7,4],  26 ms
91) [14,9],  27 ms
92) [14,11],  26 ms
93) [11,4],  28 ms
94) [12,5],  26 ms
95) [11,2],  27 ms
96) [11,1],  26 ms
97) [11,6],  27 ms
98) [11,5],  27 ms
99) [12,7],  26 ms
100) [15,10],  27 ms
101) [10,5],  27 ms

pela 20.0 wins

pela 20.0:  3471 ms/turn
pela 20.0:  6892 ms/turn
