 0) [11,12],  28 ms
 1) [10,12],  27 ms
 2) [9,13],  27 ms
 3) [10,13],  27 ms
 4) [10,14],  27 ms
 5) [11,15],  28 ms
 6) [9,12],  19991 ms
 7) [9,10],  20005 ms
 8) [7,11],  19032 ms
 9) [9,15],  10365 ms
10) [10,10],  20012 ms
11) [8,12],  8698 ms
12) [12,15],  8128 ms
13) [10,16],  14385 ms
14) [8,14],  9938 ms
15) [7,14],  7590 ms
16) [9,17],  8480 ms
17) [7,16],  6600 ms
18) [7,15],  6772 ms
19) [6,14],  10438 ms
20) [5,14],  20007 ms
21) [11,13],  10160 ms
22) [9,16],  17841 ms
23) [5,15],  4583 ms
24) [7,13],  19998 ms
25) [11,16],  12481 ms
26) [10,18],  20019 ms
27) [6,17],  10656 ms
28) [5,16],  14000 ms
29) [6,18],  3419 ms
30) [5,18],  16058 ms
31) [9,14],  8008 ms
32) [8,15],  25 ms
33) [8,16],  5352 ms
34) [7,17],  20001 ms
35) [5,17],  3831 ms
36) [6,12],  10174 ms
37) [5,11],  5426 ms
38) [4,16],  10474 ms
39) [3,16],  4084 ms
40) [10,15],  8861 ms
41) [8,9],  3045 ms
42) [12,13],  33 ms
43) [11,14],  2786 ms
44) [11,17],  25 ms
45) [12,17],  2192 ms
46) [8,10],  20010 ms
47) [9,9],  2268 ms
48) [9,8],  6542 ms
49) [10,17],  3364 ms
50) [8,7],  6220 ms
51) [7,6],  2837 ms
52) [7,9],  20006 ms
53) [7,10],  1775 ms
54) [10,8],  11973 ms
55) [10,9],  2221 ms
56) [11,8],  20004 ms
57) [12,8],  1088 ms
58) [7,8],  128 ms
59) [8,8],  26 ms
60) [9,6],  136 ms
61) [10,5],  1747 ms
62) [12,9],  96 ms
63) [10,7],  795 ms
64) [12,12],  44 ms
65) [12,14],  842 ms
66) [5,13],  28 ms
67) [4,14],  27 ms
68) [5,10],  26 ms
69) [6,9],  27 ms
70) [8,13],  26 ms
71) [6,13],  26 ms
72) [12,10],  27 ms
73) [12,11],  27 ms
74) [11,10],  26 ms
75) [10,11],  26 ms
76) [11,9],  27 ms
77) [11,11],  26 ms
78) [9,7],  26 ms
79) [13,11],  27 ms
80) [8,6],  26 ms

pela 20.0 wins

pela 20.0:  4283 ms/turn
pela 20.0:  8178 ms/turn
