 0) [10,8],  27 ms
 1) [10,9],  29 ms
 2) [11,10],  28 ms
 3) [11,9],  44 ms
 4) [9,9],  27 ms
 5) [8,10],  27 ms
 6) [13,8],  20003 ms
 7) [11,8],  16158 ms
 8) [8,11],  17302 ms
 9) [9,12],  14033 ms
10) [11,6],  6908 ms
11) [12,6],  12077 ms
12) [9,11],  9813 ms
13) [11,11],  10877 ms
14) [13,6],  20003 ms
15) [14,7],  13493 ms
16) [8,12],  20046 ms
17) [7,13],  8035 ms
18) [9,8],  7921 ms
19) [9,7],  15030 ms
20) [8,8],  13250 ms
21) [7,8],  4450 ms
22) [8,14],  17226 ms
23) [13,7],  5433 ms
24) [12,7],  16616 ms
25) [10,5],  4512 ms
26) [14,8],  12506 ms
27) [14,11],  10839 ms
28) [8,7],  20002 ms
29) [8,9],  6940 ms
30) [9,14],  11936 ms
31) [8,13],  4868 ms
32) [10,11],  6639 ms
33) [10,14],  5666 ms
34) [13,10],  19999 ms
35) [14,9],  3331 ms
36) [13,9],  9139 ms
37) [13,12],  6015 ms
38) [12,12],  7104 ms
39) [7,14],  2101 ms
40) [6,15],  12117 ms
41) [10,4],  2726 ms
42) [11,5],  13366 ms
43) [11,4],  2861 ms
44) [10,3],  14165 ms
45) [15,7],  2607 ms
46) [14,6],  20004 ms
47) [7,7],  3456 ms
48) [7,11],  6614 ms
49) [6,11],  24 ms
50) [9,10],  17497 ms
51) [9,5],  33 ms
52) [11,3],  6505 ms
53) [7,6],  29 ms
54) [7,5],  12813 ms
55) [7,10],  30 ms
56) [7,9],  27 ms
57) [6,13],  29 ms
58) [5,13],  26 ms
59) [5,12],  27 ms
60) [4,13],  26 ms
61) [4,11],  27 ms
62) [8,15],  27 ms
63) [3,10],  26 ms

pela 20.0 wins

pela 20.0:  4869 ms/turn
pela 20.0:  10 s/turn
