 0) [12,9],  28 ms
 1) [13,8],  29 ms
 2) [12,10],  28 ms
 3) [12,11],  28 ms
 4) [11,9],  20010 ms
 5) [10,9],  32 ms
 6) [10,11],  6050 ms
 7) [13,11],  15941 ms
 8) [13,12],  6769 ms
 9) [9,12],  20009 ms
10) [9,13],  10736 ms
11) [11,11],  20011 ms
12) [14,11],  15784 ms
13) [15,10],  8556 ms
14) [14,9],  20003 ms
15) [15,12],  5650 ms
16) [15,9],  12029 ms
17) [13,9],  27 ms
18) [12,13],  16847 ms
19) [11,12],  15682 ms
20) [13,10],  17764 ms
21) [11,14],  6929 ms
22) [11,13],  18505 ms
23) [10,13],  6221 ms
24) [8,11],  16196 ms
25) [11,8],  4605 ms
26) [12,15],  7315 ms
27) [12,16],  5495 ms
28) [13,6],  8684 ms
29) [12,6],  5127 ms
30) [8,12],  7369 ms
31) [9,11],  5605 ms
32) [9,8],  6771 ms
33) [10,14],  3940 ms
34) [9,14],  11197 ms
35) [8,14],  7370 ms
36) [10,16],  8064 ms
37) [16,10],  2494 ms
38) [17,10],  16290 ms
39) [8,10],  4146 ms
40) [12,5],  20003 ms
41) [11,4],  6046 ms
42) [12,8],  6585 ms
43) [14,6],  3348 ms
44) [10,5],  20006 ms
45) [9,5],  2685 ms
46) [7,9],  9423 ms
47) [7,12],  1878 ms
48) [6,10],  20018 ms
49) [5,9],  3782 ms
50) [8,8],  10506 ms
51) [9,7],  3461 ms
52) [7,8],  8099 ms
53) [6,8],  2995 ms
54) [7,7],  493 ms
55) [7,10],  2554 ms
56) [7,5],  33 ms
57) [7,6],  26 ms
58) [6,6],  57 ms
59) [9,9],  2212 ms
60) [5,5],  34 ms
61) [4,4],  26 ms
62) [5,7],  30 ms
63) [8,4],  1864 ms
64) [4,8],  24 ms
65) [3,9],  25 ms
66) [5,11],  12424 ms
67) [4,12],  26 ms
68) [9,4],  16298 ms
69) [6,12],  32 ms
70) [7,11],  6129 ms
71) [11,7],  31 ms
72) [10,8],  27 ms
73) [11,6],  32 ms
74) [11,5],  26 ms
75) [2,9],  30 ms
76) [4,9],  20008 ms
77) [5,12],  27 ms
78) [3,12],  27 ms
79) [4,11],  27 ms
80) [3,10],  26 ms
81) [4,13],  27 ms
82) [4,14],  27 ms
83) [6,11],  26 ms
84) [8,9],  27 ms
85) [3,14],  26 ms

pela 20.0 wins

pela 20.0:  3932 ms/turn
pela 20.0:  8762 ms/turn
