 0) [12,11],  28 ms
 1) [12,12],  29 ms
 2) [13,11],  28 ms
 3) [14,11],  28 ms
 4) [12,10],  18736 ms
 5) [11,9],  9932 ms
 6) [12,7],  19993 ms
 7) [12,8],  8744 ms
 8) [10,10],  6484 ms
 9) [11,10],  6215 ms
10) [11,8],  15117 ms
11) [13,6],  14038 ms
12) [14,6],  6395 ms
13) [13,9],  19991 ms
14) [14,9],  11068 ms
15) [13,8],  20015 ms
16) [13,7],  6123 ms
17) [14,7],  8524 ms
18) [12,9],  5381 ms
19) [10,7],  8822 ms
20) [10,6],  11561 ms
21) [13,12],  19992 ms
22) [11,12],  4356 ms
23) [13,10],  27 ms
24) [15,10],  9727 ms
25) [16,10],  9839 ms
26) [16,12],  9290 ms
27) [16,8],  9154 ms
28) [15,8],  2610 ms
29) [9,10],  17403 ms
30) [14,10],  7432 ms
31) [13,13],  18567 ms
32) [15,11],  6453 ms
33) [15,9],  15262 ms
34) [15,13],  2477 ms
35) [14,14],  20002 ms
36) [15,15],  2175 ms
37) [17,13],  20013 ms
38) [16,15],  4158 ms
39) [16,14],  20004 ms
40) [14,15],  28 ms
41) [13,15],  19992 ms
42) [15,14],  25 ms
43) [15,12],  25 ms
44) [17,16],  27 ms
45) [18,17],  26 ms
46) [15,16],  25 ms
47) [15,17],  25 ms
48) [13,14],  26 ms
49) [12,13],  25 ms
50) [17,15],  26 ms
51) [18,15],  25 ms
52) [17,18],  25 ms
53) [16,17],  25 ms
54) [17,17],  25 ms
55) [17,19],  25 ms
56) [17,14],  25 ms

pela 20.0 wins

pela 20.0:  5166 ms/turn
pela 20.0:  9527 ms/turn
