 0) [9,11],  28 ms
 1) [10,11],  29 ms
 2) [8,10],  28 ms
 3) [10,12],  54 ms
 4) [10,10],  19998 ms
 5) [8,12],  29 ms
 6) [11,12],  7413 ms
 7) [9,9],  10298 ms
 8) [12,10],  20005 ms
 9) [11,10],  16039 ms
10) [9,12],  12172 ms
11) [9,8],  7274 ms
12) [9,7],  17861 ms
13) [9,14],  19997 ms
14) [10,14],  10107 ms
15) [11,9],  9763 ms
16) [10,9],  13258 ms
17) [12,9],  8164 ms
18) [13,8],  14540 ms
19) [10,6],  8745 ms
20) [14,9],  20020 ms
21) [12,7],  14216 ms
22) [11,6],  20001 ms
23) [15,8],  4550 ms
24) [11,14],  13107 ms
25) [11,15],  4781 ms
26) [14,11],  17561 ms
27) [12,15],  10871 ms
28) [14,8],  556 ms
29) [14,10],  7479 ms
30) [13,9],  1728 ms
31) [15,7],  6790 ms
32) [13,11],  304 ms
33) [13,10],  5120 ms
34) [16,11],  31 ms
35) [15,11],  4046 ms
36) [15,10],  27 ms
37) [17,12],  29 ms
38) [16,9],  29 ms
39) [13,12],  40 ms
40) [16,10],  29 ms
41) [16,12],  26 ms
42) [15,9],  27 ms
43) [17,9],  27 ms
44) [13,7],  30 ms
45) [17,11],  62 ms
46) [12,6],  27 ms

pela 20.0 wins

pela 20.0:  6018 ms/turn
pela 20.0:  7870 ms/turn
