 0) [11,10],  27 ms
 1) [10,10],  27 ms
 2) [9,9],  26 ms
 3) [10,9],  31 ms
 4) [10,8],  26 ms
 5) [11,7],  27 ms
 6) [9,12],  18054 ms
 7) [9,10],  17812 ms
 8) [12,7],  17446 ms
 9) [13,8],  14468 ms
10) [11,8],  12895 ms
11) [8,8],  10291 ms
12) [8,7],  20012 ms
13) [9,11],  19622 ms
14) [11,9],  11259 ms
15) [11,11],  16810 ms
16) [10,11],  9437 ms
17) [12,9],  5680 ms
18) [10,5],  5980 ms
19) [9,6],  7641 ms
20) [6,12],  19998 ms
21) [8,13],  4133 ms
22) [12,5],  8586 ms
23) [11,5],  6584 ms
24) [13,9],  10186 ms
25) [7,12],  10983 ms
26) [8,11],  10656 ms
27) [8,14],  4833 ms
28) [9,14],  12494 ms
29) [12,12],  8712 ms
30) [8,12],  20005 ms
31) [7,11],  7484 ms
32) [7,10],  19301 ms
33) [6,9],  6395 ms
34) [10,6],  12237 ms
35) [10,3],  3115 ms
36) [6,11],  8797 ms
37) [10,13],  2209 ms
38) [11,13],  13736 ms
39) [9,3],  1565 ms
40) [11,3],  20025 ms
41) [10,7],  2490 ms
42) [8,2],  20011 ms
43) [7,9],  2358 ms
44) [6,8],  20018 ms
45) [9,4],  2516 ms
46) [9,5],  9872 ms
47) [8,6],  1300 ms
48) [12,14],  18826 ms
49) [7,15],  3269 ms
50) [7,14],  20020 ms
51) [5,12],  2809 ms
52) [5,9],  20048 ms
53) [7,4],  1345 ms
54) [8,5],  14717 ms
55) [6,15],  2204 ms
56) [9,13],  6406 ms
57) [9,16],  1126 ms
58) [4,10],  1074 ms
59) [3,11],  1739 ms
60) [5,10],  501 ms
61) [6,10],  1005 ms
62) [6,5],  94 ms
63) [7,5],  27 ms
64) [5,11],  47 ms
65) [13,13],  866 ms
66) [14,14],  26 ms
67) [3,9],  498 ms
68) [7,6],  34 ms
69) [5,4],  681 ms
70) [5,8],  28 ms
71) [5,7],  28 ms
72) [4,9],  28 ms
73) [6,7],  28 ms
74) [3,8],  29 ms
75) [2,7],  28 ms
76) [4,8],  28 ms
77) [7,8],  36 ms
78) [2,8],  44 ms

pela 20.0 wins

pela 20.0:  4430 ms/turn
pela 20.0:  9575 ms/turn
