 0) [11,12],  28 ms
 1) [10,12],  28 ms
 2) [11,13],  27 ms
 3) [11,14],  28 ms
 4) [12,12],  7031 ms
 5) [13,11],  19995 ms
 6) [15,12],  18815 ms
 7) [14,12],  7287 ms
 8) [12,10],  20014 ms
 9) [12,11],  6792 ms
10) [15,11],  5734 ms
11) [15,10],  15147 ms
12) [14,10],  13962 ms
13) [16,12],  19999 ms
14) [13,12],  6798 ms
15) [9,12],  20010 ms
16) [9,11],  8311 ms
17) [8,14],  20010 ms
18) [9,14],  14212 ms
19) [8,13],  18783 ms
20) [8,11],  9608 ms
21) [7,11],  12820 ms
22) [10,11],  4472 ms
23) [9,10],  19992 ms
24) [7,13],  10172 ms
25) [11,9],  11529 ms
26) [9,13],  3658 ms
27) [6,12],  7189 ms
28) [8,12],  8174 ms
29) [6,14],  11848 ms
30) [5,13],  2071 ms
31) [14,9],  17799 ms
32) [13,8],  2011 ms
33) [6,15],  20007 ms
34) [6,13],  3692 ms
35) [15,13],  14353 ms
36) [16,14],  2106 ms
37) [14,14],  20006 ms
38) [13,15],  1851 ms
39) [4,13],  15959 ms
40) [7,14],  1929 ms
41) [17,11],  14526 ms
42) [18,10],  27 ms
43) [7,16],  11625 ms
44) [5,14],  1726 ms
45) [8,15],  20002 ms
46) [8,17],  2539 ms
47) [13,14],  12521 ms
48) [12,14],  4426 ms
49) [9,15],  9198 ms
50) [7,15],  3802 ms
51) [12,16],  10893 ms
52) [16,13],  2948 ms
53) [5,12],  20010 ms
54) [6,11],  1598 ms
55) [3,14],  7554 ms
56) [3,12],  1728 ms
57) [8,16],  20010 ms
58) [6,16],  2174 ms
59) [12,15],  20001 ms
60) [4,15],  2063 ms
61) [7,12],  27 ms
62) [3,16],  1754 ms
63) [2,17],  26 ms
64) [11,16],  883 ms
65) [11,15],  17466 ms
66) [10,15],  27 ms
67) [13,16],  143 ms
68) [10,13],  26 ms
69) [14,17],  294 ms
70) [15,18],  27 ms
71) [14,16],  106 ms
72) [13,13],  687 ms
73) [12,13],  26 ms
74) [14,15],  823 ms
75) [13,17],  41 ms
76) [14,18],  396 ms
77) [12,17],  29 ms
78) [11,17],  27 ms
79) [12,18],  27 ms
80) [12,19],  26 ms
81) [15,17],  28 ms
82) [16,17],  25 ms
83) [15,15],  27 ms
84) [11,19],  27 ms
85) [15,16],  27 ms
86) [16,16],  28 ms
87) [15,14],  27 ms

pela 20.0 wins

pela 20.0:  3919 ms/turn
pela 20.0:  10 s/turn
