 0) [12,9],  26 ms
 1) [13,8],  26 ms
 2) [13,10],  26 ms
 3) [11,8],  26 ms
 4) [14,10],  27 ms
 5) [11,9],  26 ms
 6) [14,8],  26 ms
 7) [11,10],  26 ms
 8) [11,7],  20011 ms
 9) [14,9],  8952 ms
10) [11,11],  20011 ms
11) [13,9],  14354 ms
12) [10,9],  20002 ms
13) [16,10],  19997 ms
14) [12,6],  13608 ms
15) [10,8],  10847 ms
16) [9,8],  19461 ms
17) [11,5],  17966 ms
18) [14,11],  7576 ms
19) [13,11],  7103 ms
20) [12,10],  14040 ms
21) [12,7],  12372 ms
22) [11,6],  13370 ms
23) [16,13],  10752 ms
24) [16,11],  8406 ms
25) [13,6],  5110 ms
26) [13,7],  14402 ms
27) [8,9],  4651 ms
28) [9,5],  8657 ms
29) [10,6],  3089 ms
30) [12,4],  12576 ms
31) [8,6],  3015 ms
32) [9,7],  13985 ms
33) [9,6],  7983 ms
34) [7,6],  11325 ms
35) [16,9],  4801 ms
36) [14,5],  20006 ms
37) [14,4],  2306 ms
38) [17,9],  13119 ms
39) [8,7],  3729 ms
40) [8,8],  9064 ms
41) [13,12],  4543 ms
42) [6,10],  20060 ms
43) [5,11],  4892 ms
44) [17,10],  16159 ms
45) [18,9],  4788 ms
46) [9,4],  15124 ms
47) [8,5],  1289 ms
48) [7,4],  20037 ms
49) [7,3],  1730 ms
50) [8,3],  18574 ms
51) [10,5],  1485 ms
52) [11,4],  14183 ms
53) [10,4],  2043 ms
54) [10,7],  27 ms
55) [9,2],  1690 ms
56) [4,7],  19994 ms
57) [6,5],  2969 ms
58) [10,2],  15509 ms
59) [12,5],  1753 ms
60) [4,8],  9425 ms
61) [5,9],  2241 ms
62) [6,9],  9577 ms
63) [15,8],  659 ms
64) [14,7],  27 ms
65) [5,8],  1201 ms
66) [5,10],  28 ms
67) [4,10],  807 ms
68) [6,7],  275 ms
69) [6,8],  640 ms
70) [7,7],  28 ms
71) [3,11],  1473 ms
72) [2,12],  28 ms
73) [7,8],  1257 ms
74) [9,9],  28 ms
75) [10,10],  27 ms
76) [5,7],  27 ms
77) [3,7],  28 ms
78) [6,6],  28 ms
79) [5,5],  27 ms
80) [3,9],  27 ms
81) [7,5],  28 ms
82) [2,10],  27 ms

pela 20.0 wins

pela 20.0:  4212 ms/turn
pela 20.0:  9498 ms/turn
