 0) [11,8],  26 ms
 1) [12,7],  27 ms
 2) [12,9],  31 ms
 3) [10,7],  36 ms
 4) [13,8],  27 ms
 5) [11,10],  27 ms
 6) [9,7],  14771 ms
 7) [14,8],  12136 ms
 8) [9,8],  8682 ms
 9) [10,8],  14604 ms
10) [10,10],  9999 ms
11) [8,8],  12016 ms
12) [12,6],  17051 ms
13) [11,11],  7276 ms
14) [13,9],  18502 ms
15) [13,7],  20001 ms
16) [11,12],  15853 ms
17) [9,10],  6154 ms
18) [14,7],  7343 ms
19) [14,9],  18586 ms
20) [9,12],  7895 ms
21) [10,12],  16856 ms
22) [9,14],  3567 ms
23) [10,13],  17969 ms
24) [8,10],  10907 ms
25) [14,11],  6716 ms
26) [9,13],  2880 ms
27) [9,15],  6028 ms
28) [14,12],  2883 ms
29) [13,12],  11468 ms
30) [14,13],  5443 ms
31) [10,14],  252 ms
32) [15,6],  3103 ms
33) [16,5],  30 ms
34) [10,11],  2518 ms
35) [10,16],  58 ms
36) [10,15],  28 ms
37) [11,13],  71 ms
38) [12,12],  4187 ms
39) [8,16],  38 ms
40) [7,17],  27 ms
41) [12,14],  36 ms
42) [13,15],  2395 ms
43) [11,17],  30 ms
44) [12,18],  5980 ms
45) [8,14],  29 ms
46) [7,13],  29 ms
47) [11,15],  29 ms
48) [9,17],  29 ms
49) [11,16],  27 ms
50) [11,14],  26 ms
51) [9,16],  26 ms
52) [12,16],  27 ms
53) [7,16],  27 ms

pela 20.0 wins

pela 20.0:  5341 ms/turn
pela 20.0:  5576 ms/turn
