 0) [11,12],  29 ms
 1) [12,11],  29 ms
 2) [11,13],  29 ms
 3) [11,14],  29 ms
 4) [10,12],  9590 ms
 5) [12,12],  29 ms
 6) [12,15],  8927 ms
 7) [13,15],  11959 ms
 8) [12,10],  15259 ms
 9) [11,11],  7481 ms
10) [14,14],  13956 ms
11) [10,9],  18096 ms
12) [9,8],  18879 ms
13) [8,11],  12454 ms
14) [10,11],  4799 ms
15) [9,10],  8465 ms
16) [7,12],  8969 ms
17) [9,12],  12363 ms
18) [7,10],  7474 ms
19) [10,13],  10980 ms
20) [13,14],  4651 ms
21) [14,15],  20007 ms
22) [13,11],  4403 ms
23) [14,12],  20003 ms
24) [11,8],  4221 ms
25) [10,8],  20000 ms
26) [13,10],  7903 ms
27) [10,7],  16514 ms
28) [13,12],  2315 ms
29) [13,13],  30 ms
30) [10,10],  3481 ms
31) [14,10],  7744 ms
32) [9,11],  235 ms
33) [7,9],  18027 ms
34) [12,14],  191 ms
35) [8,10],  30 ms
36) [15,14],  320 ms
37) [16,14],  28 ms
38) [15,12],  88 ms
39) [10,6],  17341 ms
40) [10,5],  27 ms
41) [14,13],  10593 ms
42) [14,11],  37 ms
43) [12,9],  27 ms
44) [15,10],  51 ms
45) [16,9],  9751 ms
46) [15,11],  29 ms
47) [15,13],  28 ms
48) [16,13],  29 ms
49) [17,14],  30 ms
50) [13,8],  29 ms
51) [13,9],  29 ms
52) [16,11],  29 ms
53) [17,11],  29 ms
54) [14,9],  29 ms
55) [17,12],  28 ms
56) [12,7],  29 ms

pela 20.0 wins

pela 20.0:  4000 ms/turn
pela 20.0:  7933 ms/turn
