 0) [11,9],  25 ms
 1) [10,10],  26 ms
 2) [11,8],  25 ms
 3) [11,7],  25 ms
 4) [12,9],  20037 ms
 5) [13,9],  25 ms
 6) [13,7],  6250 ms
 7) [13,10],  9701 ms
 8) [14,10],  5688 ms
 9) [14,6],  20006 ms
10) [15,6],  10200 ms
11) [13,8],  19898 ms
12) [13,11],  13779 ms
13) [12,12],  7786 ms
14) [11,11],  19913 ms
15) [14,12],  5449 ms
16) [11,12],  9564 ms
17) [11,10],  26 ms
18) [15,9],  14661 ms
19) [14,8],  14203 ms
20) [12,10],  19889 ms
21) [16,8],  5259 ms
22) [15,8],  17871 ms
23) [15,7],  4125 ms
24) [13,5],  15803 ms
25) [10,8],  13364 ms
26) [8,10],  6842 ms
27) [8,9],  5273 ms
28) [17,9],  14234 ms
29) [18,9],  10685 ms
30) [17,6],  20007 ms
31) [13,4],  9141 ms
32) [15,4],  10099 ms
33) [16,5],  5582 ms
34) [16,6],  14262 ms
35) [18,6],  3199 ms
36) [12,7],  13910 ms
37) [12,8],  6592 ms
38) [10,12],  14314 ms
39) [9,13],  5241 ms
40) [15,3],  11802 ms
41) [15,5],  4773 ms
42) [16,3],  13687 ms
43) [18,5],  1977 ms
44) [17,5],  7825 ms
45) [17,3],  3625 ms
46) [8,5],  20009 ms
47) [18,4],  2431 ms
48) [18,3],  13379 ms
49) [9,11],  1970 ms
50) [10,6],  20010 ms
51) [9,6],  1685 ms
52) [14,2],  10995 ms
53) [14,5],  2571 ms
54) [14,7],  6680 ms
55) [13,6],  1223 ms
56) [13,3],  20004 ms
57) [12,4],  1098 ms
58) [9,8],  11885 ms
59) [16,4],  881 ms
60) [18,2],  25 ms
61) [8,12],  1293 ms
62) [17,7],  7581 ms
63) [17,8],  26 ms
64) [12,3],  8332 ms
65) [14,3],  25 ms
66) [9,10],  6785 ms
67) [7,11],  750 ms
68) [6,10],  12280 ms
69) [7,13],  460 ms
70) [6,14],  25 ms
71) [8,11],  385 ms
72) [7,10],  20001 ms
73) [5,10],  26 ms
74) [6,11],  15263 ms
75) [8,13],  32 ms
76) [6,13],  20009 ms
77) [6,12],  25 ms
78) [8,14],  18014 ms
79) [10,14],  26 ms
80) [11,15],  25 ms
81) [11,13],  25 ms
82) [10,13],  26 ms
83) [9,15],  26 ms
84) [8,16],  26 ms
85) [9,12],  26 ms
86) [9,14],  25 ms
87) [7,12],  26 ms
88) [5,12],  26 ms
89) [7,14],  24 ms
90) [10,11],  26 ms
91) [7,15],  26 ms

pela 20.0 wins

pela 20.0:  3718 ms/turn
pela 20.0:  10 s/turn
