 0) [11,12],  27 ms
 1) [12,12],  27 ms
 2) [11,11],  27 ms
 3) [11,10],  27 ms
 4) [10,12],  15236 ms
 5) [9,13],  7456 ms
 6) [7,12],  18830 ms
 7) [8,12],  9733 ms
 8) [10,14],  19998 ms
 9) [10,13],  6677 ms
10) [8,13],  16046 ms
11) [6,11],  13916 ms
12) [6,10],  9932 ms
13) [9,11],  19994 ms
14) [9,10],  14196 ms
15) [8,11],  20028 ms
16) [7,11],  7199 ms
17) [7,10],  10335 ms
18) [9,12],  11200 ms
19) [12,13],  8668 ms
20) [12,11],  9633 ms
21) [13,11],  15817 ms
22) [11,13],  8231 ms
23) [7,14],  12340 ms
24) [6,14],  5815 ms
25) [11,16],  20003 ms
26) [8,8],  3595 ms
27) [11,14],  20032 ms
28) [10,15],  5717 ms
29) [9,9],  8267 ms
30) [11,9],  2880 ms
31) [9,7],  9027 ms
32) [14,9],  4516 ms
33) [15,8],  20001 ms
34) [5,13],  3844 ms
35) [4,12],  19985 ms
36) [9,15],  1033 ms
37) [8,16],  13134 ms
38) [9,8],  1927 ms
39) [7,8],  8441 ms
40) [13,9],  1730 ms
41) [12,9],  20003 ms
42) [5,12],  916 ms
43) [10,16],  10803 ms
44) [12,16],  1761 ms
45) [14,8],  8120 ms
46) [13,8],  2201 ms
47) [12,7],  8428 ms
48) [12,6],  1928 ms
49) [13,14],  20001 ms
50) [12,15],  1590 ms
51) [11,15],  12972 ms
52) [12,14],  1291 ms
53) [15,10],  14505 ms
54) [13,15],  1238 ms
55) [14,16],  27 ms
56) [15,9],  1067 ms
57) [10,7],  2597 ms
58) [12,17],  706 ms
59) [12,18],  26 ms
60) [11,7],  503 ms
61) [14,11],  236 ms
62) [13,12],  27 ms
63) [13,10],  58 ms
64) [11,8],  26 ms
65) [14,10],  77 ms
66) [12,10],  26 ms
67) [17,10],  30 ms
68) [16,10],  26 ms
69) [15,12],  29 ms
70) [16,13],  27 ms
71) [16,11],  27 ms
72) [14,13],  26 ms
73) [11,17],  27 ms
74) [11,18],  26 ms
75) [17,11],  27 ms
76) [15,11],  26 ms
77) [7,16],  27 ms
78) [9,16],  26 ms
79) [17,9],  20004 ms
80) [10,8],  26 ms
81) [12,8],  27 ms
82) [13,5],  27 ms
83) [14,4],  27 ms
84) [11,6],  26 ms
85) [11,5],  27 ms
86) [13,6],  26 ms
87) [13,7],  27 ms
88) [10,6],  27 ms
89) [14,6],  26 ms
90) [9,6],  27 ms

pela 20.0 wins

pela 20.0:  3808 ms/turn
pela 20.0:  8045 ms/turn
