 0) [10,11],  29 ms
 1) [11,12],  28 ms
 2) [11,10],  30 ms
 3) [9,12],  29 ms
 4) [12,10],  27 ms
 5) [9,11],  27 ms
 6) [12,12],  27 ms
 7) [9,10],  58 ms
 8) [9,13],  20004 ms
 9) [12,11],  18483 ms
10) [9,9],  10577 ms
11) [11,11],  20005 ms
12) [8,11],  15935 ms
13) [14,10],  20007 ms
14) [10,14],  16012 ms
15) [8,12],  13150 ms
16) [7,12],  20026 ms
17) [9,15],  5922 ms
18) [12,9],  7313 ms
19) [11,9],  9080 ms
20) [10,10],  19983 ms
21) [10,13],  13314 ms
22) [9,14],  9816 ms
23) [14,7],  11419 ms
24) [14,9],  19998 ms
25) [11,14],  6912 ms
26) [11,13],  7031 ms
27) [6,11],  4739 ms
28) [12,7],  9666 ms
29) [12,6],  8123 ms
30) [11,8],  5685 ms
31) [10,9],  6955 ms
32) [13,7],  18608 ms
33) [10,7],  4954 ms
34) [12,16],  7167 ms
35) [13,17],  2053 ms
36) [9,8],  9513 ms
37) [7,13],  1727 ms
38) [6,14],  10217 ms
39) [13,6],  1728 ms
40) [12,15],  18229 ms
41) [12,14],  1923 ms
42) [15,8],  8673 ms
43) [13,8],  2572 ms
44) [10,6],  9985 ms
45) [8,8],  1369 ms
46) [9,5],  20002 ms
47) [9,7],  1864 ms
48) [4,14],  12397 ms
49) [5,14],  1895 ms
50) [6,16],  20001 ms
51) [8,14],  3094 ms
52) [6,12],  6246 ms
53) [5,13],  1031 ms
54) [5,12],  9914 ms
55) [4,12],  2119 ms
56) [11,16],  20004 ms
57) [10,15],  931 ms
58) [10,16],  10564 ms
59) [13,16],  2069 ms
60) [8,15],  15738 ms
61) [9,16],  933 ms
62) [12,13],  20002 ms
63) [6,17],  718 ms
64) [13,15],  19250 ms
65) [15,13],  621 ms
66) [7,18],  6616 ms
67) [8,18],  1436 ms
68) [8,6],  19994 ms
69) [8,4],  1238 ms
70) [15,9],  17061 ms
71) [13,9],  347 ms
72) [15,11],  19101 ms
73) [15,10],  480 ms
74) [16,10],  5434 ms
75) [17,9],  310 ms
76) [17,11],  38 ms
77) [14,8],  28 ms
78) [18,11],  85 ms
79) [16,11],  539 ms
80) [15,15],  33 ms
81) [14,15],  351 ms
82) [18,12],  31 ms
83) [19,13],  28 ms
84) [17,13],  31 ms
85) [16,14],  755 ms
86) [18,14],  35 ms
87) [18,13],  429 ms
88) [17,12],  29 ms
89) [17,14],  28 ms
90) [16,12],  27 ms
91) [19,15],  27 ms
92) [15,12],  27 ms
93) [19,12],  29 ms
94) [14,12],  29 ms

pela 20.0 wins

pela 20.0:  3742 ms/turn
pela 20.0:  9734 ms/turn
