 0) [9,12],  31 ms
 1) [10,11],  30 ms
 2) [10,13],  30 ms
 3) [8,11],  41 ms
 4) [11,12],  29 ms
 5) [9,14],  30 ms
 6) [7,11],  14158 ms
 7) [12,12],  11373 ms
 8) [8,12],  5996 ms
 9) [7,12],  12722 ms
10) [10,9],  11737 ms
11) [10,14],  15339 ms
12) [11,14],  20100 ms
13) [12,15],  14446 ms
14) [10,15],  6699 ms
15) [12,13],  18004 ms
16) [12,14],  11063 ms
17) [11,13],  6151 ms
18) [13,11],  20026 ms
19) [11,9],  13679 ms
20) [6,13],  20013 ms
21) [6,10],  3852 ms
22) [6,14],  20000 ms
23) [7,13],  7203 ms
24) [10,16],  8035 ms
25) [6,15],  4834 ms
26) [15,11],  20035 ms
27) [14,11],  7176 ms
28) [13,9],  5875 ms
29) [13,10],  4264 ms
30) [12,9],  10674 ms
31) [16,12],  8049 ms
32) [9,15],  20003 ms
33) [9,16],  7531 ms
34) [5,13],  11217 ms
35) [7,15],  3695 ms
36) [5,12],  7255 ms
37) [4,14],  2510 ms
38) [7,16],  20036 ms
39) [15,12],  2409 ms
40) [14,12],  8284 ms
41) [13,13],  3274 ms
42) [14,13],  12635 ms
43) [15,15],  969 ms
44) [14,14],  6553 ms
45) [14,15],  484 ms
46) [15,14],  20052 ms
47) [13,14],  29 ms
48) [13,15],  19133 ms
49) [15,16],  39 ms
50) [16,17],  29 ms
51) [17,14],  32 ms
52) [16,13],  29 ms
53) [16,15],  31 ms
54) [18,13],  20008 ms
55) [17,15],  28 ms
56) [18,15],  30 ms
57) [17,13],  29 ms
58) [17,12],  6045 ms
59) [14,16],  30 ms
60) [16,14],  54 ms
61) [17,16],  94 ms
62) [17,17],  29 ms
63) [16,16],  29 ms
64) [18,16],  27 ms
65) [13,16],  27 ms

pela 20.0 wins

pela 20.0:  4497 ms/turn
pela 20.0:  9876 ms/turn
