 0) [10,12],  27 ms
 1) [10,11],  27 ms
 2) [11,13],  26 ms
 3) [9,11],  28 ms
 4) [8,11],  17626 ms
 5) [10,13],  13609 ms
 6) [12,12],  19705 ms
 7) [13,11],  16026 ms
 8) [12,10],  6573 ms
 9) [13,9],  12374 ms
10) [12,11],  6662 ms
11) [12,13],  17167 ms
12) [13,10],  6309 ms
13) [11,12],  6778 ms
14) [13,14],  10386 ms
15) [12,9],  9218 ms
16) [11,10],  10062 ms
17) [10,10],  20026 ms
18) [11,9],  14674 ms
19) [15,10],  14993 ms
20) [14,14],  6534 ms
21) [13,12],  19788 ms
22) [14,11],  11628 ms
23) [9,10],  13478 ms
24) [8,9],  26 ms
25) [15,14],  8610 ms
26) [13,13],  619 ms
27) [15,15],  7311 ms
28) [14,13],  309 ms
29) [14,12],  8314 ms
30) [11,8],  217 ms
31) [11,7],  7479 ms
32) [15,12],  458 ms
33) [16,11],  7497 ms
34) [16,13],  49 ms
35) [17,14],  26 ms
36) [15,13],  45 ms
37) [17,13],  61 ms
38) [13,15],  80 ms
39) [12,16],  17998 ms
40) [12,15],  25 ms
41) [11,16],  56 ms
42) [14,16],  36 ms
43) [12,14],  58 ms
44) [13,16],  61 ms
45) [13,17],  25 ms
46) [14,17],  25 ms
47) [14,15],  24 ms
48) [15,18],  24 ms
49) [16,19],  25 ms
50) [11,14],  25 ms

pela 20.0 wins

pela 20.0:  4315 ms/turn
pela 20.0:  8039 ms/turn
