 0) [10,10],  29 ms
 1) [9,9],  29 ms
 2) [9,11],  28 ms
 3) [11,9],  30 ms
 4) [8,11],  29 ms
 5) [11,10],  29 ms
 6) [8,9],  29 ms
 7) [11,11],  29 ms
 8) [11,8],  20011 ms
 9) [8,10],  12004 ms
10) [11,12],  10344 ms
11) [9,10],  9638 ms
12) [12,10],  15735 ms
13) [6,11],  19108 ms
14) [10,7],  12515 ms
15) [12,9],  7036 ms
16) [13,9],  6215 ms
17) [11,6],  20068 ms
18) [8,12],  7190 ms
19) [9,12],  6761 ms
20) [10,11],  13717 ms
21) [10,8],  17621 ms
22) [7,11],  7270 ms
23) [7,13],  20006 ms
24) [13,12],  12424 ms
25) [12,6],  6100 ms
26) [11,7],  26 ms
27) [13,11],  19983 ms
28) [10,13],  1630 ms
29) [10,12],  11064 ms
30) [9,14],  49 ms
31) [8,15],  15007 ms
32) [9,13],  37 ms
33) [10,14],  10633 ms
34) [12,11],  29 ms
35) [13,10],  26 ms
36) [12,13],  29 ms
37) [11,13],  20015 ms
38) [12,12],  27 ms
39) [12,14],  28 ms
40) [14,11],  29 ms
41) [15,10],  10585 ms
42) [14,15],  28 ms
43) [13,14],  28 ms
44) [14,10],  29 ms
45) [12,8],  28 ms
46) [14,12],  27 ms
47) [15,12],  28 ms
48) [14,9],  28 ms
49) [14,13],  27 ms
50) [14,8],  27 ms

pela 20.0 wins

pela 20.0:  4135 ms/turn
pela 20.0:  8236 ms/turn
