 0) [9,12],  27 ms
 1) [9,13],  27 ms
 2) [8,11],  27 ms
 3) [10,13],  27 ms
 4) [11,13],  16931 ms
 5) [9,11],  7257 ms
 6) [7,12],  19724 ms
 7) [6,13],  16510 ms
 8) [7,14],  6756 ms
 9) [6,15],  8018 ms
10) [7,13],  6710 ms
11) [7,11],  17689 ms
12) [6,14],  6655 ms
13) [8,12],  20000 ms
14) [6,10],  7281 ms
15) [7,15],  10052 ms
16) [8,14],  10478 ms
17) [9,14],  20019 ms
18) [8,15],  15064 ms
19) [4,14],  9787 ms
20) [5,10],  5280 ms
21) [6,12],  7034 ms
22) [5,13],  10979 ms
23) [10,14],  13792 ms
24) [11,15],  27 ms
25) [4,10],  16239 ms
26) [6,11],  485 ms
27) [4,9],  7561 ms
28) [5,11],  277 ms
29) [5,12],  8216 ms
30) [8,16],  242 ms
31) [8,17],  6602 ms
32) [4,12],  445 ms
33) [3,13],  6630 ms
34) [3,11],  51 ms
35) [2,10],  68 ms
36) [4,11],  47 ms
37) [2,11],  27 ms
38) [6,9],  33 ms
39) [7,8],  17622 ms
40) [7,9],  27 ms
41) [8,8],  27 ms
42) [5,8],  26 ms
43) [7,10],  27 ms
44) [6,8],  27 ms
45) [6,7],  27 ms
46) [5,7],  27 ms
47) [5,9],  27 ms
48) [4,6],  26 ms
49) [8,10],  27 ms
50) [3,5],  27 ms

pela 20.0 wins

pela 20.0:  4141 ms/turn
pela 20.0:  7732 ms/turn
