 0) [10,12],  28 ms
 1) [9,11],  27 ms
 2) [11,11],  27 ms
 3) [9,13],  35 ms
 4) [10,10],  28 ms
 5) [12,12],  27 ms
 6) [9,12],  9718 ms
 7) [11,10],  10269 ms
 8) [14,8],  7080 ms
 9) [13,11],  20009 ms
10) [14,10],  9033 ms
11) [13,9],  7284 ms
12) [13,12],  8046 ms
13) [14,11],  8221 ms
14) [12,9],  20043 ms
15) [8,12],  12356 ms
16) [7,11],  7789 ms
17) [12,6],  8343 ms
18) [10,13],  8733 ms
19) [10,11],  6477 ms
20) [7,10],  15359 ms
21) [8,11],  6910 ms
22) [17,11],  4531 ms
23) [16,10],  9685 ms
24) [9,8],  12805 ms
25) [8,9],  9068 ms
26) [8,10],  10187 ms
27) [9,9],  15925 ms
28) [7,8],  8425 ms
29) [7,9],  18783 ms
30) [10,9],  8304 ms
31) [5,10],  8500 ms
32) [6,12],  6049 ms
33) [13,5],  5943 ms
34) [11,7],  3569 ms
35) [11,8],  13185 ms
36) [14,7],  5755 ms
37) [6,10],  6828 ms
38) [5,9],  4923 ms
39) [14,6],  17255 ms
40) [13,7],  3943 ms
41) [12,7],  19827 ms
42) [12,4],  2888 ms
43) [16,11],  13009 ms
44) [15,11],  1953 ms
45) [15,10],  6392 ms
46) [16,9],  2971 ms
47) [11,12],  8201 ms
48) [12,13],  1147 ms
49) [8,13],  6365 ms
50) [11,14],  1671 ms
51) [10,15],  20008 ms
52) [8,14],  1828 ms
53) [9,15],  14169 ms
54) [10,14],  1885 ms
55) [9,14],  20001 ms
56) [7,12],  1610 ms
57) [7,13],  6405 ms
58) [6,14],  1164 ms
59) [4,14],  9853 ms
60) [9,16],  1204 ms
61) [13,6],  20001 ms
62) [11,6],  1016 ms
63) [15,6],  20004 ms
64) [16,6],  27 ms
65) [8,8],  13688 ms
66) [5,11],  900 ms
67) [11,16],  20001 ms
68) [12,17],  27 ms
69) [14,9],  5649 ms
70) [13,8],  27 ms
71) [13,10],  10168 ms
72) [14,5],  302 ms
73) [16,13],  20000 ms
74) [18,13],  703 ms
75) [10,6],  6801 ms
76) [9,7],  27 ms
77) [15,14],  13023 ms
78) [16,14],  374 ms
79) [18,10],  9053 ms
80) [17,10],  250 ms
81) [15,8],  14702 ms
82) [12,11],  27 ms
83) [12,15],  15051 ms
84) [11,15],  355 ms
85) [4,13],  14132 ms
86) [10,17],  350 ms
87) [13,17],  15469 ms
88) [12,14],  282 ms
89) [13,13],  4243 ms
90) [4,15],  319 ms
91) [14,14],  12657 ms
92) [15,12],  328 ms
93) [14,15],  57 ms
94) [17,12],  130 ms
95) [15,15],  28 ms
96) [16,16],  27 ms
97) [13,15],  28 ms
98) [16,15],  27 ms
99) [15,7],  29 ms
100) [15,9],  28 ms
101) [17,9],  27 ms
102) [16,8],  28 ms
103) [13,16],  29 ms
104) [13,14],  28 ms
105) [16,7],  31 ms
106) [17,6],  28 ms
107) [13,19],  29 ms
108) [13,18],  27 ms
109) [17,14],  10802 ms
110) [12,16],  122 ms
111) [3,13],  9269 ms
112) [5,13],  115 ms
113) [7,15],  7963 ms
114) [13,4],  157 ms
115) [14,4],  3525 ms
116) [5,15],  178 ms
117) [5,12],  2600 ms
118) [14,13],  166 ms
119) [16,12],  5937 ms
120) [11,4],  125 ms
121) [9,4],  4072 ms
122) [12,3],  54 ms
123) [15,3],  2712 ms
124) [16,2],  26 ms
125) [15,4],  569 ms
126) [15,5],  25 ms
127) [12,5],  4043 ms
128) [3,14],  51 ms
129) [6,15],  1770 ms
130) [8,15],  27 ms
131) [7,14],  3214 ms
132) [7,16],  36 ms
133) [5,16],  2746 ms
134) [4,17],  26 ms
135) [11,3],  2365 ms
136) [3,16],  31 ms
137) [2,15],  637 ms
138) [4,12],  66 ms
139) [3,11],  635 ms
140) [8,7],  68 ms
141) [7,6],  656 ms
142) [2,16],  47 ms
143) [3,17],  787 ms
144) [10,3],  57 ms
145) [3,10],  1625 ms
146) [3,12],  32 ms
147) [6,6],  1390 ms
148) [10,5],  32 ms
149) [9,6],  26 ms
150) [8,6],  26 ms
151) [7,7],  1197 ms
152) [5,5],  26 ms
153) [13,2],  762 ms
154) [4,10],  29 ms
155) [3,9],  902 ms
156) [5,14],  29 ms
157) [6,13],  27 ms
158) [4,11],  26 ms
159) [3,8],  778 ms
160) [3,7],  26 ms
161) [6,4],  677 ms
162) [4,8],  28 ms
163) [4,9],  26 ms
164) [2,7],  27 ms
165) [6,7],  26 ms
166) [5,8],  27 ms
167) [6,5],  26 ms
168) [6,8],  27 ms
169) [6,3],  25 ms

pela 20.0 wins

pela 20.0:  2118 ms/turn
pela 20.0:  7012 ms/turn
