 0) [10,10],  28 ms
 1) [9,10],  28 ms
 2) [9,11],  27 ms
 3) [10,11],  28 ms
 4) [11,9],  28 ms
 5) [12,8],  27 ms
 6) [13,9],  8273 ms
 7) [14,9],  10509 ms
 8) [11,12],  16196 ms
 9) [11,13],  8143 ms
10) [10,12],  20013 ms
11) [12,12],  6422 ms
12) [13,11],  19392 ms
13) [12,10],  16120 ms
14) [12,7],  16584 ms
15) [11,8],  12287 ms
16) [12,9],  10564 ms
17) [8,12],  20011 ms
18) [7,9],  11942 ms
19) [6,8],  16833 ms
20) [8,8],  10992 ms
21) [9,9],  16037 ms
22) [9,8],  2740 ms
23) [9,7],  10374 ms
24) [15,8],  5184 ms
25) [13,10],  9233 ms
26) [8,13],  4988 ms
27) [6,10],  15613 ms
28) [7,11],  6332 ms
29) [6,12],  20003 ms
30) [6,11],  4400 ms
31) [7,10],  13590 ms
32) [5,10],  2688 ms
33) [7,12],  11086 ms
34) [5,12],  3458 ms
35) [5,11],  13307 ms
36) [8,11],  5160 ms
37) [6,7],  11638 ms
38) [6,9],  4427 ms
39) [4,10],  8125 ms
40) [3,9],  2642 ms
41) [4,9],  8225 ms
42) [4,11],  1863 ms
43) [7,8],  20005 ms
44) [8,9],  28 ms
45) [8,7],  17938 ms
46) [7,7],  1052 ms
47) [3,12],  8565 ms
48) [3,10],  1820 ms
49) [2,9],  17654 ms
50) [15,10],  1204 ms
51) [15,7],  11412 ms
52) [16,9],  951 ms
53) [17,8],  19991 ms
54) [15,11],  788 ms
55) [16,11],  8139 ms
56) [15,12],  85 ms
57) [15,9],  29 ms
58) [18,11],  46 ms
59) [7,13],  35 ms
60) [8,14],  29 ms
61) [17,10],  7097 ms
62) [15,14],  32 ms
63) [15,13],  28 ms
64) [17,12],  31 ms
65) [16,13],  14446 ms
66) [16,12],  30 ms
67) [18,12],  32 ms
68) [13,12],  27 ms
69) [14,12],  28 ms
70) [14,10],  28 ms
71) [17,13],  27 ms
72) [14,11],  28 ms
73) [12,13],  27 ms
74) [12,11],  28 ms
75) [11,11],  27 ms
76) [14,13],  28 ms
77) [16,15],  28 ms
78) [11,10],  27 ms

pela 20.0 wins

pela 20.0:  4104 ms/turn
pela 20.0:  9055 ms/turn
