 0) [12,10],  27 ms
 1) [12,11],  25 ms
 2) [13,9],  26 ms
 3) [11,11],  27 ms
 4) [10,11],  19997 ms
 5) [12,9],  12449 ms
 6) [14,10],  18305 ms
 7) [15,11],  16594 ms
 8) [14,12],  6804 ms
 9) [15,13],  12318 ms
10) [14,11],  7028 ms
11) [14,9],  7428 ms
12) [15,12],  20017 ms
13) [13,10],  18782 ms
14) [15,8],  10114 ms
15) [14,13],  12902 ms
16) [13,12],  10709 ms
17) [12,12],  14215 ms
18) [13,13],  15945 ms
19) [16,12],  3613 ms
20) [16,8],  7930 ms
21) [11,12],  11669 ms
22) [10,13],  26 ms
23) [15,10],  10006 ms
24) [17,7],  298 ms
25) [15,9],  8594 ms
26) [17,8],  39 ms
27) [14,8],  7192 ms
28) [18,8],  32 ms
29) [19,8],  25 ms
30) [17,9],  30 ms
31) [17,10],  6323 ms
32) [18,10],  28 ms
33) [15,7],  4736 ms
34) [17,6],  27 ms
35) [17,5],  25 ms
36) [16,6],  27 ms
37) [15,5],  2790 ms
38) [15,6],  34 ms
39) [14,6],  4318 ms
40) [18,6],  26 ms
41) [19,6],  26 ms
42) [18,9],  26 ms
43) [18,7],  26 ms
44) [16,7],  25 ms
45) [19,10],  26 ms
46) [14,5],  26 ms

pela 20.0 wins

pela 20.0:  6700 ms/turn
pela 20.0:  4897 ms/turn
