 0) [10,12],  27 ms
 1) [11,11],  26 ms
 2) [9,11],  26 ms
 3) [11,13],  57 ms
 4) [9,10],  27 ms
 5) [10,13],  26 ms
 6) [11,10],  27 ms
 7) [9,13],  27 ms
 8) [8,13],  12324 ms
 9) [9,12],  12700 ms
10) [10,10],  410 ms
11) [8,10],  20002 ms
12) [12,10],  106 ms
13) [13,10],  25 ms
14) [11,9],  174 ms
15) [12,8],  6486 ms
16) [10,8],  51 ms
17) [12,13],  20005 ms
18) [13,13],  26 ms
19) [9,7],  17241 ms
20) [10,9],  33 ms
21) [10,11],  27 ms
22) [8,12],  29 ms
23) [7,13],  26 ms
24) [8,11],  76 ms
25) [11,8],  14810 ms
26) [10,7],  28 ms
27) [10,6],  26 ms
28) [7,12],  37 ms
29) [6,13],  28 ms
30) [9,8],  29 ms
31) [12,11],  4911 ms
32) [7,6],  26 ms
33) [8,7],  27 ms
34) [13,11],  27 ms
35) [14,12],  28 ms
36) [11,12],  20006 ms
37) [8,9],  6686 ms
38) [8,8],  19844 ms
39) [7,8],  9653 ms
40) [9,15],  20011 ms
41) [8,15],  3417 ms
42) [6,9],  20007 ms
43) [6,11],  2890 ms
44) [5,12],  20002 ms
45) [14,11],  185 ms
46) [6,12],  13495 ms
47) [4,12],  32 ms
48) [12,9],  20008 ms
49) [14,9],  29 ms
50) [13,9],  26 ms
51) [9,9],  26 ms
52) [14,8],  27 ms
53) [13,12],  28 ms
54) [11,14],  20011 ms
55) [15,12],  26 ms
56) [16,12],  26 ms
57) [16,7],  24 ms
58) [15,8],  26 ms
59) [14,13],  24 ms
60) [14,10],  25 ms
61) [15,10],  25 ms
62) [16,9],  25 ms
63) [14,15],  25 ms
64) [14,14],  25 ms
65) [15,14],  26 ms
66) [16,15],  25 ms
67) [16,13],  25 ms
68) [17,14],  25 ms
69) [17,12],  25 ms
70) [18,11],  25 ms
71) [13,16],  25 ms

pela 20.0 wins

pela 20.0:  3323 ms/turn
pela 20.0:  4642 ms/turn
