 0) [9,12],  26 ms
 1) [8,11],  27 ms
 2) [8,13],  26 ms
 3) [10,11],  57 ms
 4) [7,12],  26 ms
 5) [9,14],  26 ms
 6) [9,11],  18373 ms
 7) [7,13],  11328 ms
 8) [8,15],  7903 ms
 9) [8,12],  20027 ms
10) [9,15],  10953 ms
11) [6,15],  20018 ms
12) [9,16],  10738 ms
13) [10,15],  19997 ms
14) [8,10],  11889 ms
15) [7,9],  10185 ms
16) [9,17],  17194 ms
17) [8,16],  14794 ms
18) [10,17],  12039 ms
19) [11,18],  20029 ms
20) [11,17],  4416 ms
21) [12,17],  11299 ms
22) [10,16],  12348 ms
23) [12,18],  6708 ms
24) [13,18],  6124 ms
25) [6,14],  13167 ms
26) [5,15],  8142 ms
27) [7,17],  11765 ms
28) [12,16],  7710 ms
29) [13,16],  13472 ms
30) [14,15],  7448 ms
31) [6,13],  8203 ms
32) [6,12],  2135 ms
33) [5,13],  6892 ms
34) [9,19],  4326 ms
35) [9,18],  27 ms
36) [10,18],  4290 ms
37) [13,15],  24 ms
38) [7,15],  1700 ms
39) [4,13],  44 ms
40) [3,13],  25 ms
41) [5,14],  34 ms
42) [7,16],  3191 ms
43) [4,14],  26 ms
44) [3,14],  1595 ms
45) [7,14],  26 ms
46) [8,14],  41 ms
47) [3,12],  113 ms
48) [2,11],  24 ms
49) [4,15],  26 ms
50) [4,12],  27 ms
51) [6,17],  24 ms
52) [6,16],  24 ms
53) [4,17],  25 ms
54) [4,16],  24 ms
55) [5,17],  25 ms
56) [8,17],  56 ms
57) [3,17],  107 ms

pela 20.0 wins

pela 20.0:  5269 ms/turn
pela 20.0:  6499 ms/turn
