 0) [10,10],  28 ms
 1) [11,11],  27 ms
 2) [10,9],  27 ms
 3) [10,8],  27 ms
 4) [9,10],  10860 ms
 5) [11,10],  27 ms
 6) [9,11],  10148 ms
 7) [9,9],  7224 ms
 8) [11,7],  15851 ms
 9) [8,11],  20031 ms
10) [10,12],  20005 ms
11) [10,13],  16154 ms
12) [11,14],  17354 ms
13) [12,14],  8544 ms
14) [12,7],  9054 ms
15) [11,8],  14555 ms
16) [11,12],  13844 ms
17) [12,8],  19999 ms
18) [13,8],  11845 ms
19) [9,12],  14306 ms
20) [8,13],  3560 ms
21) [11,6],  6598 ms
22) [8,8],  9297 ms
23) [8,10],  20006 ms
24) [7,8],  3811 ms
25) [8,7],  18820 ms
26) [7,10],  2827 ms
27) [8,9],  7961 ms
28) [10,15],  5459 ms
29) [8,12],  18526 ms
30) [12,13],  3520 ms
31) [6,12],  10248 ms
32) [7,11],  28 ms
33) [7,12],  6206 ms
34) [5,12],  27 ms
35) [9,16],  14472 ms
36) [13,14],  35 ms
37) [10,11],  27 ms
38) [13,12],  43 ms
39) [14,11],  28 ms
40) [14,12],  37 ms
41) [12,12],  27 ms
42) [14,15],  29 ms
43) [15,16],  28 ms
44) [12,11],  5804 ms
45) [14,13],  20012 ms
46) [13,15],  80 ms
47) [13,16],  20014 ms
48) [11,15],  34 ms
49) [12,15],  29 ms
50) [11,16],  42 ms
51) [11,13],  29 ms
52) [12,17],  32 ms
53) [9,14],  29 ms
54) [11,17],  29 ms
55) [11,18],  28 ms
56) [7,9],  30 ms
57) [7,7],  28 ms
58) [13,11],  5174 ms
59) [13,13],  28 ms
60) [14,14],  4442 ms
61) [15,13],  19996 ms
62) [13,10],  3797 ms
63) [13,9],  28 ms
64) [10,17],  1012 ms
65) [9,15],  5433 ms
66) [9,13],  29 ms
67) [9,17],  20015 ms
68) [9,18],  33 ms
69) [17,13],  13018 ms
70) [16,13],  28 ms
71) [10,18],  19991 ms
72) [10,14],  1852 ms
73) [13,17],  6490 ms
74) [14,9],  2073 ms
75) [15,8],  28 ms
76) [16,11],  1776 ms
77) [15,10],  27 ms
78) [14,19],  2286 ms
79) [13,18],  29 ms
80) [16,14],  791 ms
81) [16,12],  20009 ms
82) [15,14],  1848 ms
83) [17,14],  29 ms
84) [15,11],  1581 ms
85) [9,7],  39 ms
86) [18,11],  610 ms
87) [17,12],  30 ms
88) [17,11],  1274 ms
89) [19,11],  29 ms
90) [6,7],  744 ms
91) [8,6],  30 ms
92) [11,9],  632 ms
93) [9,5],  30 ms
94) [9,6],  30 ms
95) [6,8],  32 ms
96) [10,4],  32 ms
97) [5,9],  29 ms

pela 20.0 wins

pela 20.0:  3546 ms/turn
pela 20.0:  7129 ms/turn
