 0) [8,11],  28 ms
 1) [9,11],  28 ms
 2) [9,12],  27 ms
 3) [8,12],  59 ms
 4) [7,13],  28 ms
 5) [8,13],  27 ms
 6) [7,14],  27 ms
 7) [7,12],  28 ms
 8) [9,16],  28 ms
 9) [8,15],  9015 ms
10) [7,16],  20019 ms
11) [8,16],  20020 ms
12) [8,14],  25 ms
13) [9,14],  8679 ms
14) [6,11],  9251 ms
15) [5,11],  19996 ms
16) [7,10],  6818 ms
17) [6,9],  7791 ms
18) [11,15],  20003 ms
19) [11,14],  7085 ms
20) [7,15],  17682 ms
21) [7,17],  25 ms
22) [10,16],  15147 ms
23) [9,15],  12667 ms
24) [6,18],  12990 ms
25) [6,16],  20002 ms
26) [11,13],  11141 ms
27) [13,13],  13978 ms
28) [10,15],  5102 ms
29) [13,14],  9342 ms
30) [12,14],  6511 ms
31) [12,16],  20017 ms
32) [13,16],  4771 ms
33) [8,18],  20012 ms
34) [5,15],  4237 ms
35) [10,17],  20000 ms
36) [8,17],  5604 ms
37) [5,14],  20005 ms
38) [12,12],  3513 ms
39) [14,16],  15577 ms
40) [14,13],  5303 ms
41) [12,11],  8682 ms
42) [11,12],  4028 ms
43) [10,12],  10627 ms
44) [8,10],  3960 ms
45) [8,9],  16793 ms
46) [5,9],  1599 ms
47) [9,18],  11208 ms
48) [14,15],  1242 ms
49) [5,10],  6398 ms
50) [7,8],  2998 ms
51) [4,11],  19984 ms
52) [7,18],  2547 ms
53) [6,19],  27 ms
54) [12,15],  2192 ms
55) [13,15],  27 ms
56) [3,12],  1926 ms
57) [4,12],  32 ms
58) [5,13],  1593 ms
59) [6,10],  572 ms
60) [7,9],  852 ms
61) [7,11],  98 ms
62) [7,7],  937 ms
63) [7,6],  27 ms
64) [13,12],  1124 ms
65) [15,12],  10936 ms
66) [5,12],  507 ms
67) [4,16],  6724 ms
68) [14,14],  333 ms
69) [14,11],  6744 ms
70) [11,11],  342 ms
71) [11,10],  15000 ms
72) [2,14],  291 ms
73) [3,14],  14470 ms
74) [9,13],  765 ms
75) [4,15],  351 ms
76) [3,16],  233 ms
77) [4,10],  45 ms
78) [4,9],  230 ms
79) [3,9],  39 ms
80) [2,8],  597 ms
81) [2,10],  37 ms
82) [3,10],  40 ms
83) [1,12],  70 ms
84) [2,13],  322 ms
85) [1,11],  34 ms
86) [4,8],  42 ms
87) [3,11],  64 ms
88) [2,11],  77 ms
89) [1,9],  78 ms
90) [0,8],  78 ms
91) [1,10],  63 ms
92) [1,13],  187 ms
93) [1,8],  95 ms

pela 20.0 wins

pela 20.0:  3772 ms/turn
pela 20.0:  7522 ms/turn
