 0) [10,10],  27 ms
 1) [9,10],  26 ms
 2) [8,9],  26 ms
 3) [9,9],  25 ms
 4) [9,8],  25 ms
 5) [10,7],  25 ms
 6) [8,12],  20016 ms
 7) [8,10],  18333 ms
 8) [11,7],  17434 ms
 9) [12,8],  14641 ms
10) [10,8],  13150 ms
11) [7,8],  10367 ms
12) [7,7],  20005 ms
13) [8,11],  19532 ms
14) [10,9],  11946 ms
15) [10,11],  16738 ms
16) [9,11],  9436 ms
17) [11,9],  5538 ms
18) [9,5],  6172 ms
19) [8,6],  7539 ms
20) [5,12],  20000 ms
21) [7,13],  4259 ms
22) [11,5],  8675 ms
23) [10,5],  6551 ms
24) [12,9],  10056 ms
25) [6,12],  10930 ms
26) [7,11],  12567 ms
27) [7,14],  6111 ms
28) [8,14],  13594 ms
29) [11,12],  7173 ms
30) [10,13],  16762 ms
31) [9,13],  7455 ms
32) [8,13],  9621 ms
33) [8,15],  6395 ms
34) [12,13],  20001 ms
35) [7,15],  5470 ms
36) [7,12],  7036 ms
37) [6,11],  3482 ms
38) [10,15],  17302 ms
39) [6,10],  503 ms
40) [6,9],  16049 ms
41) [6,14],  119 ms
42) [6,13],  27 ms
43) [8,16],  131 ms
44) [9,17],  20000 ms
45) [7,16],  39 ms
46) [7,17],  26 ms
47) [6,16],  30 ms
48) [9,14],  12568 ms
49) [11,16],  26 ms
50) [5,16],  19988 ms
51) [6,15],  30 ms
52) [5,15],  20005 ms
53) [5,10],  29 ms
54) [7,10],  27 ms
55) [9,18],  30 ms
56) [8,17],  27 ms
57) [9,16],  26 ms
58) [10,16],  26 ms
59) [10,17],  26 ms
60) [11,18],  27 ms
61) [12,15],  26 ms
62) [13,14],  26 ms
63) [8,19],  27 ms

pela 20.0 wins

pela 20.0:  4738 ms/turn
pela 20.0:  10 s/turn
