 0) [9,11],  26 ms
 1) [8,12],  30 ms
 2) [8,10],  27 ms
 3) [10,12],  27 ms
 4) [7,10],  26 ms
 5) [10,11],  27 ms
 6) [7,12],  26 ms
 7) [10,10],  29 ms
 8) [10,9],  8099 ms
 9) [9,10],  8786 ms
10) [7,11],  259 ms
11) [7,9],  9687 ms
12) [7,13],  76 ms
13) [7,14],  26 ms
14) [6,12],  86 ms
15) [5,13],  19287 ms
16) [5,11],  54 ms
17) [10,13],  18008 ms
18) [10,14],  26 ms
19) [4,10],  10783 ms
20) [6,11],  33 ms
21) [8,11],  27 ms
22) [9,9],  29 ms
23) [10,8],  26 ms
24) [8,9],  30 ms
25) [5,12],  16194 ms
26) [4,11],  28 ms
27) [3,11],  27 ms
28) [9,8],  37 ms
29) [10,7],  27 ms
30) [5,10],  29 ms
31) [8,13],  4262 ms
32) [3,8],  27 ms
33) [4,9],  27 ms
34) [8,14],  28 ms
35) [9,15],  27 ms
36) [9,12],  12417 ms
37) [6,9],  3752 ms
38) [5,9],  19779 ms
39) [5,8],  7711 ms
40) [11,12],  19999 ms
41) [8,7],  9623 ms
42) [9,7],  18202 ms
43) [9,6],  5468 ms
44) [10,6],  10360 ms
45) [10,5],  3996 ms
46) [7,8],  27 ms
47) [8,5],  2072 ms
48) [12,9],  11912 ms
49) [11,9],  26 ms
50) [7,4],  10589 ms
51) [11,4],  695 ms
52) [12,3],  27 ms
53) [11,5],  226 ms
54) [9,5],  20025 ms
55) [11,6],  93 ms
56) [11,3],  20048 ms
57) [12,7],  34 ms
58) [9,4],  19998 ms
59) [11,7],  29 ms
60) [11,8],  26 ms
61) [14,7],  29 ms
62) [13,7],  26 ms
63) [12,5],  29 ms
64) [13,6],  12114 ms
65) [13,8],  26 ms
66) [14,9],  27 ms
67) [13,4],  26 ms
68) [14,3],  26 ms
69) [13,5],  27 ms
70) [14,5],  26 ms
71) [14,4],  27 ms
72) [12,6],  26 ms
73) [12,4],  26 ms
74) [15,4],  27 ms
75) [10,4],  26 ms

pela 20.0 wins

pela 20.0:  3190 ms/turn
pela 20.0:  4858 ms/turn
