 0) [12,12],  29 ms
 1) [13,12],  30 ms
 2) [12,13],  30 ms
 3) [12,14],  31 ms
 4) [11,12],  16128 ms
 5) [10,11],  9375 ms
 6) [8,12],  20007 ms
 7) [9,12],  6893 ms
 8) [11,10],  16176 ms
 9) [11,11],  7070 ms
10) [9,11],  14737 ms
11) [7,13],  16207 ms
12) [7,14],  7669 ms
13) [10,13],  20013 ms
14) [10,14],  11160 ms
15) [9,13],  20002 ms
16) [8,13],  5064 ms
17) [8,14],  7127 ms
18) [10,12],  4113 ms
19) [8,10],  18837 ms
20) [7,10],  8551 ms
21) [13,13],  19993 ms
22) [13,11],  5082 ms
23) [11,13],  31 ms
24) [14,12],  4532 ms
25) [11,9],  7151 ms
26) [10,15],  3121 ms
27) [10,8],  10727 ms
28) [9,9],  4131 ms
29) [12,10],  20006 ms
30) [8,6],  7922 ms
31) [6,11],  9919 ms
32) [7,11],  4507 ms
33) [7,7],  7769 ms
34) [9,6],  4035 ms
35) [7,6],  5673 ms
36) [7,4],  6162 ms
37) [6,3],  14696 ms
38) [8,4],  5259 ms
39) [8,7],  15759 ms
40) [6,7],  2661 ms
41) [9,4],  6118 ms
42) [6,5],  2483 ms
43) [8,3],  12333 ms
44) [6,6],  3772 ms
45) [6,8],  7654 ms
46) [7,5],  1478 ms
47) [9,3],  6451 ms
48) [7,3],  1006 ms
49) [7,2],  11635 ms
50) [6,1],  2887 ms
51) [5,5],  17744 ms
52) [9,0],  949 ms
53) [4,8],  7349 ms
54) [5,4],  1138 ms
55) [6,4],  8563 ms
56) [5,11],  2150 ms
57) [3,8],  631 ms
58) [2,8],  1868 ms
59) [5,8],  35 ms
60) [7,8],  29 ms
61) [4,9],  44 ms
62) [5,10],  880 ms
63) [4,10],  34 ms
64) [4,7],  166 ms
65) [5,9],  29 ms
66) [3,11],  29 ms
67) [5,7],  30 ms
68) [5,6],  29 ms
69) [7,9],  29 ms
70) [4,6],  30 ms
71) [6,9],  29 ms
72) [8,9],  30 ms
73) [3,9],  29 ms

pela 20.0 wins

pela 20.0:  4594 ms/turn
pela 20.0:  8001 ms/turn
