 0) [12,10],  26 ms
 1) [12,9],  26 ms
 2) [11,8],  26 ms
 3) [11,9],  26 ms
 4) [10,9],  26 ms
 5) [9,10],  26 ms
 6) [14,8],  20014 ms
 7) [12,8],  17740 ms
 8) [9,11],  19070 ms
 9) [10,12],  15370 ms
10) [12,6],  7260 ms
11) [13,6],  13583 ms
12) [10,11],  10652 ms
13) [12,11],  10745 ms
14) [14,6],  19246 ms
15) [15,7],  13387 ms
16) [9,12],  19222 ms
17) [8,13],  8472 ms
18) [10,8],  9065 ms
19) [10,7],  14384 ms
20) [9,8],  15474 ms
21) [8,8],  5101 ms
22) [9,14],  19129 ms
23) [14,7],  6690 ms
24) [13,7],  19999 ms
25) [11,5],  6030 ms
26) [15,8],  11630 ms
27) [15,11],  9763 ms
28) [9,7],  16639 ms
29) [9,9],  5335 ms
30) [10,14],  10010 ms
31) [9,13],  5805 ms
32) [11,11],  9152 ms
33) [11,14],  2437 ms
34) [14,10],  20010 ms
35) [15,9],  4240 ms
36) [14,9],  11372 ms
37) [14,12],  5827 ms
38) [13,12],  8196 ms
39) [8,14],  2454 ms
40) [7,15],  14270 ms
41) [11,4],  3086 ms
42) [12,5],  16111 ms
43) [12,4],  3374 ms
44) [11,3],  16555 ms
45) [16,7],  3086 ms
46) [15,6],  19999 ms
47) [13,8],  3281 ms
48) [10,4],  6908 ms
49) [9,5],  2382 ms
50) [10,3],  9460 ms
51) [9,3],  768 ms
52) [7,13],  10049 ms
53) [7,16],  1558 ms
54) [6,14],  20003 ms
55) [8,12],  1848 ms
56) [8,15],  20012 ms
57) [8,16],  662 ms
58) [13,13],  15460 ms
59) [13,10],  1786 ms
60) [8,10],  20008 ms
61) [7,11],  887 ms
62) [7,7],  12530 ms
63) [7,6],  1403 ms
64) [9,16],  20001 ms
65) [10,17],  1203 ms
66) [10,6],  18667 ms
67) [8,5],  1037 ms
68) [10,5],  8448 ms
69) [10,2],  26 ms
70) [8,6],  17637 ms
71) [6,15],  874 ms
72) [4,8],  15376 ms
73) [6,8],  293 ms
74) [6,7],  6949 ms
75) [5,7],  647 ms
76) [5,9],  12190 ms
77) [15,12],  270 ms
78) [15,13],  3567 ms
79) [14,14],  299 ms
80) [14,11],  9943 ms
81) [14,13],  443 ms
82) [14,16],  6155 ms
83) [5,16],  465 ms
84) [4,17],  7641 ms
85) [16,9],  188 ms
86) [17,7],  2169 ms
87) [4,15],  302 ms
88) [4,16],  3010 ms
89) [3,17],  151 ms
90) [13,14],  4559 ms
91) [13,15],  309 ms
92) [3,14],  2361 ms
93) [11,6],  94 ms
94) [8,4],  2158 ms
95) [6,4],  235 ms
96) [4,6],  2338 ms
97) [2,6],  88 ms
98) [9,2],  2681 ms
99) [6,5],  202 ms
100) [5,4],  1244 ms
101) [6,3],  193 ms
102) [6,2],  2782 ms
103) [7,3],  134 ms
104) [7,5],  2117 ms
105) [5,3],  93 ms
106) [8,3],  24 ms
107) [7,4],  65 ms
108) [9,6],  24 ms
109) [8,2],  63 ms
110) [9,1],  1582 ms
111) [7,18],  70 ms
112) [8,19],  1566 ms
113) [7,1],  72 ms
114) [4,13],  841 ms
115) [5,12],  42 ms
116) [11,17],  804 ms
117) [4,12],  81 ms
118) [7,12],  1448 ms
119) [5,11],  83 ms
120) [6,10],  1480 ms
121) [2,8],  37 ms
122) [2,7],  1796 ms
123) [4,9],  38 ms
124) [15,16],  1187 ms
125) [14,15],  56 ms
126) [15,15],  1376 ms
127) [15,14],  31 ms
128) [16,10],  561 ms
129) [13,16],  32 ms
130) [16,13],  1094 ms
131) [16,14],  31 ms
132) [4,5],  764 ms
133) [3,8],  27 ms
134) [3,6],  32 ms
135) [1,8],  25 ms
136) [4,7],  65 ms
137) [4,4],  24 ms
138) [7,8],  259 ms
139) [6,9],  25 ms
140) [5,6],  24 ms
141) [8,9],  25 ms
142) [3,4],  24 ms

pela 20.0 wins

pela 20.0:  2534 ms/turn
pela 20.0:  8257 ms/turn
