 0) [9,9],  27 ms
 1) [9,8],  26 ms
 2) [8,9],  26 ms
 3) [7,9],  26 ms
 4) [9,10],  14352 ms
 5) [10,11],  5964 ms
 6) [9,13],  19224 ms
 7) [9,12],  9430 ms
 8) [11,10],  7665 ms
 9) [10,10],  7399 ms
10) [10,13],  14934 ms
11) [11,13],  14518 ms
12) [11,12],  14174 ms
13) [9,14],  8990 ms
14) [9,11],  6703 ms
15) [9,7],  20053 ms
16) [10,7],  6785 ms
17) [7,6],  20014 ms
18) [8,8],  10197 ms
19) [9,6],  5920 ms
20) [7,7],  6991 ms
21) [8,6],  20012 ms
22) [6,6],  11284 ms
23) [5,5],  28 ms
24) [8,7],  3832 ms
25) [6,4],  6059 ms
26) [8,10],  7030 ms
27) [8,11],  28 ms
28) [10,8],  3740 ms
29) [11,7],  1063 ms
30) [10,6],  6438 ms
31) [10,5],  318 ms
32) [7,11],  6690 ms
33) [6,12],  26 ms
34) [9,4],  3385 ms
35) [5,3],  35 ms
36) [7,5],  27 ms
37) [7,3],  31 ms
38) [8,2],  4522 ms
39) [4,3],  29 ms
40) [6,3],  30 ms
41) [4,6],  28 ms
42) [3,7],  59 ms
43) [5,4],  28 ms
44) [4,4],  27 ms
45) [5,2],  27 ms
46) [5,6],  28 ms
47) [5,1],  30 ms

pela 20.0 wins

pela 20.0:  6173 ms/turn
pela 20.0:  5003 ms/turn
