 0) [11,12],  26 ms
 1) [11,11],  27 ms
 2) [12,12],  26 ms
 3) [13,12],  27 ms
 4) [14,11],  13623 ms
 5) [13,9],  20009 ms
 6) [12,10],  10628 ms
 7) [12,11],  16666 ms
 8) [14,10],  20005 ms
 9) [11,13],  20036 ms
10) [10,11],  19372 ms
11) [13,10],  20000 ms
12) [13,11],  16610 ms
13) [14,12],  6260 ms
14) [11,10],  9645 ms
15) [9,10],  18794 ms
16) [15,11],  12872 ms
17) [15,9],  9374 ms
18) [14,8],  9400 ms
19) [9,12],  20004 ms
20) [9,13],  6344 ms
21) [8,11],  8866 ms
22) [7,10],  3641 ms
23) [16,11],  10306 ms
24) [14,9],  5056 ms
25) [14,7],  26 ms
26) [5,10],  7287 ms
27) [6,10],  20008 ms
28) [7,12],  6485 ms
29) [7,13],  16007 ms
30) [10,8],  2164 ms
31) [6,11],  7961 ms
32) [6,12],  5248 ms
33) [11,9],  15790 ms
34) [9,11],  4530 ms
35) [5,12],  12871 ms
36) [11,8],  3868 ms
37) [13,8],  10226 ms
38) [13,6],  2762 ms
39) [12,7],  8060 ms
40) [15,7],  1950 ms
41) [14,6],  19999 ms
42) [10,7],  1047 ms
43) [12,8],  10964 ms
44) [13,7],  1836 ms
45) [10,9],  5650 ms
46) [9,9],  720 ms
47) [9,6],  10887 ms
48) [8,8],  66 ms
49) [7,8],  12303 ms
50) [8,10],  28 ms
51) [7,11],  24 ms
52) [7,7],  33 ms
53) [4,11],  15012 ms
54) [5,11],  24 ms
55) [6,6],  10067 ms
56) [8,7],  27 ms
57) [11,7],  9539 ms
58) [8,6],  26 ms
59) [8,9],  26 ms
60) [6,7],  25 ms
61) [9,7],  26 ms
62) [8,4],  26 ms
63) [8,5],  26 ms
64) [5,7],  26 ms
65) [4,7],  27 ms
66) [6,8],  26 ms
67) [7,9],  26 ms
68) [5,9],  26 ms
69) [9,5],  26 ms
70) [4,10],  26 ms

pela 20.0 wins

pela 20.0:  4597 ms/turn
pela 20.0:  9597 ms/turn
