 0) [8,10],  27 ms
 1) [7,11],  27 ms
 2) [9,11],  27 ms
 3) [7,9],  58 ms
 4) [8,12],  27 ms
 5) [10,10],  26 ms
 6) [7,8],  19366 ms
 7) [8,13],  11303 ms
 8) [8,8],  6611 ms
 9) [8,9],  9672 ms
10) [10,9],  10324 ms
11) [9,8],  19997 ms
12) [6,11],  19208 ms
13) [7,14],  12256 ms
14) [6,15],  17789 ms
15) [7,15],  17474 ms
16) [7,13],  15230 ms
17) [5,15],  14808 ms
18) [6,9],  12428 ms
19) [5,10],  20002 ms
20) [11,8],  11281 ms
21) [12,7],  7510 ms
22) [9,6],  9663 ms
23) [10,7],  6595 ms
24) [11,6],  4385 ms
25) [11,7],  8613 ms
26) [13,7],  5334 ms
27) [10,5],  17925 ms
28) [8,7],  2515 ms
29) [8,6],  11557 ms
30) [13,6],  3541 ms
31) [12,6],  11545 ms
32) [12,8],  4452 ms
33) [13,8],  20010 ms
34) [10,8],  1768 ms
35) [7,17],  16128 ms
36) [6,16],  4432 ms
37) [5,13],  10912 ms
38) [5,14],  4503 ms
39) [6,12],  18915 ms
40) [7,16],  1609 ms
41) [8,17],  10813 ms
42) [9,17],  2979 ms
43) [4,13],  10932 ms
44) [4,12],  1216 ms
45) [6,17],  18257 ms
46) [5,17],  3033 ms
47) [8,15],  10269 ms
48) [8,14],  2594 ms
49) [9,16],  14668 ms
50) [10,17],  2240 ms
51) [10,15],  13708 ms
52) [11,14],  1906 ms
53) [3,15],  8569 ms
54) [4,14],  27 ms
55) [3,13],  54 ms
56) [6,13],  1647 ms
57) [3,14],  36 ms
58) [3,16],  1097 ms
59) [9,15],  29 ms
60) [11,15],  27 ms
61) [4,15],  16618 ms
62) [5,16],  1241 ms
63) [4,16],  27 ms
64) [2,15],  689 ms
65) [12,14],  20004 ms
66) [5,8],  969 ms
67) [1,13],  20001 ms
68) [2,13],  27 ms
69) [0,12],  6509 ms
70) [2,14],  27 ms
71) [2,12],  20001 ms
72) [3,11],  297 ms
73) [7,18],  10524 ms
74) [6,19],  27 ms
75) [6,7],  20013 ms
76) [4,17],  765 ms
77) [5,18],  27 ms
78) [6,18],  388 ms
79) [11,13],  20008 ms
80) [8,16],  195 ms
81) [10,13],  20001 ms
82) [2,17],  578 ms
83) [2,16],  27 ms
84) [0,13],  503 ms
85) [1,14],  27 ms
86) [3,18],  427 ms
87) [2,19],  27 ms
88) [6,8],  364 ms
89) [4,8],  27 ms
90) [3,17],  299 ms
91) [1,17],  27 ms
92) [9,13],  272 ms
93) [10,14],  39 ms
94) [10,12],  109 ms
95) [12,12],  30 ms
96) [13,11],  27 ms
97) [11,11],  26 ms
98) [13,13],  206 ms
99) [12,11],  30 ms
100) [12,13],  27 ms
101) [9,14],  27 ms
102) [11,12],  27 ms
103) [11,16],  27 ms
104) [12,17],  27 ms
105) [7,12],  27 ms

pela 20.0 wins

pela 20.0:  3373 ms/turn
pela 20.0:  8995 ms/turn
