 0) [8,12],  27 ms
 1) [8,11],  26 ms
 2) [7,13],  27 ms
 3) [9,11],  25 ms
 4) [7,11],  14654 ms
 5) [9,13],  27 ms
 6) [9,10],  20007 ms
 7) [6,12],  10347 ms
 8) [7,9],  7030 ms
 9) [7,10],  16380 ms
10) [9,12],  12667 ms
11) [5,12],  7382 ms
12) [4,12],  5578 ms
13) [11,12],  7797 ms
14) [11,11],  7650 ms
15) [6,10],  14544 ms
16) [6,11],  12499 ms
17) [6,9],  7260 ms
18) [5,8],  10702 ms
19) [3,11],  13080 ms
20) [12,10],  3941 ms
21) [11,10],  18243 ms
22) [13,11],  12207 ms
23) [12,11],  7084 ms
24) [13,10],  10452 ms
25) [13,9],  5977 ms
26) [13,12],  2856 ms
27) [15,13],  20016 ms
28) [13,13],  8516 ms
29) [13,14],  31 ms
30) [5,10],  2348 ms
31) [5,7],  20046 ms
32) [14,10],  2571 ms
33) [12,12],  7582 ms
34) [14,15],  2269 ms
35) [15,10],  13114 ms
36) [4,9],  4058 ms
37) [3,8],  7792 ms
38) [14,12],  2667 ms
39) [11,9],  10871 ms
40) [10,9],  2638 ms
41) [5,6],  19998 ms
42) [3,9],  2665 ms
43) [6,7],  20008 ms
44) [2,9],  4564 ms
45) [1,9],  8446 ms
46) [7,12],  2760 ms
47) [8,13],  27 ms
48) [7,15],  2391 ms
49) [7,14],  27 ms
50) [4,7],  2075 ms
51) [6,6],  53 ms
52) [6,8],  27 ms
53) [4,6],  45 ms
54) [3,6],  1515 ms
55) [7,5],  30 ms
56) [8,4],  28 ms
57) [8,6],  27 ms
58) [7,6],  27 ms
59) [9,7],  27 ms
60) [10,8],  27 ms
61) [5,3],  27 ms
62) [6,4],  27 ms
63) [7,7],  27 ms
64) [8,7],  27 ms
65) [5,5],  27 ms
66) [5,4],  27 ms
67) [4,4],  27 ms
68) [8,8],  27 ms
69) [3,3],  27 ms

pela 20.0 wins

pela 20.0:  4615 ms/turn
pela 20.0:  6755 ms/turn
