 0) [10,8],  28 ms
 1) [10,9],  27 ms
 2) [11,9],  28 ms
 3) [11,8],  27 ms
 4) [9,10],  28 ms
 5) [10,10],  28 ms
 6) [9,11],  27 ms
 7) [9,9],  28 ms
 8) [11,13],  28 ms
 9) [10,12],  7370 ms
10) [9,13],  20002 ms
11) [10,13],  13371 ms
12) [10,11],  27 ms
13) [11,11],  20007 ms
14) [8,8],  10254 ms
15) [7,8],  8342 ms
16) [9,7],  6643 ms
17) [8,6],  7507 ms
18) [13,12],  20008 ms
19) [12,10],  17606 ms
20) [13,9],  15380 ms
21) [9,12],  9311 ms
22) [12,12],  19997 ms
23) [13,11],  8654 ms
24) [6,9],  15109 ms
25) [6,10],  9415 ms
26) [10,14],  13337 ms
27) [12,13],  7343 ms
28) [7,11],  5958 ms
29) [11,15],  4746 ms
30) [11,14],  20001 ms
31) [8,11],  9452 ms
32) [13,6],  6618 ms
33) [13,7],  4889 ms
34) [7,12],  10131 ms
35) [9,15],  7067 ms
36) [8,14],  19999 ms
37) [9,14],  3279 ms
38) [8,15],  9372 ms
39) [7,13],  5949 ms
40) [10,6],  20019 ms
41) [11,5],  1798 ms
42) [7,14],  20002 ms
43) [5,12],  4842 ms
44) [15,8],  20002 ms
45) [16,9],  3892 ms
46) [10,4],  19999 ms
47) [10,7],  1930 ms
48) [13,10],  20008 ms
49) [14,9],  2415 ms
50) [9,4],  19993 ms
51) [11,4],  2984 ms
52) [11,7],  6951 ms
53) [12,8],  818 ms
54) [9,6],  9510 ms
55) [9,5],  1519 ms
56) [12,5],  15301 ms
57) [14,12],  1241 ms
58) [14,11],  14295 ms
59) [4,13],  2023 ms
60) [6,11],  20018 ms
61) [4,12],  638 ms
62) [11,6],  10925 ms
63) [12,6],  26 ms
64) [5,10],  12696 ms
65) [4,9],  1081 ms
66) [3,13],  8668 ms
67) [3,12],  36 ms
68) [1,12],  20010 ms
69) [4,10],  29 ms
70) [4,11],  27 ms
71) [2,12],  32 ms
72) [6,12],  27 ms
73) [3,11],  32 ms
74) [1,13],  6240 ms
75) [5,13],  28 ms
76) [2,10],  27 ms
77) [5,14],  33 ms
78) [5,15],  27 ms
79) [2,11],  26 ms
80) [6,15],  26 ms
81) [1,10],  25 ms

pela 20.0 wins

pela 20.0:  4143 ms/turn
pela 20.0:  10 s/turn
