 0) [12,10],  28 ms
 1) [11,10],  26 ms
 2) [11,11],  27 ms
 3) [12,11],  43 ms
 4) [10,12],  28 ms
 5) [9,13],  26 ms
 6) [10,14],  6258 ms
 7) [10,15],  11608 ms
 8) [13,12],  19998 ms
 9) [14,12],  8063 ms
10) [13,13],  20014 ms
11) [13,11],  14573 ms
12) [11,13],  19121 ms
13) [12,14],  6002 ms
14) [13,15],  14996 ms
15) [12,12],  6333 ms
16) [14,14],  6364 ms
17) [13,16],  13738 ms
18) [12,17],  13320 ms
19) [12,16],  17288 ms
20) [12,15],  10934 ms
21) [15,15],  20003 ms
22) [15,14],  3612 ms
23) [13,9],  10140 ms
24) [11,16],  3314 ms
25) [13,14],  7871 ms
26) [13,8],  3977 ms
27) [12,13],  9395 ms
28) [11,12],  5829 ms
29) [14,10],  12640 ms
30) [14,9],  7460 ms
31) [8,13],  20001 ms
32) [10,11],  3322 ms
33) [10,10],  7909 ms
34) [15,11],  5660 ms
35) [15,10],  20001 ms
36) [16,10],  1479 ms
37) [9,10],  20053 ms
38) [11,14],  3459 ms
39) [11,15],  41 ms
40) [8,10],  4407 ms
41) [9,11],  12216 ms
42) [9,12],  2323 ms
43) [7,12],  20028 ms
44) [8,11],  1528 ms
45) [10,13],  26 ms
46) [8,12],  1598 ms
47) [9,15],  11038 ms
48) [7,13],  2218 ms
49) [8,15],  41 ms
50) [7,15],  27 ms
51) [9,14],  30 ms
52) [6,11],  27 ms
53) [9,16],  39 ms
54) [9,17],  42 ms
55) [7,16],  30 ms
56) [6,17],  27 ms
57) [8,16],  30 ms
58) [8,9],  26 ms
59) [8,8],  26 ms
60) [6,16],  26 ms
61) [10,17],  25 ms
62) [7,14],  26 ms
63) [8,17],  28 ms
64) [8,14],  26 ms
65) [11,18],  25 ms
66) [12,19],  26 ms
67) [7,18],  26 ms
68) [6,19],  26 ms
69) [8,18],  25 ms
70) [8,19],  25 ms
71) [9,18],  41 ms
72) [10,18],  25 ms
73) [6,15],  25 ms
74) [10,19],  25 ms
75) [5,14],  25 ms

pela 20.0 wins

pela 20.0:  4253 ms/turn
pela 20.0:  6565 ms/turn
