 0) [8,9],  26 ms
 1) [7,10],  27 ms
 2) [7,8],  26 ms
 3) [9,10],  26 ms
 4) [6,9],  25 ms
 5) [8,7],  27 ms
 6) [10,10],  10730 ms
 7) [5,9],  7227 ms
 8) [10,9],  19983 ms
 9) [9,9],  20053 ms
10) [9,7],  9926 ms
11) [10,8],  20012 ms
12) [7,11],  9953 ms
13) [4,10],  18974 ms
14) [3,11],  20016 ms
15) [3,10],  16266 ms
16) [5,10],  14845 ms
17) [3,12],  11528 ms
18) [3,9],  7960 ms
19) [1,10],  12249 ms
20) [2,10],  17141 ms
21) [5,13],  7899 ms
22) [4,13],  12185 ms
23) [4,14],  9375 ms
24) [8,12],  20017 ms
25) [9,11],  4216 ms
26) [9,12],  20050 ms
27) [7,12],  7439 ms
28) [10,13],  6274 ms
29) [10,12],  2208 ms
30) [9,13],  135 ms
31) [10,14],  3626 ms
32) [11,14],  43 ms
33) [12,15],  3957 ms
34) [11,13],  30 ms
35) [8,13],  4028 ms
36) [11,12],  27 ms
37) [11,15],  1478 ms
38) [9,14],  28 ms
39) [12,11],  26 ms
40) [12,13],  26 ms
41) [13,13],  25 ms
42) [9,16],  25 ms
43) [9,15],  25 ms
44) [10,15],  25 ms
45) [13,12],  25 ms
46) [8,17],  26 ms

pela 20.0 wins

pela 20.0:  6552 ms/turn
pela 20.0:  7063 ms/turn
