 0) [12,12],  26 ms
 1) [12,13],  25 ms
 2) [13,11],  25 ms
 3) [11,13],  27 ms
 4) [10,13],  17740 ms
 5) [12,11],  12638 ms
 6) [14,12],  18210 ms
 7) [15,13],  16737 ms
 8) [14,14],  7005 ms
 9) [15,15],  12068 ms
10) [14,13],  6649 ms
11) [14,11],  7784 ms
12) [15,14],  20008 ms
13) [13,12],  18674 ms
14) [15,10],  11731 ms
15) [14,15],  12806 ms
16) [13,14],  12659 ms
17) [12,14],  14181 ms
18) [13,15],  15012 ms
19) [16,14],  12145 ms
20) [16,10],  7671 ms
21) [11,14],  7034 ms
22) [10,15],  26 ms
23) [15,12],  7175 ms
24) [17,9],  294 ms
25) [15,11],  8380 ms
26) [17,10],  39 ms
27) [14,10],  7211 ms
28) [18,10],  32 ms
29) [19,10],  26 ms
30) [17,11],  29 ms
31) [17,12],  6163 ms
32) [18,12],  29 ms
33) [15,9],  4763 ms
34) [17,8],  27 ms
35) [17,7],  26 ms
36) [16,8],  28 ms
37) [15,7],  2782 ms
38) [15,8],  28 ms
39) [14,8],  4209 ms
40) [18,8],  25 ms
41) [19,8],  31 ms
42) [18,11],  31 ms
43) [18,9],  26 ms
44) [16,9],  25 ms
45) [19,12],  26 ms
46) [14,7],  26 ms

pela 20.0 wins

pela 20.0:  6736 ms/turn
pela 20.0:  4890 ms/turn
