 0) [11,11],  28 ms
 1) [11,12],  27 ms
 2) [12,13],  26 ms
 3) [12,12],  48 ms
 4) [10,12],  27 ms
 5) [10,13],  27 ms
 6) [12,11],  28 ms
 7) [9,11],  7329 ms
 8) [14,11],  20020 ms
 9) [13,11],  14434 ms
10) [14,10],  6599 ms
11) [14,12],  17203 ms
12) [12,10],  2045 ms
13) [13,9],  16728 ms
14) [13,10],  475 ms
15) [15,10],  6150 ms
16) [11,10],  2304 ms
17) [10,10],  60 ms
18) [12,9],  823 ms
19) [11,8],  6747 ms
20) [14,7],  57 ms
21) [13,8],  15501 ms
22) [12,8],  29 ms
23) [12,7],  26 ms
24) [14,9],  25 ms
25) [14,8],  26 ms
26) [8,11],  11327 ms
27) [15,8],  20040 ms
28) [15,12],  6466 ms
29) [16,13],  25 ms
30) [13,6],  6497 ms
31) [11,14],  20014 ms
32) [16,8],  5572 ms
33) [10,14],  20008 ms
34) [9,15],  12051 ms
35) [9,14],  925 ms
36) [8,14],  8841 ms
37) [9,13],  28 ms
38) [7,13],  7368 ms
39) [10,16],  38 ms
40) [6,12],  40 ms
41) [5,11],  30 ms
42) [10,17],  30 ms
43) [12,14],  28 ms
44) [13,14],  30 ms
45) [11,15],  71 ms
46) [13,13],  27 ms
47) [8,12],  28 ms
48) [12,16],  28 ms
49) [7,11],  28 ms

pela 20.0 wins

pela 20.0:  3630 ms/turn
pela 20.0:  5822 ms/turn
