 0) [9,8],  3017 ms
 1) [8,8],  27 ms
 2) [10,9],  43 ms
 3) [8,7],  27 ms
 4) [8,6],  19997 ms
 5) [10,8],  11385 ms
 6) [9,10],  17590 ms
 7) [8,11],  15341 ms
 8) [7,10],  7171 ms
 9) [6,11],  8462 ms
10) [8,10],  6691 ms
11) [10,10],  13689 ms
12) [7,11],  20005 ms
13) [9,9],  6573 ms
14) [11,11],  8718 ms
15) [6,10],  8969 ms
16) [7,9],  12000 ms
17) [7,8],  16509 ms
18) [6,9],  16377 ms
19) [7,13],  12953 ms
20) [11,12],  5865 ms
21) [9,11],  12292 ms
22) [8,12],  13572 ms
23) [7,7],  4643 ms
24) [6,6],  29 ms
25) [11,13],  4332 ms
26) [10,11],  551 ms
27) [12,13],  7814 ms
28) [10,12],  301 ms
29) [9,12],  8147 ms
30) [5,9],  228 ms
31) [4,9],  6975 ms
32) [9,13],  446 ms
33) [8,14],  5994 ms
34) [10,14],  52 ms
35) [11,15],  28 ms
36) [10,13],  49 ms
37) [10,15],  28 ms
38) [12,11],  33 ms
39) [13,10],  3688 ms
40) pbrain-pela:  I win !
40) [12,10],  29 ms
41) [13,9],  29 ms
42) [13,12],  28 ms
43) [11,10],  29 ms
44) [13,11],  29 ms
45) [14,11],  29 ms
46) [14,12],  28 ms
47) [12,12],  29 ms
48) [15,13],  28 ms
49) [16,14],  29 ms
50) [11,9],  28 ms

pela 20.0 wins

pela 20.0:  5920 ms/turn
pela 20.0:  5111 ms/turn
