 0) [11,9],  30 ms
 1) [12,9],  31 ms
 2) [11,8],  30 ms
 3) [11,7],  37 ms
 4) [10,9],  16225 ms
 5) [9,10],  20022 ms
 6) [7,9],  15908 ms
 7) [8,9],  8476 ms
 8) [10,11],  17101 ms
 9) [10,10],  20002 ms
10) [8,10],  13625 ms
11) [6,8],  20013 ms
12) [6,7],  8274 ms
13) [9,8],  20024 ms
14) [9,7],  12428 ms
15) [8,8],  20070 ms
16) [7,8],  6651 ms
17) [7,7],  8758 ms
18) [9,9],  12818 ms
19) [12,10],  7634 ms
20) [12,8],  11007 ms
21) [13,8],  14188 ms
22) [11,10],  9409 ms
23) [7,11],  14713 ms
24) [6,11],  5307 ms
25) [11,13],  17770 ms
26) [8,5],  2223 ms
27) [11,11],  20006 ms
28) [10,12],  5358 ms
29) [9,6],  6111 ms
30) [11,6],  2896 ms
31) [9,4],  9816 ms
32) [14,6],  1762 ms
33) [15,5],  20051 ms
34) [5,10],  5566 ms
35) [4,9],  6072 ms
36) [4,10],  4796 ms
37) [6,10],  7556 ms
38) [4,11],  1581 ms
39) [6,9],  8367 ms
40) [5,12],  2250 ms
41) [4,13],  20003 ms
42) [7,12],  3563 ms
43) [7,14],  11253 ms
44) [4,12],  1115 ms
45) [3,12],  20008 ms
46) [8,12],  51 ms
47) [6,12],  28 ms
48) [5,13],  101 ms
49) [5,14],  10145 ms
50) [9,12],  29 ms
51) [11,12],  31 ms
52) [8,13],  29 ms
53) [9,14],  29 ms
54) [5,11],  61 ms
55) [5,9],  143 ms
56) [8,14],  72 ms
57) [8,11],  46 ms
58) [8,16],  29 ms
59) [8,15],  28 ms
60) [6,14],  29 ms
61) [7,15],  30 ms
62) [3,11],  88 ms
63) [2,11],  29 ms
64) [2,10],  29 ms

pela 20.0 wins

pela 20.0:  4861 ms/turn
pela 20.0:  9734 ms/turn
