 0) [9,10],  27 ms
 1) [10,11],  28 ms
 2) [9,9],  28 ms
 3) [9,8],  28 ms
 4) [8,10],  20007 ms
 5) [10,10],  29 ms
 6) [8,11],  5860 ms
 7) [8,9],  20001 ms
 8) [10,7],  9574 ms
 9) [7,11],  12157 ms
10) [9,12],  17366 ms
11) [9,13],  16496 ms
12) [10,14],  16940 ms
13) [11,14],  8880 ms
14) [11,7],  9548 ms
15) [10,8],  14889 ms
16) [10,12],  13981 ms
17) [11,8],  5143 ms
18) [12,8],  18107 ms
19) [8,12],  14650 ms
20) [7,13],  5874 ms
21) [10,6],  9937 ms
22) [7,8],  15783 ms
23) [7,10],  5914 ms
24) [6,8],  6550 ms
25) [7,7],  3102 ms
26) [6,10],  19984 ms
27) [7,9],  9812 ms
28) [9,15],  9989 ms
29) [6,12],  2851 ms
30) [10,16],  20006 ms
31) [11,13],  8000 ms
32) [10,15],  20016 ms
33) [10,13],  28 ms
34) [12,13],  9563 ms
35) [5,12],  5346 ms
36) [6,11],  27 ms
37) [7,12],  6096 ms
38) [4,12],  28 ms
39) [10,17],  1864 ms
40) [11,17],  31 ms
41) [8,14],  29 ms
42) [11,15],  38 ms
43) [12,15],  4964 ms
44) [9,17],  32 ms
45) [8,18],  29 ms
46) [7,15],  31 ms
47) [8,15],  30 ms
48) [8,16],  28 ms
49) [6,14],  28 ms
50) [12,14],  28 ms
51) [13,13],  29 ms
52) [7,17],  29 ms
53) [6,18],  28 ms
54) [7,16],  30 ms
55) [7,14],  117 ms
56) [9,16],  28 ms
57) [11,16],  28 ms
58) [6,16],  29 ms

pela 20.0 wins

pela 20.0:  5190 ms/turn
pela 20.0:  7318 ms/turn
