 0) [10,11],  26 ms
 1) [11,11],  26 ms
 2) [11,10],  25 ms
 3) [10,10],  25 ms
 4) [12,9],  25 ms
 5) [13,8],  25 ms
 6) [14,9],  8606 ms
 7) [15,9],  10263 ms
 8) [12,12],  13356 ms
 9) [12,13],  6997 ms
10) [11,12],  18280 ms
11) [13,12],  20001 ms
12) [14,11],  19954 ms
13) [13,10],  13469 ms
14) [13,7],  12171 ms
15) [12,8],  10184 ms
16) [13,9],  9237 ms
17) [9,12],  13386 ms
18) [8,9],  9819 ms
19) [7,8],  13956 ms
20) [9,8],  12642 ms
21) [10,9],  11401 ms
22) [16,8],  9323 ms
23) [14,7],  9768 ms
24) [7,7],  5702 ms
25) [8,12],  20028 ms
26) [9,11],  5265 ms
27) [11,8],  128 ms
28) [14,8],  5413 ms
29) [8,11],  76 ms
30) [14,12],  2595 ms
31) [14,10],  25 ms
32) [9,10],  6779 ms
33) [8,14],  31 ms
34) [9,7],  2660 ms
35) [9,9],  26 ms
36) [8,13],  1693 ms
37) [7,10],  29 ms
38) [6,9],  34 ms
39) [10,13],  29 ms
40) [11,14],  26 ms
41) [6,12],  30 ms
42) [7,12],  27 ms
43) [9,13],  28 ms
44) [10,12],  27 ms
45) [7,11],  28 ms
46) [6,10],  27 ms
47) [8,10],  27 ms
48) [10,8],  26 ms
49) [5,13],  27 ms

pela 20.0 wins

pela 20.0:  5749 ms/turn
pela 20.0:  5200 ms/turn
