 0) [8,9],  26 ms
 1) [9,9],  26 ms
 2) [7,10],  27 ms
 3) [9,8],  25 ms
 4) [9,10],  13275 ms
 5) [7,8],  28 ms
 6) [10,8],  20014 ms
 7) [8,11],  9625 ms
 8) [11,10],  7326 ms
 9) [10,10],  18396 ms
10) [7,7],  19924 ms
11) [9,6],  11504 ms
12) [12,9],  7359 ms
13) [13,8],  20005 ms
14) [9,7],  14012 ms
15) [8,6],  17902 ms
16) [7,6],  5647 ms
17) [8,8],  9195 ms
18) [12,10],  4117 ms
19) [13,11],  15451 ms
20) [14,10],  12634 ms
21) [15,10],  13553 ms
22) [11,11],  6320 ms
23) [6,8],  20017 ms
24) [5,8],  25 ms
25) [8,7],  20009 ms
26) [10,5],  4994 ms
27) [13,9],  20005 ms
28) [13,10],  9204 ms
29) [10,7],  7221 ms
30) [8,5],  6266 ms
31) [6,7],  19999 ms
32) [6,9],  6969 ms
33) [12,11],  20017 ms
34) [5,7],  2045 ms
35) [4,7],  12268 ms
36) [11,12],  118 ms
37) [11,13],  12484 ms
38) [14,11],  65 ms
39) [15,12],  20052 ms
40) [10,11],  101 ms
41) [12,13],  26 ms
42) [8,13],  40 ms
43) [9,12],  27 ms
44) [5,10],  34 ms
45) [5,9],  8820 ms
46) [6,10],  30 ms
47) [8,10],  26 ms
48) [6,11],  29 ms
49) [7,12],  8439 ms
50) [3,10],  26 ms
51) [4,10],  27 ms
52) [6,13],  26 ms
53) [6,12],  27 ms
54) [5,12],  27 ms
55) [4,13],  27 ms
56) [4,11],  26 ms
57) [7,14],  29 ms
58) [2,9],  57 ms

pela 20.0 wins

pela 20.0:  4692 ms/turn
pela 20.0:  9835 ms/turn
