 0) [9,11],  28 ms
 1) [9,12],  28 ms
 2) [8,13],  28 ms
 3) [8,12],  29 ms
 4) [10,12],  29 ms
 5) [11,13],  28 ms
 6) [8,11],  19988 ms
 7) [6,11],  20037 ms
 8) [6,8],  17544 ms
 9) [8,10],  6990 ms
10) [6,12],  7224 ms
11) [11,11],  17370 ms
12) [11,14],  14015 ms
13) [12,12],  13699 ms
14) [10,14],  8090 ms
15) [10,15],  14674 ms
16) [13,13],  7756 ms
17) [8,14],  13530 ms
18) [5,11],  4485 ms
19) [4,10],  19790 ms
20) [8,8],  5638 ms
21) [9,8],  6135 ms
22) [6,6],  7505 ms
23) [7,7],  7768 ms
24) [11,10],  8342 ms
25) [13,14],  6427 ms
26) [6,7],  3592 ms
27) [6,9],  19988 ms
28) [7,10],  7007 ms
29) [5,8],  16850 ms
30) [4,6],  4809 ms
31) [6,5],  15158 ms
32) [8,7],  4978 ms
33) [5,6],  10201 ms
34) [7,4],  8195 ms
35) [8,4],  6011 ms
36) [5,13],  2910 ms
37) [5,14],  6824 ms
38) [8,5],  6838 ms
39) [9,6],  17496 ms
40) [4,12],  4492 ms
41) [3,13],  19998 ms
42) [5,7],  319 ms
43) [7,9],  20010 ms
44) [4,8],  54 ms
45) [2,10],  7523 ms
46) [8,9],  36 ms
47) [8,6],  27 ms
48) [4,7],  34 ms
49) [4,5],  7540 ms
50) [3,9],  30 ms
51) [7,5],  28 ms
52) [3,5],  29 ms
53) [2,4],  27 ms
54) [3,7],  32 ms
55) [2,7],  27 ms
56) [5,12],  31 ms
57) [3,12],  27 ms
58) [5,9],  27 ms
59) [5,10],  27 ms
60) [2,6],  27 ms
61) [6,10],  25 ms
62) [1,5],  26 ms

pela 20.0 wins

pela 20.0:  4504 ms/turn
pela 20.0:  8848 ms/turn
