 0) [10,8],  28 ms
 1) [11,8],  27 ms
 2) [11,9],  27 ms
 3) [10,9],  27 ms
 4) [12,7],  28 ms
 5) [12,8],  27 ms
 6) [13,7],  27 ms
 7) [11,7],  26 ms
 8) [15,9],  27 ms
 9) [14,8],  10061 ms
10) [15,7],  20029 ms
11) [15,8],  20017 ms
12) [13,8],  31 ms
13) [13,9],  10657 ms
14) [10,6],  10698 ms
15) [10,5],  8034 ms
16) [9,7],  6950 ms
17) [8,6],  8549 ms
18) [14,11],  20037 ms
19) [12,10],  6544 ms
20) [11,11],  16806 ms
21) [16,7],  13775 ms
22) [14,10],  5694 ms
23) [13,11],  10990 ms
24) [9,8],  8363 ms
25) [8,8],  20038 ms
26) [8,5],  4149 ms
27) [9,9],  9342 ms
28) [7,5],  12444 ms
29) [15,10],  6686 ms
30) [9,4],  10497 ms
31) [9,5],  20020 ms
32) [7,7],  9171 ms
33) [7,6],  15992 ms
34) [6,7],  3249 ms
35) [8,7],  16395 ms
36) [8,10],  4477 ms
37) [17,6],  10137 ms
38) [18,5],  2185 ms
39) [16,8],  6012 ms
40) [17,8],  4068 ms
41) [16,9],  12009 ms
42) [16,10],  2128 ms
43) [16,5],  451 ms
44) [16,6],  29 ms
45) [11,4],  11706 ms
46) [9,6],  2380 ms
47) [15,4],  8479 ms
48) [14,3],  2218 ms
49) [18,7],  7583 ms
50) [19,8],  28 ms
51) [7,4],  9044 ms
52) [5,7],  2472 ms
53) [6,6],  13786 ms
54) [17,10],  4533 ms
55) [17,11],  16457 ms
56) [12,6],  1187 ms
57) [13,6],  10517 ms
58) [11,5],  2061 ms
59) [13,3],  9747 ms
60) [7,10],  1879 ms
61) [4,7],  19998 ms
62) [5,6],  2795 ms
63) [7,8],  20003 ms
64) [5,5],  2751 ms
65) [13,10],  20000 ms
66) [14,9],  27 ms
67) [14,7],  20021 ms
68) [12,5],  27 ms
69) [5,4],  20004 ms
70) [5,9],  2344 ms
71) [5,8],  28 ms
72) [4,3],  2018 ms
73) [4,5],  13366 ms
74) [6,8],  1745 ms
75) [7,9],  5735 ms
76) [3,6],  1484 ms
77) [6,11],  20008 ms
78) [4,6],  1282 ms
79) [3,7],  5897 ms
80) [8,11],  1090 ms
81) [8,12],  5532 ms
82) [6,9],  927 ms
83) [9,12],  19993 ms
84) [7,12],  732 ms
85) [10,4],  19482 ms
86) [12,2],  680 ms
87) [14,5],  16666 ms
88) [14,4],  314 ms
89) [6,14],  14363 ms
90) [15,2],  563 ms
91) [13,4],  12250 ms
92) [15,6],  468 ms
93) [11,10],  10501 ms
94) [9,10],  132 ms
95) [6,10],  4652 ms
96) [10,11],  373 ms
97) [9,11],  4121 ms
98) [7,13],  98 ms
99) [4,10],  4737 ms
100) [7,14],  310 ms
101) [7,11],  27 ms
102) [6,13],  270 ms
103) [5,14],  27 ms
104) [9,13],  201 ms
105) [8,13],  7069 ms
106) [7,15],  203 ms
107) [7,16],  27 ms
108) [8,14],  176 ms
109) [10,12],  27 ms
110) [11,12],  131 ms
111) [12,13],  6061 ms
112) [9,15],  149 ms
113) [10,16],  1430 ms
114) [8,15],  109 ms
115) [9,16],  26 ms
116) [6,15],  28 ms
117) [10,15],  27 ms
118) [5,15],  27 ms

pela 20.0 wins

pela 20.0:  2989 ms/turn
pela 20.0:  9579 ms/turn
