 0) [8,9],  27 ms
 1) [8,10],  27 ms
 2) [9,9],  26 ms
 3) [10,9],  27 ms
 4) [8,8],  20005 ms
 5) [7,7],  10090 ms
 6) [8,5],  20028 ms
 7) [8,6],  8901 ms
 8) [6,8],  19996 ms
 9) [7,8],  6489 ms
10) [7,6],  15413 ms
11) [9,4],  13906 ms
12) [10,4],  7873 ms
13) [9,7],  19986 ms
14) [10,7],  11426 ms
15) [9,6],  20016 ms
16) [9,5],  6075 ms
17) [10,5],  8933 ms
18) [8,7],  11296 ms
19) [6,5],  11231 ms
20) [6,7],  5899 ms
21) [5,8],  9792 ms
22) [6,4],  5090 ms
23) [9,10],  18278 ms
24) [7,10],  8112 ms
25) [9,8],  20008 ms
26) [12,7],  5496 ms
27) [5,6],  19030 ms
28) [7,4],  3887 ms
29) [7,3],  19991 ms
30) [12,8],  5610 ms
31) [11,7],  6416 ms
32) [5,9],  1593 ms
33) [6,9],  20014 ms
34) [12,6],  4594 ms
35) [12,9],  7680 ms
36) [11,10],  2927 ms
37) [13,7],  10346 ms
38) [7,2],  1372 ms
39) [5,4],  9400 ms
40) [5,5],  3313 ms
41) [13,5],  19987 ms
42) [13,6],  842 ms
43) [12,5],  12070 ms
44) [4,6],  1990 ms
45) [3,7],  16255 ms
46) [11,9],  2150 ms
47) [11,11],  14185 ms
48) [8,11],  2040 ms
49) [10,12],  20002 ms
50) [14,5],  832 ms
51) [15,4],  9736 ms
52) [12,10],  1523 ms
53) [16,4],  10030 ms
54) [17,4],  1498 ms
55) [12,12],  15537 ms
56) [11,13],  429 ms
57) [11,5],  20007 ms
58) [11,4],  1234 ms
59) [3,5],  9050 ms
60) [3,8],  465 ms
61) [13,11],  10181 ms
62) [10,10],  736 ms
63) [14,11],  138 ms
64) [8,12],  34 ms
65) [9,11],  29 ms
66) [13,10],  35 ms
67) [14,10],  27 ms
68) [12,11],  887 ms
69) [15,9],  38 ms
70) [16,8],  28 ms
71) [14,9],  31 ms
72) [14,12],  746 ms
73) [14,8],  29 ms
74) [14,7],  29 ms
75) [17,11],  31 ms
76) [16,10],  28 ms
77) [16,11],  31 ms
78) [15,11],  28 ms
79) [16,9],  29 ms
80) [13,9],  27 ms
81) [17,9],  29 ms
82) [18,9],  27 ms
83) [15,10],  29 ms
84) [17,12],  29 ms
85) [17,8],  27 ms
86) [18,7],  28 ms
87) [13,12],  29 ms

pela 20.0 wins

pela 20.0:  3993 ms/turn
pela 20.0:  9047 ms/turn
