 0) [11,8],  28 ms
 1) [10,8],  26 ms
 2) [11,9],  25 ms
 3) [11,10],  25 ms
 4) [12,8],  17925 ms
 5) [13,7],  9960 ms
 6) [15,8],  20024 ms
 7) [14,8],  9538 ms
 8) [12,6],  20010 ms
 9) [12,7],  7117 ms
10) [15,7],  5754 ms
11) [15,6],  15355 ms
12) [14,6],  14387 ms
13) [16,8],  20015 ms
14) [13,8],  6815 ms
15) [9,8],  16941 ms
16) [9,7],  8098 ms
17) [8,10],  20013 ms
18) [9,10],  12406 ms
19) [8,9],  18950 ms
20) [8,7],  10337 ms
21) [7,7],  14037 ms
22) [10,7],  4571 ms
23) [9,6],  19999 ms
24) [7,9],  8515 ms
25) [11,5],  15430 ms
26) [9,9],  4389 ms
27) [6,8],  9046 ms
28) [8,8],  2593 ms
29) [6,10],  14170 ms
30) [5,9],  2341 ms
31) [14,5],  20020 ms
32) [13,4],  3173 ms
33) [6,11],  7203 ms
34) [6,9],  5531 ms
35) [15,9],  20000 ms
36) [16,10],  2836 ms
37) [14,10],  8588 ms
38) [13,11],  1925 ms
39) [4,9],  20012 ms
40) [7,10],  2048 ms
41) [17,7],  16209 ms
42) [18,6],  26 ms
43) [7,12],  13196 ms
44) [5,10],  3460 ms
45) [8,11],  6960 ms
46) [8,13],  1591 ms
47) [13,10],  15096 ms
48) [12,10],  1601 ms
49) [9,11],  14170 ms
50) [7,11],  1092 ms
51) [4,11],  17780 ms
52) [4,12],  1923 ms
53) [14,12],  9664 ms
54) [14,11],  742 ms
55) [5,8],  20011 ms
56) [6,7],  1767 ms
57) [12,11],  20004 ms
58) [13,12],  659 ms
59) [6,13],  8638 ms
60) [6,14],  633 ms
61) [3,8],  30 ms
62) [4,8],  1823 ms
63) [3,10],  15033 ms
64) [5,12],  871 ms
65) [5,13],  10347 ms
66) [2,11],  887 ms
67) [10,13],  9447 ms
68) [11,12],  591 ms
69) [16,6],  8141 ms
70) [16,5],  443 ms
71) [12,15],  20009 ms
72) [11,14],  1035 ms
73) [12,13],  16915 ms
74) [12,14],  404 ms
75) [11,13],  15995 ms
76) [13,13],  510 ms
77) [13,14],  13696 ms
78) [11,11],  876 ms
79) [12,12],  8307 ms
80) [3,9],  549 ms
81) [2,12],  6247 ms
82) [14,4],  304 ms
83) [12,4],  4094 ms
84) [12,5],  304 ms
85) [14,3],  9080 ms
86) [13,3],  594 ms
87) [13,5],  5236 ms
88) [16,11],  513 ms
89) [15,12],  2940 ms
90) [11,16],  320 ms
91) [14,15],  6622 ms
92) [15,16],  159 ms
93) [10,12],  2372 ms
94) [15,15],  360 ms
95) [17,8],  5328 ms
96) [18,9],  179 ms
97) [17,11],  4572 ms
98) [10,16],  280 ms
99) [9,17],  3908 ms
100) [5,14],  119 ms
101) [7,14],  3365 ms
102) [9,15],  234 ms
103) [11,17],  2859 ms
104) [10,17],  204 ms
105) [10,15],  1855 ms
106) [16,16],  83 ms
107) [14,14],  2203 ms
108) [13,15],  156 ms
109) [14,16],  1350 ms
110) [14,13],  24 ms
111) [15,14],  1689 ms
112) [17,14],  116 ms
113) [13,16],  449 ms
114) [16,13],  122 ms
115) [16,12],  1391 ms
116) [15,13],  71 ms
117) [17,13],  26 ms
118) [15,11],  36 ms
119) [3,13],  640 ms
120) [4,13],  75 ms
121) [3,12],  962 ms
122) [3,15],  48 ms
123) [8,6],  955 ms
124) [4,15],  35 ms
125) [4,16],  318 ms
126) [8,16],  41 ms
127) [7,16],  232 ms
128) [12,17],  46 ms
129) [7,15],  734 ms
130) [7,13],  55 ms
131) [8,14],  648 ms
132) [6,16],  32 ms
133) [6,18],  547 ms
134) [17,12],  30 ms
135) [18,13],  202 ms
136) [9,5],  33 ms
137) [10,6],  437 ms
138) [7,6],  26 ms
139) [7,18],  380 ms
140) [7,17],  26 ms
141) [5,15],  318 ms
142) [1,11],  28 ms
143) [2,10],  236 ms
144) [15,17],  28 ms
145) [15,18],  198 ms
146) [14,17],  25 ms
147) [16,17],  108 ms
148) [18,8],  28 ms
149) [18,7],  116 ms
150) [10,14],  28 ms
151) [2,9],  174 ms
152) [3,14],  27 ms
153) [1,12],  71 ms
154) [17,16],  29 ms
155) [19,7],  139 ms
156) [15,10],  27 ms
157) [14,9],  26 ms
158) [6,5],  28 ms
159) [9,16],  122 ms
160) [6,4],  27 ms
161) [8,17],  76 ms
162) [6,19],  26 ms
163) [1,8],  71 ms
164) [0,7],  25 ms
165) [17,9],  69 ms
166) [17,10],  25 ms
167) [16,9],  76 ms
168) [13,9],  25 ms
169) [6,6],  46 ms
170) [5,4],  28 ms
171) [4,3],  27 ms
172) [7,4],  28 ms
173) [8,4],  44 ms
174) [3,4],  28 ms
175) [4,4],  27 ms
176) [5,6],  28 ms
177) [4,5],  27 ms
178) [8,3],  27 ms
179) [9,2],  26 ms
180) [4,7],  27 ms

pela 20.0 wins

pela 20.0:  1982 ms/turn
pela 20.0:  6663 ms/turn
