 0) [12,8],  28 ms
 1) [11,8],  28 ms
 2) [13,7],  28 ms
 3) [11,9],  51 ms
 4) [11,7],  20034 ms
 5) [13,9],  31 ms
 6) [10,9],  9660 ms
 7) [12,6],  10689 ms
 8) [9,7],  6802 ms
 9) [10,7],  14517 ms
10) [12,9],  11753 ms
11) [12,11],  13558 ms
12) [11,11],  18524 ms
13) [9,6],  20006 ms
14) [8,5],  19057 ms
15) [11,4],  17317 ms
16) [11,6],  20001 ms
17) [7,5],  14829 ms
18) [12,3],  16224 ms
19) [12,5],  12699 ms
20) [8,4],  12598 ms
21) [10,6],  10888 ms
22) [10,11],  9353 ms
23) [10,12],  3089 ms
24) [7,8],  10957 ms
25) [8,8],  7001 ms
26) [7,11],  12000 ms
27) [9,11],  4954 ms
28) [9,10],  120 ms
29) [8,9],  3218 ms
30) [7,10],  30 ms
31) [7,9],  31 ms
32) [8,10],  26 ms
33) [10,10],  28 ms
34) [6,10],  28 ms
35) [5,10],  26 ms
36) [9,9],  28 ms
37) [10,8],  27 ms
38) [8,12],  28 ms
39) [5,9],  3429 ms
40) [6,12],  28 ms
41) [5,13],  25 ms
42) [6,9],  29 ms
43) [6,11],  26 ms
44) [9,12],  27 ms
45) [8,11],  25 ms
46) [11,10],  26 ms
47) [13,8],  25 ms
48) [8,13],  25 ms

pela 20.0 wins

pela 20.0:  5688 ms/turn
pela 20.0:  6696 ms/turn
