 0) [11,12],  57 ms
 1) [10,13],  26 ms
 2) [11,11],  25 ms
 3) [11,10],  27 ms
 4) [12,12],  20012 ms
 5) [10,12],  24 ms
 6) [9,8],  8392 ms
 7) [9,9],  10484 ms
 8) [10,14],  15029 ms
 9) [11,13],  9160 ms
10) [8,10],  10227 ms
11) [8,9],  9628 ms
12) [7,9],  12474 ms
13) [6,8],  10521 ms
14) [9,12],  15518 ms
15) [13,13],  45 ms
16) [12,13],  14051 ms
17) [12,11],  13643 ms
18) [13,15],  9862 ms
19) [14,15],  19997 ms
20) [12,16],  10610 ms
21) [11,15],  9204 ms
22) [12,14],  3815 ms
23) [12,15],  26 ms
24) [11,14],  7313 ms
25) [13,14],  8069 ms
26) [14,13],  4165 ms
27) [9,14],  9678 ms
28) [14,11],  6846 ms
29) [13,12],  17270 ms
30) [6,10],  3335 ms
31) [5,11],  17910 ms
32) [10,8],  2160 ms
33) [11,8],  7921 ms
34) [13,10],  4766 ms
35) [14,14],  13938 ms
36) [13,9],  4479 ms
37) [14,10],  20006 ms
38) [6,12],  2004 ms
39) [7,10],  27 ms
40) [8,12],  3558 ms
41) [7,12],  20001 ms
42) [8,13],  3031 ms
43) [7,11],  9939 ms
44) [7,14],  2609 ms
45) [6,15],  10569 ms
46) [9,7],  731 ms
47) [10,6],  16152 ms
48) [6,11],  2127 ms
49) [6,13],  14840 ms
50) [9,10],  1566 ms
51) [12,9],  16828 ms
52) [11,9],  574 ms
53) [8,6],  19252 ms
54) [9,6],  1521 ms
55) [5,14],  20002 ms
56) [8,11],  484 ms
57) [8,14],  26 ms
58) [13,11],  1239 ms
59) [12,10],  26 ms
60) [9,5],  522 ms
61) [9,4],  27 ms
62) [7,16],  626 ms
63) [4,15],  225 ms
64) [3,16],  26 ms
65) [5,15],  48 ms
66) [7,15],  317 ms
67) [7,17],  50 ms
68) [13,8],  298 ms
69) [13,7],  27 ms
70) [5,13],  436 ms
71) [4,14],  30 ms
72) [6,16],  224 ms
73) [4,16],  26 ms
74) [4,13],  281 ms
75) [3,14],  32 ms
76) [2,14],  654 ms
77) [6,17],  46 ms
78) [5,16],  26 ms
79) [4,17],  27 ms
80) [4,18],  27 ms
81) [5,17],  27 ms
82) [8,17],  26 ms
83) [3,17],  26 ms

pela 20.0 wins

pela 20.0:  4191 ms/turn
pela 20.0:  7281 ms/turn
