 0) [11,9],  29 ms
 1) [10,9],  28 ms
 2) [10,10],  28 ms
 3) [11,10],  29 ms
 4) [9,8],  29 ms
 5) [9,9],  29 ms
 6) [8,8],  28 ms
 7) [10,8],  29 ms
 8) [6,10],  30 ms
 9) [7,9],  8251 ms
10) [6,9],  20021 ms
11) [6,11],  10885 ms
12) [8,10],  14899 ms
13) [8,11],  18697 ms
14) [7,12],  20010 ms
15) [7,10],  20040 ms
16) [6,8],  12635 ms
17) [7,8],  17427 ms
18) [7,7],  20016 ms
19) [8,6],  10303 ms
20) [5,9],  10208 ms
21) [4,8],  9500 ms
22) [6,7],  16670 ms
23) [6,6],  26 ms
24) [4,9],  11573 ms
25) [5,12],  8970 ms
26) [4,13],  20035 ms
27) [5,8],  10829 ms
28) [3,12],  6456 ms
29) [4,10],  7692 ms
30) [2,13],  5994 ms
31) [3,13],  3717 ms
32) [4,11],  538 ms
33) [5,10],  28 ms
34) [2,11],  622 ms
35) [5,14],  6957 ms
36) [1,11],  126 ms
37) [5,11],  5348 ms
38) [5,13],  27 ms
39) [2,9],  2220 ms
40) [1,14],  26 ms
41) [0,15],  26 ms
42) [0,11],  25 ms
43) [3,11],  26 ms
44) [1,10],  26 ms
45) [0,9],  26 ms
46) [1,12],  26 ms
47) [1,13],  26 ms
48) [4,15],  25 ms
49) [3,14],  26 ms
50) [1,9],  26 ms
51) [1,8],  26 ms
52) [4,12],  26 ms
53) [4,14],  26 ms
54) [2,12],  26 ms
55) [0,12],  26 ms
56) [2,14],  26 ms
57) [2,15],  26 ms
58) [2,10],  31 ms

pela 20.0 wins

pela 20.0:  4870 ms/turn
pela 20.0:  5341 ms/turn
