 0) [12,11],  29 ms
 1) [11,12],  27 ms
 2) [12,10],  27 ms
 3) [12,9],  46 ms
 4) [13,11],  19990 ms
 5) [14,11],  27 ms
 6) [14,9],  7230 ms
 7) [14,12],  10592 ms
 8) [15,12],  6830 ms
 9) [15,8],  20015 ms
10) [13,8],  11161 ms
11) [15,10],  12047 ms
12) [13,12],  13213 ms
13) [14,13],  9582 ms
14) [14,14],  5955 ms
15) [13,13],  13874 ms
16) [16,10],  12736 ms
17) [13,9],  16521 ms
18) [16,11],  13699 ms
19) [16,14],  20003 ms
20) [12,14],  10329 ms
21) [12,12],  20013 ms
22) [15,14],  11250 ms
23) [16,12],  17032 ms
24) [14,8],  9641 ms
25) [12,13],  20001 ms
26) [11,13],  5729 ms
27) [11,14],  20009 ms
28) [10,8],  7454 ms
29) [12,8],  7884 ms
30) [17,13],  1904 ms
31) [11,9],  6671 ms
32) [9,11],  4492 ms
33) [10,12],  12425 ms
34) [11,10],  5480 ms
35) [9,8],  14893 ms
36) [9,9],  1397 ms
37) [9,12],  5000 ms
38) [8,12],  27 ms
39) [10,11],  2529 ms
40) [9,10],  1707 ms
41) [10,10],  119 ms
42) [10,13],  3242 ms
43) [13,7],  105 ms
44) [14,6],  26 ms
45) [15,13],  31 ms
46) [16,13],  28 ms
47) [18,16],  27 ms
48) [17,15],  27 ms
49) [14,7],  27 ms
50) [12,7],  2831 ms
51) [8,10],  10139 ms
52) [16,9],  2304 ms
53) [16,8],  10198 ms
54) [17,14],  1419 ms
55) [17,12],  19998 ms
56) [15,9],  1178 ms
57) [11,6],  13941 ms
58) [10,7],  1777 ms
59) [18,15],  8253 ms
60) [12,4],  1885 ms
61) [13,5],  19999 ms
62) [11,4],  1773 ms
63) [17,16],  20010 ms
64) [16,15],  1047 ms
65) [17,11],  16090 ms
66) [15,16],  1290 ms
67) [14,17],  11238 ms
68) [14,15],  1465 ms
69) [13,15],  8127 ms
70) [7,13],  1356 ms
71) [6,14],  20001 ms
72) [7,12],  1140 ms
73) [8,13],  20002 ms
74) [10,9],  338 ms
75) [8,11],  7868 ms
76) [13,6],  418 ms
77) [11,8],  26 ms
78) [11,7],  882 ms
79) [10,5],  15418 ms
80) [6,15],  249 ms
81) [7,15],  20006 ms
82) [12,5],  288 ms
83) [12,3],  20001 ms
84) [6,12],  213 ms
85) [10,3],  5818 ms
86) [5,13],  642 ms
87) [4,12],  17626 ms
88) [13,3],  221 ms
89) [10,4],  15088 ms
90) [10,2],  298 ms
91) [14,2],  4425 ms
92) [4,13],  282 ms
93) [15,11],  4041 ms
94) [14,10],  27 ms
95) [18,10],  6356 ms
96) [19,9],  26 ms
97) [8,14],  7257 ms
98) [9,13],  279 ms
99) [7,11],  9810 ms
100) [5,14],  321 ms
101) [3,12],  8398 ms
102) [6,13],  39 ms
103) [3,13],  27 ms
104) [3,16],  88 ms
105) [4,15],  26 ms
106) [5,16],  40 ms
107) [5,15],  6432 ms
108) [3,18],  188 ms
109) [4,17],  6271 ms
110) [3,15],  297 ms
111) [2,16],  25 ms
112) [3,17],  27 ms
113) [3,19],  25 ms
114) [3,14],  27 ms

pela 20.0 wins

pela 20.0:  3073 ms/turn
pela 20.0:  9867 ms/turn
