 0) [9,12],  26 ms
 1) [10,11],  26 ms
 2) [9,13],  26 ms
 3) [9,14],  45 ms
 4) [8,12],  9607 ms
 5) [10,12],  26 ms
 6) [10,15],  8837 ms
 7) [11,15],  11435 ms
 8) [10,10],  15041 ms
 9) [9,11],  7543 ms
10) [12,14],  12485 ms
11) [8,9],  19258 ms
12) [7,8],  19124 ms
13) [6,11],  14248 ms
14) [8,11],  5366 ms
15) [7,10],  10022 ms
16) [5,12],  12424 ms
17) [7,12],  16614 ms
18) [5,10],  10751 ms
19) [8,13],  15012 ms
20) [11,14],  6362 ms
21) [12,15],  6762 ms
22) [11,11],  6113 ms
23) [12,12],  7309 ms
24) [9,8],  6061 ms
25) [8,8],  20010 ms
26) [9,6],  9671 ms
27) [8,7],  12403 ms
28) [8,6],  5458 ms
29) [9,5],  9163 ms
30) [3,10],  3025 ms
31) [5,13],  6815 ms
32) [7,9],  5430 ms
33) [4,11],  11233 ms
34) [5,9],  499 ms
35) [5,11],  19998 ms
36) [3,11],  39 ms
37) [4,10],  20046 ms
38) [3,9],  35 ms
39) [3,8],  15470 ms
40) [3,12],  150 ms
41) [3,13],  25 ms
42) [4,9],  32 ms
43) [6,9],  25 ms
44) [1,9],  28 ms
45) [2,9],  25 ms
46) [1,12],  27 ms
47) [2,11],  24 ms
48) [4,12],  27 ms
49) [2,12],  24 ms
50) [2,10],  25 ms
51) [0,8],  25 ms
52) [1,11],  26 ms
53) [4,8],  73 ms
54) [1,10],  24 ms
55) [1,13],  25 ms
56) [1,8],  25 ms

pela 20.0 wins

pela 20.0:  4715 ms/turn
pela 20.0:  7988 ms/turn
