 0) [8,8],  30 ms
 1) [7,7],  30 ms
 2) [7,9],  30 ms
 3) [9,7],  30 ms
 4) [6,8],  31 ms
 5) [8,10],  30 ms
 6) [8,7],  9795 ms
 7) [6,9],  6956 ms
 8) [7,11],  6279 ms
 9) [7,8],  20036 ms
10) [8,11],  11838 ms
11) [5,11],  7532 ms
12) [7,6],  14547 ms
13) [6,5],  8788 ms
14) [10,9],  19671 ms
15) [10,11],  9050 ms
16) [10,6],  11584 ms
17) [8,9],  20023 ms
18) [9,10],  1606 ms
19) [11,8],  20005 ms
20) [9,5],  13619 ms
21) [8,4],  20024 ms
22) [10,3],  12566 ms
23) [10,5],  7004 ms
24) [7,10],  11205 ms
25) [7,12],  14322 ms
26) [5,6],  9331 ms
27) [4,6],  11537 ms
28) [6,4],  6747 ms
29) [5,12],  6629 ms
30) [11,10],  2456 ms
31) [9,8],  28 ms
32) [5,10],  4335 ms
33) [11,4],  16644 ms
34) [9,4],  6055 ms
35) [8,5],  10776 ms
36) [8,12],  4855 ms
37) [9,13],  14148 ms
38) [9,6],  3358 ms
39) [8,6],  14365 ms
40) [10,10],  3775 ms
41) [12,10],  19998 ms
42) [11,11],  3755 ms
43) [12,12],  12477 ms
44) [6,10],  3221 ms
45) [4,11],  20001 ms
46) [10,8],  1023 ms
47) [10,7],  25 ms
48) [6,13],  2640 ms
49) [12,11],  10232 ms
50) [12,9],  927 ms
51) [11,9],  19999 ms
52) [12,13],  1007 ms
53) [5,9],  8569 ms
54) [11,6],  1955 ms
55) [3,10],  7208 ms
56) [9,3],  1668 ms
57) [9,2],  25 ms
58) [12,6],  920 ms
59) [13,6],  25 ms
60) [3,9],  421 ms
61) [2,11],  31 ms
62) [3,11],  1250 ms
63) [4,9],  27 ms
64) [1,12],  672 ms
65) [2,9],  30 ms
66) [1,8],  26 ms
67) [2,8],  44 ms
68) [2,10],  757 ms
69) [6,7],  26 ms
70) [5,8],  25 ms
71) [3,7],  27 ms
72) [1,9],  41 ms
73) [4,7],  25 ms
74) [5,7],  25 ms
75) [4,8],  25 ms
76) [4,10],  26 ms
77) [4,5],  24 ms

pela 20.0 wins

pela 20.0:  4463 ms/turn
pela 20.0:  7866 ms/turn
