 0) [10,10],  28 ms
 1) [9,11],  30 ms
 2) [9,9],  29 ms
 3) [11,11],  29 ms
 4) [8,10],  29 ms
 5) [10,8],  29 ms
 6) [12,11],  18171 ms
 7) [7,10],  12728 ms
 8) [12,10],  8469 ms
 9) [11,10],  20034 ms
10) [11,8],  9718 ms
11) [12,9],  20001 ms
12) [9,12],  9242 ms
13) [6,11],  18171 ms
14) [5,12],  20012 ms
15) [5,11],  14914 ms
16) [7,11],  7151 ms
17) [5,13],  8946 ms
18) [3,11],  17108 ms
19) [6,9],  11586 ms
20) [5,8],  16626 ms
21) [10,7],  10501 ms
22) [8,9],  20001 ms
23) [8,8],  9001 ms
24) [7,9],  11143 ms
25) [10,9],  7732 ms
26) [10,6],  7873 ms
27) [5,7],  5945 ms
28) [8,7],  20012 ms
29) [7,6],  2700 ms
30) [6,6],  20005 ms
31) [6,14],  1801 ms
32) [7,15],  7467 ms
33) [7,12],  5123 ms
34) [6,13],  12231 ms
35) [8,15],  3688 ms
36) [6,7],  20012 ms
37) [3,10],  2737 ms
38) [5,10],  20014 ms
39) [7,13],  1876 ms
40) [8,12],  6556 ms
41) [10,14],  1281 ms
42) [11,13],  20007 ms
43) [5,15],  3015 ms
44) [4,10],  10773 ms
45) [5,9],  1873 ms
46) [4,16],  20013 ms
47) [9,14],  2312 ms
48) [10,15],  8085 ms
49) [8,13],  1456 ms
50) [8,14],  6653 ms
51) [12,13],  1791 ms
52) [6,17],  8383 ms
53) [5,17],  536 ms
54) [11,12],  7174 ms
55) [14,9],  814 ms
56) [14,7],  7232 ms
57) [15,10],  1332 ms
58) [13,9],  19994 ms
59) [16,11],  341 ms
60) [13,8],  20003 ms
61) [13,7],  439 ms
62) [14,11],  15572 ms
63) [9,16],  1035 ms
64) [4,15],  15615 ms
65) [3,16],  726 ms
66) [5,14],  12673 ms
67) [7,18],  336 ms
68) [15,12],  10092 ms
69) [12,12],  733 ms
70) [9,6],  6113 ms
71) [11,6],  637 ms
72) [16,9],  7599 ms
73) [15,8],  541 ms
74) [17,12],  7801 ms
75) [17,14],  465 ms
76) [15,7],  9192 ms
77) [4,14],  175 ms
78) [6,16],  19306 ms
79) [5,18],  135 ms
80) [4,17],  16554 ms
81) [14,8],  237 ms
82) [6,15],  14170 ms
83) [5,16],  183 ms
84) [5,19],  28 ms
85) [12,16],  150 ms
86) [11,16],  5667 ms
87) [11,15],  122 ms
88) [9,13],  11334 ms
89) [10,12],  28 ms
90) [12,15],  4809 ms
91) [13,14],  214 ms
92) [13,17],  9044 ms
93) [14,14],  98 ms
94) [4,19],  7746 ms
95) [4,18],  27 ms
96) [6,18],  5686 ms
97) [6,19],  27 ms
98) [11,14],  1642 ms
99) [10,13],  139 ms
100) [15,13],  5560 ms
101) [14,12],  75 ms
102) [13,13],  4705 ms
103) [15,16],  73 ms
104) [14,15],  4137 ms
105) [13,16],  83 ms
106) [16,16],  2494 ms
107) [7,5],  76 ms
108) [12,6],  1549 ms
109) [6,5],  126 ms
110) [7,4],  2080 ms
111) [16,10],  108 ms
112) [16,15],  2656 ms
113) [15,9],  95 ms
114) [17,11],  27 ms
115) [16,13],  49 ms
116) [16,14],  1640 ms
117) [15,15],  43 ms
118) [8,4],  904 ms
119) [9,4],  50 ms
120) [11,5],  1911 ms
121) [9,5],  33 ms
122) [8,5],  1108 ms
123) [8,3],  37 ms
124) [10,5],  1302 ms
125) [11,4],  52 ms
126) [3,12],  42 ms
127) [4,13],  52 ms
128) [9,7],  74 ms
129) [9,10],  28 ms
130) [12,4],  31 ms
131) [13,3],  27 ms
132) [13,5],  30 ms
133) [14,6],  28 ms
134) [12,5],  27 ms
135) [14,5],  29 ms
136) [12,3],  28 ms
137) [12,7],  29 ms
138) [12,2],  29 ms

pela 20.0 wins

pela 20.0:  2606 ms/turn
pela 20.0:  8445 ms/turn
