 0) [10,8],  27 ms
 1) [11,9],  27 ms
 2) [11,7],  26 ms
 3) [9,9],  26 ms
 4) [12,8],  27 ms
 5) [10,6],  26 ms
 6) [8,9],  12618 ms
 7) [13,8],  7710 ms
 8) [9,8],  20017 ms
 9) [8,8],  10558 ms
10) [10,10],  14054 ms
11) [10,7],  9689 ms
12) [11,5],  19052 ms
13) [11,6],  20003 ms
14) [9,6],  7587 ms
15) [14,9],  6659 ms
16) [12,7],  7386 ms
17) [12,6],  6652 ms
18) [13,6],  4705 ms
19) [10,9],  7248 ms
20) [12,9],  10438 ms
21) [11,4],  17756 ms
22) [7,8],  7411 ms
23) [9,10],  20045 ms
24) [13,4],  10892 ms
25) [14,5],  13027 ms
26) [6,6],  27 ms
27) [5,6],  8414 ms
28) [9,12],  9392 ms
29) [6,9],  13096 ms
30) [6,10],  5627 ms
31) [4,7],  28 ms
32) [5,8],  7017 ms
33) [14,10],  28 ms
34) [7,11],  6237 ms
35) [8,12],  8666 ms
36) [7,10],  516 ms
37) [7,12],  13388 ms
38) [6,11],  660 ms
39) [5,12],  28 ms
40) [8,11],  881 ms
41) [9,11],  20004 ms
42) [4,10],  659 ms
43) [5,10],  7193 ms
44) [7,9],  47 ms
45) [7,7],  27 ms
46) [5,11],  61 ms
47) [4,11],  26 ms
48) [3,9],  39 ms
49) [2,13],  8104 ms
50) [3,12],  27 ms
51) [2,8],  19720 ms
52) [3,10],  29 ms
53) [3,11],  16416 ms
54) [6,12],  30 ms
55) [7,13],  27 ms
56) [4,8],  29 ms
57) [5,7],  20036 ms
58) [3,7],  26 ms
59) [5,9],  43 ms
60) [3,8],  36 ms
61) [6,8],  27 ms
62) [3,6],  26 ms

pela 20.0 wins

pela 20.0:  4550 ms/turn
pela 20.0:  8216 ms/turn
