 0) [9,12],  27 ms
 1) [10,13],  27 ms
 2) [10,11],  26 ms
 3) [8,13],  26 ms
 4) [11,12],  27 ms
 5) [9,10],  26 ms
 6) [7,13],  13564 ms
 7) [12,12],  11769 ms
 8) [8,12],  8325 ms
 9) [7,12],  14844 ms
10) [9,14],  16156 ms
11) [9,11],  10057 ms
12) [10,9],  20002 ms
13) [10,10],  20000 ms
14) [8,10],  8858 ms
15) [13,13],  6188 ms
16) [11,11],  8344 ms
17) [11,10],  7862 ms
18) [12,10],  20002 ms
19) [9,13],  7224 ms
20) [11,13],  15057 ms
21) [11,15],  14569 ms
22) [12,14],  20001 ms
23) [13,9],  12516 ms
24) [7,11],  7536 ms
25) [6,12],  10717 ms
26) [6,11],  11857 ms
27) [15,15],  7357 ms
28) [16,16],  20037 ms
29) [10,15],  3089 ms
30) [12,15],  16541 ms
31) [13,15],  7655 ms
32) [13,14],  20001 ms
33) [12,13],  2022 ms
34) [13,12],  6830 ms
35) [11,14],  6289 ms
36) [9,16],  10973 ms
37) [10,8],  2990 ms
38) [10,16],  11603 ms
39) [11,16],  4967 ms
40) [11,17],  13466 ms
41) [9,15],  4257 ms
42) [13,7],  20002 ms
43) [15,13],  1645 ms
44) [16,13],  12980 ms
45) [17,15],  3148 ms
46) [14,12],  8519 ms
47) [16,14],  952 ms
48) [15,12],  10288 ms
49) [14,16],  306 ms
50) [14,13],  81 ms
51) [16,11],  26 ms
52) [13,17],  7386 ms
53) [14,14],  55 ms
54) [16,12],  11687 ms
55) [17,12],  26 ms
56) [17,13],  7111 ms
57) [18,13],  34 ms
58) [15,10],  9360 ms
59) [16,15],  26 ms
60) [14,15],  27 ms
61) [18,16],  26 ms
62) [19,17],  26 ms
63) [18,15],  27 ms
64) [19,15],  26 ms
65) [18,14],  26 ms
66) [18,17],  26 ms
67) [18,12],  26 ms

pela 20.0 wins

pela 20.0:  4728 ms/turn
pela 20.0:  9904 ms/turn
