 0) [10,8],  29 ms
 1) [11,8],  28 ms
 2) [11,9],  29 ms
 3) [10,9],  29 ms
 4) [12,10],  30 ms
 5) [13,11],  28 ms
 6) [14,10],  5788 ms
 7) [15,10],  6021 ms
 8) [12,7],  9320 ms
 9) [12,6],  20013 ms
10) [13,7],  13087 ms
11) [11,7],  6184 ms
12) [13,9],  20017 ms
13) [14,8],  6224 ms
14) [15,7],  14501 ms
15) [14,7],  16241 ms
16) [14,6],  8423 ms
17) [12,8],  11026 ms
18) [15,8],  20010 ms
19) [15,5],  16314 ms
20) [13,5],  9094 ms
21) [12,4],  8649 ms
22) [14,9],  16802 ms
23) [17,9],  12276 ms
24) [9,13],  8000 ms
25) [11,11],  7370 ms
26) [12,13],  13633 ms
27) [12,11],  3227 ms
28) [10,11],  9743 ms
29) [12,9],  9495 ms
30) [13,10],  6348 ms
31) [10,10],  6714 ms
32) [15,11],  13021 ms
33) [16,12],  2189 ms
34) [12,14],  8557 ms
35) [13,13],  6857 ms
36) [12,12],  20013 ms
37) [11,12],  4213 ms
38) [8,13],  11692 ms
39) [10,13],  1577 ms
40) [9,14],  20004 ms
41) [9,12],  2047 ms
42) [11,14],  29 ms
43) [10,14],  28 ms
44) [10,15],  29 ms
45) [9,16],  45 ms
46) [7,12],  28 ms
47) [11,16],  28 ms
48) [6,11],  28 ms

pela 20.0 wins

pela 20.0:  6117 ms/turn
pela 20.0:  9130 ms/turn
