 0) [12,8],  27 ms
 1) [11,7],  29 ms
 2) [12,9],  27 ms
 3) [12,10],  38 ms
 4) [13,8],  17933 ms
 5) [14,8],  27 ms
 6) [14,10],  6129 ms
 7) [14,7],  11062 ms
 8) [15,7],  8371 ms
 9) [10,8],  11999 ms
10) [12,6],  18090 ms
11) [12,7],  8383 ms
12) [11,9],  18525 ms
13) [13,9],  19992 ms
14) [10,7],  9772 ms
15) [14,6],  10339 ms
16) [14,5],  14451 ms
17) [9,6],  20058 ms
18) [12,12],  9072 ms
19) [11,13],  7798 ms
20) [10,12],  5637 ms
21) [9,12],  9459 ms
22) [8,9],  10331 ms
23) [9,9],  13827 ms
24) [8,10],  6067 ms
25) [10,10],  20047 ms
26) [9,10],  3723 ms
27) [10,11],  20045 ms
28) [15,6],  7406 ms
29) [15,8],  17150 ms
30) [9,8],  1473 ms
31) [7,10],  13173 ms
32) [13,4],  465 ms
33) [12,3],  7034 ms
34) [12,5],  182 ms
35) [11,6],  25 ms
36) [15,5],  274 ms
37) [13,5],  13542 ms
38) [15,4],  75 ms
39) [15,3],  25 ms
40) [16,3],  37 ms
41) [17,2],  18002 ms
42) [16,7],  26 ms
43) [17,8],  26 ms
44) [16,4],  27 ms
45) [14,4],  11157 ms
46) [16,5],  26 ms
47) [16,6],  25 ms
48) [18,7],  27 ms
49) [16,2],  20015 ms
50) [17,1],  25 ms
51) [14,3],  13992 ms
52) [18,5],  25 ms
53) [17,5],  25 ms
54) [11,3],  5651 ms
55) [8,13],  27 ms
56) [7,14],  25 ms
57) [10,13],  26 ms
58) [8,11],  37 ms
59) [9,13],  24 ms
60) [12,13],  26 ms
61) [7,13],  25 ms

pela 20.0 wins

pela 20.0:  4643 ms/turn
pela 20.0:  8625 ms/turn
