 0) [9,12],  27 ms
 1) [9,11],  26 ms
 2) [8,11],  26 ms
 3) [8,12],  37 ms
 4) [7,13],  26 ms
 5) [8,13],  27 ms
 6) [7,14],  26 ms
 7) [7,12],  27 ms
 8) [9,16],  33 ms
 9) [8,15],  6753 ms
10) [7,16],  20012 ms
11) [8,16],  20008 ms
12) [8,14],  25 ms
13) [9,14],  8430 ms
14) [6,11],  9315 ms
15) [5,11],  20009 ms
16) [7,10],  6504 ms
17) [6,9],  7699 ms
18) [11,15],  20034 ms
19) [11,14],  7468 ms
20) [7,15],  17848 ms
21) [7,17],  26 ms
22) [10,16],  17914 ms
23) [9,15],  12492 ms
24) [6,18],  18643 ms
25) [6,16],  4506 ms
26) [11,13],  14426 ms
27) [13,13],  13203 ms
28) [10,15],  20002 ms
29) [13,14],  11374 ms
30) [12,14],  9222 ms
31) [12,16],  7620 ms
32) [13,16],  6791 ms
33) [8,18],  7307 ms
34) [5,15],  20003 ms
35) [10,17],  3366 ms
36) [8,17],  17143 ms
37) [5,14],  3120 ms
38) [12,12],  16727 ms
39) [14,16],  3015 ms
40) [14,13],  20007 ms
41) [12,11],  4810 ms
42) [11,12],  12397 ms
43) [10,12],  5516 ms
44) [8,10],  13365 ms
45) [8,9],  4746 ms
46) [5,9],  8068 ms
47) [11,17],  4061 ms
48) [15,13],  11064 ms
49) [15,12],  3467 ms
50) [13,15],  6640 ms
51) [10,9],  2972 ms
52) [10,10],  19988 ms
53) [9,10],  2546 ms
54) [9,9],  7922 ms
55) [11,11],  2188 ms
56) [13,11],  5268 ms
57) [14,10],  548 ms
58) [6,14],  17378 ms
59) [6,12],  1794 ms
60) [6,7],  14918 ms
61) [6,19],  628 ms
62) [4,10],  19997 ms
63) [7,7],  1453 ms
64) [5,10],  1133 ms
65) [6,10],  26 ms
66) [4,12],  46 ms
67) [3,11],  521 ms
68) [4,13],  31 ms
69) [4,14],  28 ms
70) [4,9],  34 ms
71) [4,11],  27 ms
72) [5,8],  28 ms
73) [2,11],  33 ms
74) [1,11],  26 ms
75) [7,6],  26 ms
76) [3,8],  28 ms
77) [2,7],  25 ms
78) [5,7],  28 ms
79) [5,6],  26 ms
80) [4,8],  29 ms
81) [6,8],  26 ms
82) [4,6],  26 ms
83) [4,7],  26 ms
84) [2,10],  25 ms
85) [3,9],  27 ms
86) [5,12],  27 ms
87) [3,14],  25 ms
88) [1,10],  25 ms
89) [3,10],  27 ms
90) [1,8],  27 ms
91) [2,8],  28 ms
92) [1,9],  26 ms
93) [1,12],  26 ms
94) [1,7],  26 ms

pela 20.0 wins

pela 20.0:  3662 ms/turn
pela 20.0:  7777 ms/turn
