 0) [12,11],  28 ms
 1) [13,12],  27 ms
 2) [12,10],  27 ms
 3) [12,9],  26 ms
 4) [11,11],  6377 ms
 5) [10,11],  27 ms
 6) [10,9],  20013 ms
 7) [13,9],  16851 ms
 8) [13,8],  7135 ms
 9) [10,8],  20058 ms
10) [11,10],  6265 ms
11) [11,12],  18778 ms
12) [13,14],  20015 ms
13) [9,8],  6645 ms
14) [9,10],  7288 ms
15) [10,10],  7663 ms
16) [8,8],  16096 ms
17) [12,8],  12552 ms
18) [14,10],  13819 ms
19) [15,10],  19060 ms
20) [14,11],  9598 ms
21) [13,11],  10556 ms
22) [12,12],  3422 ms
23) [12,14],  19995 ms
24) [13,13],  5176 ms
25) [14,14],  12802 ms
26) [7,9],  9263 ms
27) [8,11],  19177 ms
28) [8,12],  7943 ms
29) [6,10],  10115 ms
30) [15,12],  3043 ms
31) [14,13],  20018 ms
32) [14,16],  4719 ms
33) [13,7],  12750 ms
34) [11,9],  4829 ms
35) [7,10],  6690 ms
36) [6,11],  4994 ms
37) [14,9],  20019 ms
38) [16,9],  1411 ms
39) [15,8],  6827 ms
40) [15,7],  4091 ms
41) [9,12],  6700 ms
42) [10,13],  2249 ms
43) [12,6],  20010 ms
44) [12,7],  1666 ms
45) [11,8],  18812 ms
46) [9,6],  2917 ms
47) [14,6],  20004 ms
48) [9,9],  1435 ms
49) [8,9],  27 ms
50) [11,6],  29 ms
51) [16,7],  32 ms
52) [10,5],  28 ms
53) [9,4],  29 ms
54) [17,6],  29 ms
55) [16,4],  29 ms
56) [15,5],  27 ms
57) [14,8],  30 ms
58) [11,5],  2306 ms
59) [14,5],  32 ms
60) [14,7],  27 ms
61) [15,9],  34 ms
62) [16,10],  28 ms
63) [16,6],  29 ms
64) [16,5],  26 ms
65) [15,6],  28 ms
66) [13,6],  26 ms
67) [13,4],  27 ms
68) [17,8],  28 ms
69) [12,3],  27 ms

pela 20.0 wins

pela 20.0:  4753 ms/turn
pela 20.0:  8756 ms/turn
