 0) [8,10],  28 ms
 1) [7,10],  29 ms
 2) [8,9],  27 ms
 3) [8,8],  29 ms
 4) [7,7],  19062 ms
 5) [5,8],  20000 ms
 6) [6,9],  8213 ms
 7) [7,9],  18171 ms
 8) [9,7],  20010 ms
 9) [8,7],  10863 ms
10) [5,11],  7999 ms
11) [5,9],  13397 ms
12) [4,8],  17802 ms
13) [6,12],  20011 ms
14) [7,5],  15266 ms
15) [6,4],  9638 ms
16) [9,5],  4406 ms
17) [9,6],  20002 ms
18) [4,7],  12454 ms
19) [4,6],  20000 ms
20) [7,3],  9787 ms
21) [7,4],  10958 ms
22) [8,5],  3791 ms
23) [10,5],  20017 ms
24) [7,8],  8744 ms
25) [8,4],  7749 ms
26) [9,4],  3661 ms
27) [6,5],  6776 ms
28) [5,4],  3358 ms
29) [10,3],  6541 ms
30) [11,4],  4999 ms
31) [7,12],  20020 ms
32) [7,13],  5797 ms
33) [10,4],  5664 ms
34) [10,6],  4961 ms
35) [6,13],  14501 ms
36) [6,14],  4128 ms
37) [5,12],  10954 ms
38) [8,12],  2589 ms
39) [9,11],  11469 ms
40) [3,10],  3267 ms
41) [3,7],  13683 ms
42) [6,3],  1282 ms
43) [9,3],  20009 ms
44) [10,2],  2247 ms
45) [8,11],  20002 ms
46) [9,10],  2297 ms
47) [6,7],  9881 ms
48) [6,8],  1978 ms
49) [10,11],  14066 ms
50) [5,15],  1372 ms
51) [4,16],  27 ms
52) [7,11],  1507 ms
53) [4,5],  9562 ms
54) [5,5],  1280 ms
55) [5,6],  10064 ms
56) [6,6],  481 ms
57) [3,9],  20003 ms
58) [5,10],  1016 ms
59) [4,11],  20001 ms
60) [3,12],  750 ms
61) [4,15],  5214 ms
62) [5,14],  27 ms
63) [4,13],  20009 ms
64) [3,3],  767 ms
65) [4,4],  26 ms
66) [4,14],  661 ms
67) [3,14],  16514 ms
68) [6,11],  27 ms
69) [5,16],  133 ms
70) [2,13],  391 ms
71) [7,14],  112 ms
72) [8,15],  26 ms
73) [2,15],  27 ms
74) [1,16],  26 ms
75) [6,17],  27 ms
76) [7,18],  26 ms
77) [4,17],  33 ms
78) [6,15],  26 ms
79) [3,16],  27 ms
80) [5,18],  26 ms
81) [6,16],  25 ms
82) [7,16],  26 ms
83) [2,16],  25 ms

pela 20.0 wins

pela 20.0:  4204 ms/turn
pela 20.0:  10 s/turn
