 0) [11,11],  29 ms
 1) [12,12],  29 ms
 2) [10,12],  28 ms
 3) [12,10],  30 ms
 4) [11,13],  29 ms
 5) [9,11],  29 ms
 6) [12,9],  14034 ms
 7) [11,14],  11401 ms
 8) [11,10],  7420 ms
 9) [11,9],  15603 ms
10) [13,11],  19999 ms
11) [10,11],  12469 ms
12) [8,12],  20022 ms
13) [9,12],  20012 ms
14) [9,10],  6632 ms
15) [12,15],  6273 ms
16) [10,13],  20003 ms
17) [9,13],  9582 ms
18) [9,14],  17108 ms
19) [12,11],  5106 ms
20) [12,13],  8470 ms
21) [14,13],  14205 ms
22) [13,14],  20001 ms
23) [8,15],  12181 ms
24) [13,10],  6499 ms
25) [13,8],  10446 ms
26) [7,12],  20017 ms
27) [8,11],  7850 ms
28) [6,12],  20011 ms
29) [5,12],  3445 ms
30) [6,11],  6526 ms
31) [8,13],  7342 ms
32) [7,14],  28 ms
33) [7,13],  2131 ms
34) [6,10],  995 ms
35) [6,13],  5971 ms
36) [5,13],  27 ms
37) [8,10],  2506 ms
38) [4,14],  95 ms
39) [3,15],  1862 ms
40) [6,14],  77 ms
41) [5,14],  1711 ms
42) [4,12],  67 ms
43) [3,11],  3567 ms
44) [6,9],  77 ms
45) [6,8],  27 ms
46) [7,9],  176 ms
47) [8,8],  1782 ms
48) [4,9],  53 ms
49) [5,9],  33 ms
50) [4,10],  27 ms
51) [4,11],  27 ms
52) [5,10],  28 ms
53) [3,8],  27 ms
54) [3,10],  27 ms
55) [7,10],  27 ms
56) [2,10],  28 ms

pela 20.0 wins

pela 20.0:  5559 ms/turn
pela 20.0:  6501 ms/turn
