 0) [10,10],  29 ms
 1) [11,10],  27 ms
 2) [11,9],  29 ms
 3) [10,9],  47 ms
 4) [12,11],  28 ms
 5) [12,10],  28 ms
 6) [13,11],  30 ms
 7) [11,11],  29 ms
 8) [15,9],  27 ms
 9) [14,10],  9239 ms
10) [15,10],  10049 ms
11) [15,8],  9309 ms
12) [13,9],  13475 ms
13) [13,8],  13359 ms
14) [14,7],  20002 ms
15) [14,9],  19484 ms
16) [15,11],  13454 ms
17) [14,11],  6419 ms
18) [14,12],  7890 ms
19) [13,13],  6826 ms
20) [16,10],  6068 ms
21) [17,11],  16072 ms
22) [16,8],  15575 ms
23) [16,7],  13235 ms
24) [17,6],  13327 ms
25) [17,9],  20001 ms
26) [15,12],  4580 ms
27) [15,13],  30 ms
28) [14,6],  10750 ms
29) [13,7],  20017 ms
30) [13,5],  4491 ms
31) [14,4],  13850 ms
32) [12,4],  3238 ms
33) [15,7],  26 ms
34) [13,3],  2837 ms
35) [12,3],  11028 ms
36) [17,7],  7751 ms
37) [11,5],  11220 ms
38) [14,13],  4026 ms
39) [16,11],  20005 ms
40) [18,6],  5680 ms
41) [19,5],  24 ms
42) [14,14],  3851 ms
43) [14,15],  20025 ms
44) [10,4],  2250 ms
45) [10,2],  20001 ms
46) [15,5],  2105 ms
47) [15,6],  8545 ms
48) [17,5],  4079 ms
49) [17,4],  13839 ms
50) [14,5],  1148 ms
51) [16,5],  24 ms
52) [16,3],  3308 ms
53) [11,4],  13122 ms
54) [10,5],  907 ms
55) [13,14],  20004 ms
56) [13,16],  2704 ms
57) [18,10],  20003 ms
58) [15,16],  1464 ms
59) [11,8],  7462 ms
60) [11,6],  2106 ms
61) [12,8],  9493 ms
62) [14,8],  26 ms
63) [13,6],  7553 ms
64) [12,7],  1819 ms
65) [11,1],  19985 ms
66) [11,2],  1548 ms
67) [11,12],  20000 ms
68) [10,11],  501 ms
69) [10,12],  7147 ms
70) [9,13],  1275 ms
71) [19,9],  13979 ms
72) [16,12],  24 ms
73) [19,2],  513 ms
74) [18,3],  24 ms
75) [13,12],  236 ms
76) [11,13],  613 ms
77) [16,4],  20002 ms
78) [15,4],  521 ms
79) [12,16],  19997 ms
80) [10,14],  663 ms
81) [9,15],  20010 ms
82) [10,7],  259 ms
83) [10,6],  20014 ms
84) [8,12],  264 ms
85) [7,11],  18256 ms
86) [9,14],  731 ms
87) [8,13],  15642 ms
88) [15,3],  361 ms
89) [9,8],  13404 ms
90) [10,8],  28 ms
91) [17,3],  4138 ms
92) [9,7],  300 ms
93) [8,6],  10891 ms
94) [15,1],  439 ms
95) [15,2],  28 ms
96) [9,12],  385 ms
97) [9,11],  6326 ms
98) [17,2],  434 ms
99) [18,1],  27 ms
100) [8,14],  363 ms
101) [11,14],  8454 ms
102) [7,7],  121 ms
103) [8,7],  5372 ms
104) [7,6],  27 ms
105) [9,4],  5312 ms
106) [8,4],  170 ms
107) [7,8],  5737 ms
108) [6,9],  109 ms
109) [7,14],  1511 ms
110) [10,15],  207 ms
111) [18,12],  4253 ms
112) [6,6],  125 ms
113) [8,8],  4047 ms
114) [8,9],  96 ms
115) [7,5],  2552 ms
116) [7,12],  138 ms
117) [6,12],  3153 ms
118) [6,8],  171 ms
119) [6,7],  1024 ms
120) [18,13],  197 ms
121) [5,9],  1581 ms
122) [5,14],  121 ms
123) [8,11],  713 ms
124) [5,11],  116 ms
125) [6,13],  1078 ms
126) [5,13],  30 ms
127) [5,12],  634 ms
128) [4,11],  49 ms
129) [16,0],  1810 ms
130) [9,16],  45 ms
131) [5,17],  1699 ms
132) [2,14],  30 ms
133) [6,14],  961 ms
134) [6,15],  48 ms
135) [4,13],  839 ms
136) [6,11],  28 ms
137) [3,11],  1068 ms
138) [3,13],  42 ms
139) [4,12],  812 ms
140) [4,6],  33 ms
141) [3,6],  355 ms
142) [5,5],  34 ms
143) [4,4],  468 ms
144) [3,5],  32 ms
145) [5,7],  274 ms
146) [17,13],  29 ms
147) [18,14],  616 ms
148) [10,16],  29 ms
149) [10,17],  629 ms
150) [3,14],  29 ms
151) [4,14],  393 ms
152) [2,13],  29 ms
153) [3,12],  191 ms
154) [2,12],  27 ms
155) [2,15],  369 ms
156) [7,16],  29 ms
157) [8,16],  215 ms
158) [17,16],  29 ms
159) [17,14],  182 ms
160) [3,16],  29 ms
161) [3,17],  296 ms
162) [4,16],  27 ms
163) [5,16],  345 ms
164) [4,15],  29 ms
165) [3,7],  304 ms
166) [4,8],  29 ms
167) [12,15],  170 ms
168) [12,14],  30 ms
169) [3,4],  123 ms
170) [2,7],  28 ms
171) [1,12],  135 ms
172) [5,4],  29 ms
173) [2,5],  185 ms
174) [5,6],  29 ms
175) [2,11],  130 ms
176) [4,17],  30 ms
177) [1,10],  100 ms
178) [0,9],  27 ms
179) [1,9],  68 ms
180) [1,11],  27 ms
181) [3,10],  67 ms
182) [4,9],  28 ms
183) [2,10],  27 ms
184) [0,8],  27 ms
185) [4,10],  28 ms
186) [5,10],  28 ms
187) [0,10],  27 ms

pela 20.0 wins

pela 20.0:  1919 ms/turn
pela 20.0:  6374 ms/turn
