 0) [11,12],  27 ms
 1) [10,13],  27 ms
 2) [11,11],  27 ms
 3) [11,10],  26 ms
 4) [12,12],  20013 ms
 5) [10,12],  28 ms
 6) [9,8],  10580 ms
 7) [9,9],  13690 ms
 8) [10,14],  20025 ms
 9) [11,13],  13023 ms
10) [8,10],  14349 ms
11) [8,8],  12726 ms
12) [8,9],  5939 ms
13) [7,10],  8039 ms
14) [9,12],  7430 ms
15) [8,12],  6373 ms
16) [7,7],  5344 ms
17) [7,6],  20007 ms
18) [6,7],  13760 ms
19) [5,7],  8141 ms
20) [6,8],  5083 ms
21) [5,6],  20018 ms
22) [4,6],  11079 ms
23) [8,6],  20047 ms
24) [6,6],  6680 ms
25) [6,9],  15258 ms
26) [5,8],  3586 ms
27) [6,5],  7191 ms
28) [8,5],  3481 ms
29) [10,11],  20007 ms
30) [10,9],  7500 ms
31) [14,12],  19989 ms
32) [12,14],  2978 ms
33) [13,14],  20007 ms
34) [10,7],  5297 ms
35) [11,8],  10492 ms
36) [4,5],  5015 ms
37) [4,4],  7758 ms
38) [5,4],  3229 ms
39) [3,6],  7270 ms
40) [6,3],  2631 ms
41) [9,6],  20003 ms
42) [11,6],  3117 ms
43) [12,5],  29 ms
44) [9,13],  1165 ms
45) [13,15],  20003 ms
46) [14,13],  1727 ms
47) [14,14],  20008 ms
48) [12,16],  2844 ms
49) [11,15],  20001 ms
50) [13,16],  1005 ms
51) [12,17],  5807 ms
52) [8,3],  2297 ms
53) [7,2],  19986 ms
54) [7,3],  690 ms
55) [5,3],  20002 ms
56) [6,4],  447 ms
57) [5,5],  13925 ms
58) [9,7],  49 ms
59) [8,7],  27 ms
60) [10,5],  82 ms
61) [10,6],  54 ms
62) [9,3],  27 ms
63) [10,3],  27 ms
64) [9,4],  26 ms
65) [12,7],  27 ms
66) [8,4],  27 ms
67) [7,4],  27 ms
68) [8,2],  26 ms
69) [8,1],  26 ms
70) [9,1],  26 ms
71) [10,0],  25 ms
72) [9,2],  25 ms
73) [9,5],  25 ms
74) [9,0],  57 ms

pela 20.0 wins

pela 20.0:  4412 ms/turn
pela 20.0:  10 s/turn
