 0) [12,12],  29 ms
 1) [13,12],  28 ms
 2) [11,13],  27 ms
 3) [13,11],  29 ms
 4) [13,10],  13019 ms
 5) [11,12],  7971 ms
 6) [12,14],  11883 ms
 7) [13,15],  9276 ms
 8) [13,14],  9914 ms
 9) [11,14],  13837 ms
10) [13,13],  16657 ms
11) [12,13],  8953 ms
12) [10,15],  13467 ms
13) [10,16],  9576 ms
14) [15,12],  10990 ms
15) [14,11],  6716 ms
16) [15,10],  27 ms
17) [15,11],  14363 ms
18) [12,11],  28 ms
19) [16,10],  8428 ms
20) [17,11],  5129 ms
21) [14,14],  20004 ms
22) [11,17],  6789 ms
23) [14,12],  14364 ms
24) [14,13],  10373 ms
25) [12,15],  6135 ms
26) [13,16],  9119 ms
27) [16,11],  20050 ms
28) [16,12],  10391 ms
29) [15,13],  16302 ms
30) [16,14],  28 ms
31) [8,16],  6423 ms
32) [12,17],  8889 ms
33) [13,17],  11364 ms
34) [11,11],  7606 ms
35) [10,10],  12588 ms
36) [11,16],  3922 ms
37) [13,18],  20004 ms
38) [15,15],  5969 ms
39) [8,15],  11004 ms
40) [11,9],  1655 ms
41) [7,16],  20051 ms
42) [11,18],  3568 ms
43) [14,15],  18361 ms
44) [11,15],  1820 ms
45) [11,19],  27 ms
46) [9,14],  1884 ms
47) [8,13],  27 ms
48) [8,14],  55 ms
49) [6,16],  29 ms
50) [9,16],  27 ms
51) [5,16],  62 ms
52) [4,16],  27 ms
53) [7,14],  27 ms
54) [6,15],  3252 ms
55) [7,15],  29 ms
56) [7,13],  1528 ms
57) [7,18],  28 ms
58) [7,17],  29 ms
59) [9,17],  29 ms
60) [10,18],  28 ms
61) [6,14],  28 ms
62) [5,13],  29 ms
63) [6,17],  29 ms
64) [4,15],  2480 ms
65) [5,18],  28 ms
66) [4,19],  28 ms
67) [4,18],  28 ms
68) [6,18],  27 ms
69) [5,17],  28 ms
70) [3,19],  27 ms
71) [5,15],  28 ms
72) [5,19],  27 ms
73) [5,14],  27 ms

pela 20.0 wins

pela 20.0:  4344 ms/turn
pela 20.0:  6926 ms/turn
