 0) [9,8],  27 ms
 1) [8,8],  26 ms
 2) [9,7],  26 ms
 3) [9,6],  26 ms
 4) [10,8],  10873 ms
 5) [11,9],  20008 ms
 6) [13,8],  16623 ms
 7) [12,8],  7383 ms
 8) [10,10],  20065 ms
 9) [10,9],  7680 ms
10) [13,9],  20021 ms
11) [13,10],  14770 ms
12) [12,10],  14326 ms
13) [14,8],  6863 ms
14) [11,8],  5893 ms
15) [7,8],  17651 ms
16) [7,9],  8530 ms
17) [6,6],  6208 ms
18) [8,7],  11292 ms
19) [6,8],  6732 ms
20) [7,6],  8058 ms
21) [6,7],  5115 ms
22) [6,5],  15123 ms
23) [5,4],  26 ms
24) [9,10],  18994 ms
25) [8,10],  5892 ms
26) [9,9],  20035 ms
27) [9,11],  27 ms
28) [5,8],  16947 ms
29) [4,4],  5508 ms
30) [5,6],  6935 ms
31) [7,4],  4229 ms
32) [6,4],  8633 ms
33) [6,3],  756 ms
34) [10,7],  11008 ms
35) [5,2],  89 ms
36) [8,5],  27 ms
37) [5,5],  47 ms
38) [7,7],  26 ms
39) [11,7],  27 ms
40) [8,6],  33 ms
41) [7,5],  26 ms
42) [7,2],  27 ms
43) [3,0],  27 ms
44) [4,1],  26 ms
45) [3,3],  27 ms
46) [2,2],  26 ms
47) [5,3],  25 ms
48) [5,1],  25 ms
49) [4,3],  25 ms
50) [7,3],  25 ms
51) [2,3],  26 ms

pela 20.0 wins

pela 20.0:  4200 ms/turn
pela 20.0:  8216 ms/turn
