 0) [12,10],  29 ms
 1) [12,9],  27 ms
 2) [13,8],  25 ms
 3) [13,9],  58 ms
 4) [11,9],  26 ms
 5) [11,8],  25 ms
 6) [13,10],  26 ms
 7) [10,10],  9152 ms
 8) [15,10],  19022 ms
 9) [14,10],  9820 ms
10) [14,9],  7325 ms
11) [16,11],  6493 ms
12) [10,8],  6271 ms
13) [13,11],  13289 ms
14) [15,11],  7731 ms
15) [15,8],  19996 ms
16) [9,9],  19938 ms
17) [9,7],  6550 ms
18) [16,8],  7628 ms
19) [11,5],  13776 ms
20) [10,6],  15320 ms
21) [11,6],  13423 ms
22) [11,4],  6026 ms
23) [10,7],  8784 ms
24) [12,5],  12936 ms
25) [13,6],  7798 ms
26) [12,7],  11093 ms
27) [12,6],  20004 ms
28) [9,6],  9494 ms
29) [8,10],  9709 ms
30) [7,10],  6560 ms
31) [13,5],  20002 ms
32) [14,6],  4778 ms
33) [15,12],  20004 ms
34) [17,10],  2050 ms
35) [17,9],  7953 ms
36) [8,11],  3771 ms
37) [6,9],  20008 ms
38) [7,12],  2143 ms
39) [9,10],  13002 ms
40) [6,11],  1585 ms
41) [7,11],  16822 ms
42) [5,10],  59 ms
43) [8,13],  20002 ms
44) [5,12],  33 ms
45) [4,13],  9088 ms
46) [5,11],  29 ms
47) [5,13],  16533 ms
48) [8,9],  26 ms
49) [9,8],  25 ms
50) [7,9],  27 ms
51) [10,9],  25 ms
52) [6,12],  29 ms
53) [4,12],  8167 ms
54) [8,7],  37 ms
55) [10,5],  8675 ms
56) [5,9],  29 ms
57) [5,8],  26 ms
58) [7,13],  28 ms
59) [4,10],  20007 ms
60) [4,9],  26 ms
61) [3,8],  27 ms
62) [8,14],  41 ms
63) [9,15],  26 ms
64) [6,14],  39 ms
65) [4,14],  27 ms
66) [4,11],  27 ms
67) [4,16],  27 ms
68) [4,15],  26 ms
69) [6,13],  12513 ms
70) [7,14],  29 ms
71) [9,14],  10842 ms
72) [3,11],  28 ms
73) [2,11],  25 ms
74) [7,15],  29 ms
75) [7,16],  25 ms
76) [5,15],  30 ms
77) [6,15],  27 ms
78) [8,12],  25 ms
79) [9,11],  26 ms
80) [9,12],  25 ms

pela 20.0 wins

pela 20.0:  3521 ms/turn
pela 20.0:  8570 ms/turn
