 0) [11,9],  27 ms
 1) [11,10],  27 ms
 2) [12,8],  27 ms
 3) [10,10],  27 ms
 4) [12,10],  13372 ms
 5) [10,8],  27 ms
 6) [10,11],  20010 ms
 7) [13,9],  10278 ms
 8) [12,12],  8126 ms
 9) [12,11],  17976 ms
10) [9,8],  7140 ms
11) [8,10],  10542 ms
12) [11,13],  6642 ms
13) [10,14],  20009 ms
14) [9,10],  14453 ms
15) [8,9],  17297 ms
16) [8,8],  20033 ms
17) [10,9],  8506 ms
18) [12,13],  18804 ms
19) [13,14],  13613 ms
20) [12,15],  13466 ms
21) [12,16],  9956 ms
22) [13,12],  20018 ms
23) [10,7],  10252 ms
24) [10,6],  26 ms
25) [9,9],  3588 ms
26) [7,11],  15125 ms
27) [11,14],  8276 ms
28) [12,14],  6778 ms
29) [9,11],  5816 ms
30) [7,9],  12868 ms
31) [9,7],  3556 ms
32) [11,7],  11769 ms
33) [13,13],  5764 ms
34) [7,8],  3736 ms
35) [7,10],  2567 ms
36) [6,8],  3395 ms
37) [5,8],  26 ms
38) [9,5],  419 ms
39) [8,4],  28 ms
40) [8,6],  766 ms
41) [7,7],  4548 ms
42) [9,6],  939 ms
43) [7,6],  1241 ms
44) [11,6],  112 ms
45) [12,6],  27 ms
46) [11,5],  38 ms
47) [11,8],  31 ms
48) [6,7],  15114 ms
49) [10,5],  1241 ms
50) [6,9],  61 ms
51) [6,10],  3536 ms
52) [5,10],  37 ms
53) [8,7],  28 ms
54) [4,11],  38 ms
55) [3,12],  27 ms
56) [6,11],  39 ms
57) [5,11],  2092 ms
58) [4,9],  28 ms
59) [7,12],  2315 ms
60) [3,9],  28 ms
61) [5,9],  27 ms
62) [4,8],  27 ms
63) [4,10],  26 ms
64) [6,6],  25 ms
65) [6,5],  25 ms
66) [5,7],  25 ms
67) [7,5],  25 ms
68) [2,10],  25 ms

pela 20.0 wins

pela 20.0:  4803 ms/turn
pela 20.0:  6101 ms/turn
