 0) [10,9],  30 ms
 1) [11,9],  28 ms
 2) [11,8],  28 ms
 3) [10,8],  59 ms
 4) [9,7],  27 ms
 5) [9,8],  28 ms
 6) [8,7],  27 ms
 7) [10,7],  28 ms
 8) [6,9],  28 ms
 9) [7,8],  2455 ms
10) [6,8],  5624 ms
11) [6,10],  2246 ms
12) [8,9],  4442 ms
13) [8,10],  3172 ms
14) [7,11],  5736 ms
15) [7,9],  5027 ms
16) [6,7],  3169 ms
17) [7,7],  5020 ms
18) [7,6],  10007 ms
19) [8,5],  2855 ms
20) [5,8],  10012 ms
21) [4,7],  5008 ms
22) [6,6],  3405 ms
23) [6,5],  30 ms
24) [4,8],  10002 ms
25) [7,5],  5005 ms
26) [9,5],  3914 ms
27) [4,9],  1724 ms
28) [12,7],  4916 ms
29) [13,6],  1845 ms
30) [4,5],  10003 ms
31) [8,11],  2128 ms
32) [7,4],  4172 ms
33) [5,6],  3046 ms
34) [2,9],  3484 ms
35) [2,8],  3353 ms
36) [9,11],  10005 ms
37) [13,7],  2859 ms
38) [13,5],  10015 ms
39) [5,10],  2509 ms
40) [7,10],  10007 ms
41) [12,4],  3256 ms
42) [14,6],  10009 ms
43) [12,5],  4271 ms
44) [13,4],  7922 ms
45) [5,5],  4900 ms
46) [3,8],  3850 ms
47) [7,13],  2074 ms
48) [8,13],  3212 ms
49) [15,9],  2046 ms
50) [12,6],  4208 ms
51) [14,4],  2725 ms
52) [3,10],  5270 ms
53) [3,11],  4152 ms
54) [4,12],  5215 ms
55) [16,9],  2280 ms
56) [15,8],  1757 ms
57) [14,2],  5009 ms
58) [15,1],  2287 ms
59) [15,10],  1680 ms
60) [14,9],  3877 ms
61) [12,8],  2016 ms
62) [14,11],  3345 ms
63) [12,11],  2385 ms
64) [16,10],  2850 ms
65) [14,8],  5015 ms
66) [13,9],  2465 ms
67) [12,3],  5016 ms
68) [10,3],  2109 ms
69) [12,2],  35 ms
70) [12,1],  33 ms
71) [13,2],  34 ms
72) [11,2],  33 ms
73) [14,1],  34 ms
74) [14,3],  33 ms
75) [11,4],  33 ms
76) [15,0],  32 ms
77) [10,5],  32 ms

pela 5.0 wins

pela 10.0:  4296 ms/turn
pela 5.0:  2446 ms/turn
