 0) [9,8],  7623 ms
 1) [8,8],  725 ms
 2) [10,9],  30 ms
 3) [8,7],  31 ms
 4) [8,6],  3819 ms
 5) [10,8],  5014 ms
 6) [9,10],  3940 ms
 7) [8,11],  2925 ms
 8) [7,10],  7519 ms
 9) [6,11],  1901 ms
10) [8,10],  6477 ms
11) [10,10],  3980 ms
12) [7,11],  6389 ms
13) [9,9],  1710 ms
14) [11,11],  10055 ms
15) [6,10],  1792 ms
16) [7,9],  3499 ms
17) [7,8],  3424 ms
18) [6,9],  10003 ms
19) [7,12],  2438 ms
20) [11,8],  3597 ms
21) [11,9],  5013 ms
22) [10,7],  9699 ms
23) [8,9],  2316 ms
24) [12,9],  186 ms
25) [13,10],  5003 ms
26) [9,6],  119 ms
27) [8,5],  29 ms
28) [11,6],  40 ms
29) [12,6],  2354 ms
30) [12,7],  46 ms
31) [13,6],  30 ms
32) [13,8],  42 ms
33) [10,5],  1553 ms
34) [11,7],  56 ms
35) [13,7],  5044 ms
36) [12,8],  31 ms
37) [10,6],  30 ms
38) pbrain-pela:  I win !
38) [14,9],  29 ms
39) [15,10],  33 ms
40) [12,5],  30 ms
41) [13,4],  35 ms
42) [11,5],  28 ms
43) [11,4],  28 ms
44) [12,11],  30 ms
45) [12,10],  29 ms
46) [11,10],  28 ms
47) [13,12],  27 ms
48) [10,11],  30 ms
49) [14,7],  44 ms
50) [9,12],  27 ms

pela 10.0 wins

pela 10.0:  2822 ms/turn
pela 5.0:  1820 ms/turn
