 0) [8,12],  28 ms
 1) [8,13],  30 ms
 2) [7,11],  27 ms
 3) [9,13],  28 ms
 4) [10,13],  3792 ms
 5) [8,11],  5021 ms
 6) [6,12],  4562 ms
 7) [5,13],  3569 ms
 8) [6,14],  6580 ms
 9) [5,15],  1894 ms
10) [6,13],  6479 ms
11) [6,11],  3999 ms
12) [5,14],  6560 ms
13) [7,12],  5017 ms
14) [5,10],  9003 ms
15) [6,15],  2358 ms
16) [7,14],  3119 ms
17) [8,14],  3305 ms
18) [7,15],  9999 ms
19) [3,14],  2266 ms
20) [4,10],  2866 ms
21) [5,12],  5009 ms
22) [4,13],  8130 ms
23) [9,14],  2614 ms
24) [10,15],  29 ms
25) [3,10],  5009 ms
26) [5,11],  351 ms
27) [3,9],  4766 ms
28) [4,11],  218 ms
29) [4,12],  4004 ms
30) [7,16],  120 ms
31) [7,17],  1907 ms
32) [3,12],  181 ms
33) [2,13],  1825 ms
34) [2,11],  48 ms
35) [1,10],  29 ms
36) [3,11],  42 ms
37) [1,11],  29 ms
38) [5,9],  32 ms
39) [6,8],  4998 ms
40) [6,9],  29 ms
41) [7,8],  30 ms
42) [4,8],  29 ms
43) [6,10],  29 ms
44) [5,8],  29 ms
45) [5,7],  28 ms
46) [4,7],  30 ms
47) [4,9],  30 ms
48) [3,6],  29 ms
49) [7,10],  29 ms
50) [2,5],  29 ms

pela 10.0 wins

pela 10.0:  2397 ms/turn
pela 5.0:  2312 ms/turn
