 0) [8,8],  0 ms
 1) [7,8],  272 ms
 2) [8,7],  32 ms
 3) [8,6],  31 ms
 4) [7,5],  10003 ms
 5) [5,6],  5000 ms
 6) [6,7],  9250 ms
 7) [7,7],  3656 ms
 8) [9,5],  4700 ms
 9) [8,5],  2861 ms
10) [5,9],  8793 ms
11) [5,7],  3005 ms
12) [4,6],  5292 ms
13) [6,10],  3935 ms
14) [7,3],  3514 ms
15) [6,2],  2981 ms
16) [9,3],  4369 ms
17) [7,4],  1648 ms
18) [9,6],  9999 ms
19) [9,4],  3397 ms
20) [6,5],  7923 ms
21) [5,5],  5009 ms
22) [5,4],  5226 ms
23) [7,6],  5055 ms
24) [10,3],  10001 ms
25) [7,9],  3143 ms
26) [7,10],  29 ms
27) [8,3],  3399 ms
28) [8,4],  688 ms
29) [10,2],  3087 ms
30) [3,4],  7240 ms
31) [4,4],  5009 ms
32) [3,3],  5353 ms
33) [3,6],  2792 ms
34) [9,8],  8733 ms
35) [10,6],  3049 ms
36) [8,9],  294 ms
37) [6,11],  4742 ms
38) [8,10],  161 ms
39) [8,11],  29 ms
40) [6,6],  38 ms
41) [6,4],  5013 ms
42) [9,9],  44 ms
43) [9,7],  30 ms
44) [10,8],  45 ms
45) [11,7],  2607 ms
46) pbrain-pela:  I win !
46) [10,7],  29 ms
47) [11,6],  30 ms
48) [11,8],  30 ms
49) [12,8],  29 ms
50) [12,9],  29 ms
51) [13,10],  30 ms
52) [6,12],  29 ms
53) [7,11],  29 ms
54) [10,9],  31 ms
55) [11,9],  30 ms
56) [10,11],  30 ms
57) [10,10],  29 ms
58) [11,10],  30 ms
59) [12,11],  29 ms
60) [9,12],  30 ms
61) [13,8],  30 ms
62) [8,13],  29 ms

pela 10.0 wins

pela 10.0:  3187 ms/turn
pela 5.0:  2257 ms/turn
