 0) [9,9],  30 ms
 1) [8,10],  30 ms
 2) [8,8],  29 ms
 3) [10,10],  31 ms
 4) [7,9],  30 ms
 5) [9,7],  29 ms
 6) [11,10],  10016 ms
 7) [6,9],  2455 ms
 8) [11,9],  7537 ms
 9) [10,9],  2972 ms
10) [10,7],  10006 ms
11) [11,8],  1735 ms
12) [8,11],  4464 ms
13) [5,10],  5005 ms
14) [4,11],  4750 ms
15) [4,10],  4016 ms
16) [6,10],  10013 ms
17) [4,12],  3146 ms
18) [2,10],  5320 ms
19) [5,8],  3067 ms
20) [4,7],  5828 ms
21) [9,6],  3228 ms
22) [7,8],  7677 ms
23) [7,7],  4660 ms
24) [6,8],  5661 ms
25) [9,8],  4231 ms
26) [9,5],  10015 ms
27) [7,6],  2170 ms
28) [6,7],  9317 ms
29) [4,5],  5030 ms
30) [6,5],  8505 ms
31) [6,4],  5038 ms
32) [8,6],  10020 ms
33) [8,5],  3693 ms
34) [10,11],  8867 ms
35) [9,12],  4010 ms
36) [7,11],  5689 ms
37) [6,11],  5009 ms
38) [5,9],  8032 ms
39) [4,8],  1891 ms
40) [11,11],  1129 ms
41) [9,11],  30 ms
42) [9,13],  703 ms
43) [8,12],  29 ms
44) [7,12],  642 ms
45) [7,10],  28 ms
46) [11,12],  68 ms
47) [11,13],  28 ms
48) [10,12],  106 ms
49) [8,14],  75 ms
50) [12,10],  40 ms
51) [13,9],  30 ms
52) [13,11],  33 ms
53) [14,12],  1866 ms
54) [12,13],  31 ms
55) [12,11],  30 ms
56) [9,10],  31 ms
57) [13,14],  29 ms
58) [8,9],  32 ms

pela 10.0 wins

pela 10.0:  4487 ms/turn
pela 5.0:  2192 ms/turn
