 0) [11,9],  32 ms
 1) [10,9],  179 ms
 2) [10,8],  32 ms
 3) [11,8],  31 ms
 4) [12,10],  31 ms
 5) [13,11],  31 ms
 6) [14,10],  6285 ms
 7) [9,7],  5002 ms
 8) [12,7],  5520 ms
 9) [12,11],  2040 ms
10) [13,12],  4270 ms
11) [13,10],  2057 ms
12) [14,11],  10037 ms
13) [14,9],  5086 ms
14) [15,8],  10023 ms
15) [12,13],  5016 ms
16) [11,12],  4192 ms
17) [9,9],  4452 ms
18) [9,6],  8781 ms
19) [11,11],  3808 ms
20) [9,11],  3876 ms
21) [12,8],  5033 ms
22) [8,8],  4806 ms
23) [7,8],  2316 ms
24) [16,9],  7048 ms
25) [15,10],  1706 ms
26) [16,8],  7085 ms
27) [14,7],  3397 ms
28) [16,6],  2132 ms
29) [16,7],  5011 ms
30) [15,7],  74 ms
31) [14,8],  31 ms
32) [14,6],  31 ms
33) [17,9],  31 ms
34) [15,6],  33 ms
35) [15,5],  30 ms
36) [13,6],  60 ms
37) [17,6],  28 ms
38) [12,6],  73 ms

pela 10.0 wins

pela 10.0:  3721 ms/turn
pela 5.0:  2383 ms/turn
