 0) [11,8],  30 ms
 1) [10,7],  29 ms
 2) [11,9],  29 ms
 3) [11,10],  33 ms
 4) [12,8],  10002 ms
 5) [13,8],  30 ms
 6) [13,10],  3580 ms
 7) [14,6],  5009 ms
 8) [14,7],  5578 ms
 9) [10,10],  5001 ms
10) [10,11],  10025 ms
11) [12,9],  4030 ms
12) [13,12],  8108 ms
13) [13,11],  5009 ms
14) [16,9],  8935 ms
15) [13,6],  5012 ms
16) [11,6],  10032 ms
17) [11,5],  2291 ms
18) [13,5],  7363 ms
19) [15,10],  2004 ms
20) [16,11],  10033 ms
21) [16,10],  3802 ms
22) [17,9],  10008 ms
23) [18,9],  2910 ms
24) [9,10],  9015 ms
25) [11,12],  2573 ms
26) [11,13],  5770 ms
27) [8,11],  4371 ms
28) [17,10],  4450 ms
29) [15,8],  1899 ms
30) [15,9],  3090 ms
31) [13,9],  5002 ms
32) [13,14],  10000 ms
33) [14,13],  1822 ms
34) [12,13],  5848 ms
35) [11,14],  2311 ms
36) [12,6],  2864 ms
37) [17,11],  3442 ms
38) [12,14],  7894 ms
39) [13,15],  2251 ms
40) [9,15],  6495 ms
41) [12,12],  4651 ms
42) [11,11],  5840 ms
43) [9,13],  1952 ms
44) [8,12],  1583 ms
45) [18,8],  2518 ms
46) [10,16],  2455 ms
47) [9,17],  5007 ms
48) [10,15],  4005 ms
49) [11,15],  3111 ms
50) [11,16],  2636 ms
51) [12,16],  4167 ms
52) [10,14],  1514 ms
53) [10,13],  4847 ms
54) [12,15],  3253 ms
55) [10,17],  3278 ms
56) [11,17],  1181 ms
57) [8,14],  2643 ms
58) [7,12],  1114 ms
59) [9,14],  5003 ms
60) [8,15],  1607 ms
61) [7,15],  5003 ms
62) [6,16],  1734 ms
63) [7,17],  1876 ms
64) [7,16],  1936 ms
65) [9,16],  2997 ms
66) [6,14],  941 ms
67) [7,13],  5001 ms
68) [7,8],  1578 ms
69) [8,9],  2732 ms
70) [5,10],  1288 ms
71) [6,12],  4996 ms
72) [7,10],  462 ms
73) [7,9],  5008 ms
74) [5,11],  1109 ms
75) [6,17],  2875 ms
76) [8,17],  30 ms
77) [8,13],  3139 ms
78) [6,13],  31 ms
79) [5,12],  3398 ms
80) [5,9],  949 ms
81) [8,10],  5000 ms
82) [8,8],  438 ms
83) [5,8],  28 ms
84) pbrain-pela:  I win !
84) [10,8],  28 ms
85) [9,8],  29 ms
86) [11,7],  29 ms
87) [14,4],  28 ms
88) [9,9],  30 ms

pela 10.0 wins

pela 10.0:  3887 ms/turn
pela 5.0:  3139 ms/turn
