 0) [10,9],  30 ms
 1) [9,9],  759 ms
 2) [10,8],  29 ms
 3) [10,7],  30 ms
 4) [9,6],  10040 ms
 5) [7,7],  4996 ms
 6) [8,8],  10000 ms
 7) [9,8],  4103 ms
 8) [11,6],  5062 ms
 9) [10,6],  3031 ms
10) [7,10],  9275 ms
11) [7,8],  3181 ms
12) [6,7],  5764 ms
13) [8,11],  5019 ms
14) [9,4],  3976 ms
15) [8,3],  3361 ms
16) [11,4],  4984 ms
17) [11,5],  4067 ms
18) [6,6],  10005 ms
19) [6,5],  1755 ms
20) [9,3],  3125 ms
21) [9,7],  2981 ms
22) [8,7],  7479 ms
23) [8,4],  2729 ms
24) [7,4],  3452 ms
25) [9,2],  1600 ms
26) [9,11],  10004 ms
27) [8,5],  1646 ms
28) [8,2],  10010 ms
29) [12,4],  1915 ms
30) [13,3],  30 ms
31) [9,5],  3454 ms
32) [10,5],  6527 ms
33) [12,3],  31 ms
34) [11,7],  2903 ms
35) [13,8],  1632 ms
36) [7,3],  4682 ms
37) [12,2],  5014 ms
38) [12,5],  5416 ms
39) [14,7],  3628 ms
40) [15,6],  9218 ms
41) [14,8],  5003 ms
42) [14,6],  8282 ms
43) [13,7],  4999 ms
44) [12,6],  2420 ms
45) [13,6],  29 ms
46) [13,9],  4535 ms
47) [13,5],  2500 ms
48) [13,4],  29 ms
49) [15,8],  4216 ms
50) [16,8],  6099 ms
51) [14,9],  3721 ms
52) [16,7],  5187 ms
53) [14,10],  34 ms
54) [14,11],  31 ms
55) [15,10],  433 ms
56) [17,10],  29 ms
57) [16,11],  30 ms
58) [17,12],  30 ms
59) [12,7],  30 ms

pela 5.0 wins

pela 10.0:  4955 ms/turn
pela 5.0:  2530 ms/turn
