 0) [9,10],  31 ms
 1) [8,10],  340 ms
 2) [8,9],  31 ms
 3) [9,9],  30 ms
 4) [10,11],  30 ms
 5) [11,12],  31 ms
 6) [12,11],  7630 ms
 7) [7,8],  5004 ms
 8) [10,8],  5851 ms
 9) [10,12],  2243 ms
10) [11,13],  4177 ms
11) [11,11],  2103 ms
12) [12,12],  9983 ms
13) [12,10],  1557 ms
14) [13,9],  10006 ms
15) [10,14],  5038 ms
16) [9,13],  4314 ms
17) [7,10],  4498 ms
18) [7,7],  8845 ms
19) [9,12],  3888 ms
20) [7,12],  3801 ms
21) [10,9],  5024 ms
22) [6,9],  5402 ms
23) [5,9],  2413 ms
24) [14,10],  7003 ms
25) [13,11],  5026 ms
26) [14,9],  4520 ms
27) [14,12],  2289 ms
28) [11,9],  197 ms
29) [15,13],  5010 ms
30) [16,14],  30 ms
31) [14,8],  3425 ms
32) [15,11],  36 ms
33) [12,8],  3670 ms
34) [16,12],  31 ms
35) [17,13],  28 ms
36) [15,9],  33 ms
37) [12,9],  28 ms
38) [16,9],  31 ms
39) [17,9],  28 ms
40) [16,10],  30 ms
41) [16,11],  31 ms
42) [15,10],  29 ms
43) [15,8],  27 ms
44) [17,10],  29 ms
45) [18,10],  28 ms
46) [13,10],  27 ms

pela 10.0 wins

pela 10.0:  3004 ms/turn
pela 5.0:  2250 ms/turn
