 0) [11,9],  1 ms
 1) [10,9],  172 ms
 2) [10,10],  30 ms
 3) [11,10],  30 ms
 4) [9,8],  30 ms
 5) [9,9],  31 ms
 6) [8,8],  30 ms
 7) [10,8],  30 ms
 8) [6,10],  30 ms
 9) [7,9],  5007 ms
10) [6,9],  3803 ms
11) [6,11],  5010 ms
12) [8,10],  10028 ms
13) [8,11],  3069 ms
14) [7,12],  5594 ms
15) [7,10],  1602 ms
16) [6,8],  3105 ms
17) [7,8],  5041 ms
18) [7,7],  10031 ms
19) [8,6],  2743 ms
20) [5,9],  10005 ms
21) [4,8],  5003 ms
22) [6,7],  3163 ms
23) [6,6],  29 ms
24) [4,9],  10043 ms
25) [7,6],  5000 ms
26) [9,6],  3718 ms
27) [4,10],  1850 ms
28) [12,8],  4611 ms
29) [13,7],  1821 ms
30) [4,6],  10001 ms
31) [8,12],  1742 ms
32) [7,5],  4038 ms
33) [5,7],  4456 ms
34) [2,10],  5624 ms
35) [2,9],  5001 ms
36) [9,12],  10030 ms
37) [13,8],  4338 ms
38) [13,6],  10023 ms
39) [5,11],  3278 ms
40) [7,11],  10004 ms
41) [12,5],  4266 ms
42) [14,7],  4066 ms
43) [12,6],  5044 ms
44) [13,5],  3710 ms
45) [5,6],  2361 ms
46) [3,9],  6454 ms
47) [15,10],  3674 ms
48) [12,7],  5673 ms
49) [14,5],  3824 ms
50) [3,11],  6604 ms
51) [3,12],  4014 ms
52) [4,13],  5655 ms
53) [16,10],  1802 ms
54) [15,9],  1603 ms
55) [14,3],  5001 ms
56) [15,2],  2636 ms
57) [15,11],  1713 ms
58) [14,10],  4246 ms
59) [12,9],  2265 ms
60) [14,2],  3626 ms
61) [16,11],  3340 ms
62) [14,11],  1614 ms
63) [14,9],  4999 ms
64) [17,12],  29 ms
65) [17,9],  3906 ms
66) [18,8],  2878 ms
67) [16,8],  4988 ms
68) [16,9],  2454 ms
69) [17,10],  51 ms
70) [18,10],  1772 ms
71) [14,12],  32 ms
72) [13,13],  29 ms
73) [17,8],  36 ms
74) [17,7],  29 ms
75) [15,12],  32 ms
76) [14,13],  238 ms
77) pbrain-pela:  I win !
77) [18,9],  30 ms
78) [19,8],  30 ms
79) [16,7],  30 ms
80) [15,6],  31 ms
81) [15,8],  29 ms
82) [14,8],  29 ms
83) [13,10],  34 ms
84) [17,6],  34 ms
85) [12,11],  32 ms

pela 5.0 wins

pela 10.0:  3892 ms/turn
pela 5.0:  2482 ms/turn
