 0) [11,9],  0 ms
 1) [10,9],  250 ms
 2) [10,8],  29 ms
 3) [11,8],  31 ms
 4) [12,10],  30 ms
 5) [13,11],  30 ms
 6) [14,10],  7678 ms
 7) [9,7],  5085 ms
 8) [12,7],  3560 ms
 9) [12,11],  2207 ms
10) [13,12],  3911 ms
11) [13,10],  2163 ms
12) [14,11],  10011 ms
13) [14,9],  1556 ms
14) [15,8],  10021 ms
15) [12,13],  5047 ms
16) [11,12],  3556 ms
17) [9,9],  3965 ms
18) [9,6],  7194 ms
19) [11,11],  3180 ms
20) [9,11],  3192 ms
21) [12,8],  5024 ms
22) [8,8],  3961 ms
23) [7,8],  1974 ms
24) [16,9],  6106 ms
25) [15,10],  1482 ms
26) [16,8],  5968 ms
27) [14,7],  3054 ms
28) [16,6],  2014 ms
29) [16,7],  5036 ms
30) [15,7],  41 ms
31) [14,8],  31 ms
32) [14,6],  31 ms
33) [17,9],  29 ms
34) [15,6],  30 ms
35) [15,5],  27 ms
36) [13,6],  30 ms
37) [17,6],  28 ms
38) [12,6],  28 ms

pela 10.0 wins

pela 10.0:  3369 ms/turn
pela 5.0:  2115 ms/turn
