 0) [8,8],  29 ms
 1) [7,8],  2061 ms
 2) [8,7],  29 ms
 3) [8,6],  77 ms
 4) [7,5],  10038 ms
 5) [5,6],  5030 ms
 6) [6,7],  9351 ms
 7) [7,7],  3693 ms
 8) [9,5],  4711 ms
 9) [8,5],  2789 ms
10) [5,9],  8702 ms
11) [5,7],  3033 ms
12) [4,6],  5166 ms
13) [6,10],  4393 ms
14) [7,3],  3779 ms
15) [6,2],  2998 ms
16) [9,3],  4365 ms
17) [7,4],  1600 ms
18) [9,6],  10024 ms
19) [9,4],  3449 ms
20) [6,5],  7683 ms
21) [5,5],  5002 ms
22) [5,4],  4309 ms
23) [7,6],  5004 ms
24) [10,3],  10000 ms
25) [7,9],  3084 ms
26) [7,10],  29 ms
27) [8,3],  3476 ms
28) [8,4],  740 ms
29) [10,2],  3518 ms
30) [3,4],  8745 ms
31) [4,4],  5003 ms
32) [3,3],  6768 ms
33) [3,6],  3572 ms
34) [4,3],  10005 ms
35) [3,2],  5000 ms
36) [9,8],  10001 ms
37) [8,9],  4803 ms
38) [9,9],  766 ms
39) [9,7],  29 ms
40) [11,7],  49 ms
41) [10,6],  29 ms
42) [6,8],  44 ms
43) [6,6],  4999 ms
44) [10,8],  41 ms
45) [12,6],  4900 ms
46) [11,8],  32 ms
47) [12,8],  30 ms
48) [8,10],  31 ms
49) [7,11],  30 ms
50) [11,6],  57 ms
51) [11,9],  5002 ms
52) [11,4],  36 ms
53) [11,5],  30 ms
54) [12,5],  60 ms
55) [13,6],  5001 ms
56) [6,3],  28 ms
57) [5,3],  28 ms
58) [8,1],  30 ms
59) [9,2],  29 ms
60) [7,2],  29 ms
61) [9,0],  28 ms
62) [4,5],  28 ms

pela 10.0 wins

pela 10.0:  3615 ms/turn
pela 5.0:  2829 ms/turn
