 0) [8,10],  29 ms
 1) [8,11],  30 ms
 2) [7,11],  28 ms
 3) [7,10],  30 ms
 4) [6,12],  30 ms
 5) [5,13],  29 ms
 6) [6,14],  4281 ms
 7) [9,9],  5008 ms
 8) [9,12],  10000 ms
 9) [5,12],  2229 ms
10) [4,13],  4980 ms
11) [6,13],  2083 ms
12) [5,14],  9990 ms
13) [7,14],  5000 ms
14) [8,15],  10041 ms
15) [4,11],  1630 ms
16) [3,10],  29 ms
17) [3,12],  5004 ms
18) [5,10],  6728 ms
19) [8,12],  5007 ms
20) [3,9],  1010 ms
21) [5,11],  4622 ms
22) [2,10],  175 ms
23) [6,10],  5029 ms
24) [1,10],  70 ms
25) [4,10],  27 ms
26) [3,8],  125 ms
27) [3,11],  32 ms
28) [1,11],  32 ms
29) [4,8],  2554 ms
30) [4,9],  29 ms
31) [2,7],  32 ms
32) [2,9],  28 ms
33) [1,9],  27 ms
34) [4,7],  28 ms
35) [5,6],  27 ms
36) [0,11],  28 ms

pela 10.0 wins

pela 10.0:  2508 ms/turn
pela 5.0:  2133 ms/turn
