 0) [11,12],  0 ms
 1) [10,12],  183 ms
 2) [11,11],  29 ms
 3) [11,10],  30 ms
 4) [10,9],  10024 ms
 5) [8,10],  5015 ms
 6) [9,11],  10001 ms
 7) [10,11],  4163 ms
 8) [12,9],  4905 ms
 9) [11,9],  2911 ms
10) [8,13],  8996 ms
11) [8,11],  3044 ms
12) [7,10],  5540 ms
13) [9,14],  5002 ms
14) [10,7],  3684 ms
15) [9,6],  3648 ms
16) [12,7],  4896 ms
17) [12,8],  4133 ms
18) [7,9],  10003 ms
19) [7,8],  1609 ms
20) [10,6],  10017 ms
21) [10,10],  2757 ms
22) [9,10],  8496 ms
23) [9,7],  2660 ms
24) [8,7],  3249 ms
25) [10,14],  1664 ms
26) [10,13],  31 ms
27) [10,8],  5021 ms
28) [8,6],  4408 ms
29) [9,13],  2007 ms
30) [9,9],  3567 ms
31) [9,8],  5006 ms
32) [8,8],  3423 ms
33) [8,5],  2056 ms
34) [9,15],  5779 ms
35) [14,7],  1946 ms
36) [14,6],  6669 ms
37) [15,8],  2389 ms
38) [11,8],  9996 ms
39) [13,6],  28 ms
40) [16,9],  5137 ms
41) [13,10],  1689 ms
42) [12,10],  2630 ms
43) [11,4],  5000 ms
44) [12,5],  29 ms
45) [15,7],  1990 ms
46) [16,7],  4244 ms
47) [16,8],  5004 ms
48) [14,8],  3875 ms
49) [11,15],  1778 ms
50) [12,16],  7192 ms
51) [12,14],  3684 ms
52) [6,9],  6159 ms
53) [8,9],  30 ms
54) [11,14],  5284 ms
55) [15,9],  32 ms
56) [15,10],  4546 ms
57) [13,13],  32 ms
58) [14,12],  29 ms
59) [13,11],  32 ms
60) [14,10],  30 ms
61) [13,12],  29 ms
62) [13,14],  29 ms
63) [13,9],  30 ms

pela 5.0 wins

pela 10.0:  4778 ms/turn
pela 5.0:  2331 ms/turn
