 0) [10,8],  0 ms
 1) [9,8],  192 ms
 2) [10,9],  30 ms
 3) [10,10],  30 ms
 4) [9,11],  9527 ms
 5) [7,10],  3355 ms
 6) [8,9],  9136 ms
 7) [9,9],  3827 ms
 8) [8,11],  4366 ms
 9) [8,8],  5020 ms
10) [7,7],  10016 ms
11) [11,8],  3059 ms
12) [6,7],  6373 ms
13) [9,7],  5023 ms
14) [9,6],  3871 ms
15) [7,8],  4405 ms
16) [11,11],  8680 ms
17) [10,11],  1923 ms
18) [10,6],  10011 ms
19) [11,6],  2500 ms
20) [8,5],  7486 ms
21) [6,8],  2975 ms
22) [5,8],  30 ms
23) [7,6],  2881 ms
24) [11,13],  6563 ms
25) [11,10],  2776 ms
26) [13,8],  7637 ms
27) [10,12],  3799 ms
28) [10,13],  6193 ms
29) [9,12],  1889 ms
30) [8,13],  3721 ms
31) [9,13],  1636 ms
32) [8,12],  6805 ms
33) [8,10],  29 ms
34) [9,10],  31 ms
35) [7,12],  5006 ms
36) [13,9],  7307 ms
37) [12,8],  2087 ms
38) [14,9],  4784 ms
39) [10,7],  2393 ms
40) [11,7],  3500 ms
41) [12,9],  5009 ms
42) [13,10],  9126 ms
43) [13,11],  4999 ms
44) [14,8],  7829 ms
45) [7,9],  4674 ms
46) [7,11],  29 ms
47) [12,5],  750 ms
48) [13,4],  32 ms
49) [5,7],  249 ms
50) [4,6],  29 ms
51) [12,6],  59 ms
52) [12,7],  31 ms
53) [5,11],  5007 ms
54) [6,10],  30 ms
55) [15,7],  5001 ms
56) [12,11],  33 ms
57) [11,12],  32 ms
58) [15,10],  31 ms
59) [16,11],  29 ms
60) [14,10],  31 ms
61) [14,11],  30 ms
62) [16,10],  30 ms
63) [17,10],  30 ms
64) [12,10],  30 ms

pela 10.0 wins

pela 10.0:  4040 ms/turn
pela 5.0:  2521 ms/turn
