 0) [11,11],  0 ms
 1) [10,11],  174 ms
 2) [10,12],  31 ms
 3) [11,12],  30 ms
 4) [9,10],  31 ms
 5) [9,11],  30 ms
 6) [8,10],  30 ms
 7) [10,10],  31 ms
 8) [6,12],  33 ms
 9) [7,11],  5009 ms
10) [6,11],  3116 ms
11) [6,13],  5011 ms
12) [8,12],  8564 ms
13) [8,13],  2951 ms
14) [7,14],  5550 ms
15) [7,12],  5008 ms
16) [6,10],  3254 ms
17) [7,10],  5017 ms
18) [7,9],  10008 ms
19) [8,8],  2950 ms
20) [5,11],  10029 ms
21) [4,10],  5026 ms
22) [6,9],  3341 ms
23) [6,8],  31 ms
24) [4,11],  10037 ms
25) [7,8],  5029 ms
26) [9,8],  3840 ms
27) [4,12],  1836 ms
28) [12,10],  4891 ms
29) [13,9],  1786 ms
30) [4,8],  10042 ms
31) [8,14],  2021 ms
32) [7,7],  5229 ms
33) [5,9],  5021 ms
34) [2,12],  6333 ms
35) [2,11],  5036 ms
36) [9,14],  10006 ms
37) [13,10],  4237 ms
38) [13,8],  10012 ms
39) [5,13],  2568 ms
40) [7,13],  10011 ms
41) [12,7],  3280 ms
42) [14,9],  2968 ms
43) [12,8],  4044 ms
44) [13,7],  3004 ms
45) [5,8],  1836 ms
46) [3,11],  4982 ms
47) [13,6],  2745 ms
48) [12,6],  7813 ms
49) [11,5],  3850 ms
50) [11,8],  3552 ms
51) [8,5],  4028 ms
52) [7,6],  2739 ms
53) [10,9],  4406 ms
54) [10,7],  5786 ms
55) [8,16],  4799 ms
56) [8,17],  4965 ms
57) [11,6],  2356 ms
58) [11,7],  1393 ms
59) [10,8],  2552 ms
60) [3,10],  2184 ms
61) [3,9],  4670 ms
62) [10,5],  1802 ms
63) [11,10],  2055 ms
64) [5,14],  2068 ms
65) [8,7],  5014 ms
66) [8,6],  3187 ms
67) [7,16],  5001 ms
68) [7,15],  2733 ms
69) [11,4],  5001 ms
70) [11,3],  1002 ms
71) [10,4],  2518 ms
72) [12,4],  1137 ms
73) [13,5],  4534 ms
74) [9,17],  1160 ms
75) [5,15],  1840 ms
76) [3,14],  1877 ms
77) [3,12],  5009 ms
78) [4,14],  874 ms
79) [6,14],  30 ms
80) [14,7],  562 ms
81) [7,17],  5003 ms
82) [10,15],  1188 ms
83) [9,15],  3346 ms
84) [6,18],  677 ms
85) [14,5],  3391 ms
86) [15,5],  881 ms
87) [9,12],  2355 ms
88) [12,9],  30 ms
89) [16,5],  2203 ms
90) [11,15],  330 ms
91) [10,16],  1954 ms
92) [9,16],  549 ms
93) [7,18],  2672 ms
94) [7,5],  524 ms
95) [7,4],  4450 ms
96) [6,3],  326 ms
97) [9,6],  4596 ms
98) [8,4],  763 ms
99) [5,3],  5001 ms
100) [15,4],  638 ms
101) [15,6],  5017 ms
102) [10,14],  547 ms
103) [11,14],  2388 ms
104) [13,3],  471 ms
105) [12,2],  5000 ms
106) [4,15],  257 ms
107) [2,14],  1905 ms
108) [3,16],  385 ms
109) [4,16],  5000 ms
110) [13,4],  312 ms
111) [6,6],  5000 ms
112) [5,6],  124 ms
113) [14,2],  2038 ms
114) [4,5],  260 ms
115) [4,6],  5001 ms
116) [13,2],  234 ms
117) [2,13],  5000 ms
118) [12,15],  79 ms
119) [14,15],  5014 ms
120) [12,16],  172 ms
121) [9,13],  31 ms
122) [10,13],  157 ms
123) [12,17],  1406 ms
124) [13,14],  126 ms
125) [14,13],  4999 ms
126) [13,12],  74 ms
127) [3,5],  5004 ms
128) [14,12],  94 ms
129) [13,11],  2495 ms
130) [6,2],  36 ms
131) [6,1],  2003 ms
132) [11,17],  92 ms
133) [13,15],  4999 ms
134) [15,14],  62 ms
135) [6,16],  3447 ms
136) [5,16],  29 ms
137) [14,8],  5009 ms
138) [2,4],  46 ms
139) [4,13],  5001 ms
140) [3,13],  30 ms
141) [1,10],  5001 ms
142) [0,9],  30 ms
143) [6,17],  4560 ms
144) [6,15],  31 ms
145) [4,17],  1775 ms
146) [3,17],  41 ms
147) [3,15],  31 ms
148) [1,13],  32 ms
149) [5,4],  2502 ms
150) [14,16],  32 ms
151) [8,18],  1679 ms
152) [9,19],  30 ms
153) [16,14],  2897 ms
154) [5,1],  33 ms
155) [7,3],  2985 ms
156) [6,4],  32 ms
157) [17,4],  5014 ms
158) [16,4],  31 ms
159) [14,4],  30 ms
160) [14,3],  31 ms
161) [15,3],  2641 ms
162) [12,14],  32 ms
163) [12,12],  2576 ms
164) [16,9],  32 ms
165) [15,11],  5001 ms
166) [14,10],  31 ms
167) [10,3],  2697 ms
168) [9,2],  30 ms
169) [3,4],  5008 ms
170) [15,10],  32 ms
171) [14,11],  1940 ms
172) [16,11],  30 ms
173) [17,12],  30 ms
174) [10,2],  32 ms
175) [11,1],  2008 ms
176) [2,5],  33 ms
177) [1,8],  3790 ms
178) [16,2],  33 ms
179) [16,1],  2366 ms
180) [1,7],  32 ms
181) [9,1],  5002 ms
182) [16,10],  31 ms
183) [16,8],  2875 ms
184) [18,3],  32 ms
185) [18,2],  2366 ms
186) [11,19],  36 ms
187) [13,17],  5004 ms
188) [15,16],  32 ms
189) [11,16],  4999 ms
190) [18,10],  36 ms
191) [17,10],  30 ms
192) [16,12],  32 ms
193) [16,13],  31 ms
194) [17,14],  31 ms
195) [15,13],  3855 ms
196) [13,13],  33 ms
197) [10,19],  3714 ms
198) [17,16],  32 ms
199) [16,16],  1548 ms
200) [3,3],  31 ms
201) [4,2],  5003 ms
202) [12,1],  32 ms
203) [11,0],  30 ms
204) [16,15],  32 ms
205) [18,13],  2886 ms
206) [17,13],  29 ms
207) [14,6],  3691 ms
208) [16,6],  30 ms
209) [17,15],  5003 ms
210) [13,18],  32 ms
211) [14,17],  31 ms
212) [15,17],  30 ms
213) [13,0],  5002 ms
214) [15,18],  30 ms
215) [15,15],  30 ms
216) [17,7],  32 ms
217) [1,9],  1849 ms
218) [0,10],  31 ms
219) [1,11],  30 ms
220) [1,12],  29 ms
221) [2,17],  1698 ms
222) [2,16],  31 ms
223) [3,2],  3301 ms
224) [11,18],  31 ms
225) [2,3],  5001 ms
226) [4,3],  31 ms
227) [8,15],  4161 ms
228) [2,2],  31 ms
229) [14,18],  4216 ms
230) [2,7],  31 ms
231) [3,7],  1776 ms
232) [5,5],  31 ms
233) [19,9],  1489 ms
234) [3,8],  31 ms
235) [18,16],  1879 ms
236) [19,17],  29 ms
237) [19,18],  2901 ms
238) [17,9],  34 ms
239) [4,9],  1486 ms
240) [2,9],  29 ms
241) [7,2],  1316 ms
242) [7,1],  31 ms
243) [15,7],  2335 ms
244) [17,8],  31 ms
245) [18,9],  1603 ms
246) [1,4],  30 ms
247) [17,5],  2063 ms
248) [4,7],  30 ms
249) [6,5],  30 ms
250) [1,1],  31 ms
251) [4,4],  30 ms
252) [1,3],  31 ms
253) [1,2],  2413 ms
254) [0,8],  31 ms
255) [0,7],  1639 ms
256) [0,12],  31 ms
257) [0,11],  29 ms
258) [1,15],  31 ms
259) [4,18],  3494 ms
260) [17,3],  31 ms
261) [19,6],  2106 ms
262) [16,17],  31 ms
263) [18,15],  216 ms
264) [18,14],  30 ms
265) [3,6],  75 ms
266) [14,0],  30 ms
267) [18,4],  36 ms
268) [19,8],  32 ms
269) [1,14],  31 ms
270) [18,17],  30 ms
271) [17,17],  30 ms
272) [18,18],  29 ms
273) [14,1],  31 ms
274) [18,1],  29 ms
275) [10,0],  29 ms
276) [4,19],  31 ms
277) [13,1],  29 ms
278) [9,0],  30 ms
279) [3,1],  30 ms
280) [1,6],  30 ms
281) [1,5],  29 ms
282) [2,8],  31 ms
283) [2,6],  29 ms
284) [17,1],  30 ms
285) [15,2],  30 ms
286) [16,3],  30 ms
287) [19,0],  30 ms
288) [9,4],  30 ms
289) [9,18],  29 ms
290) [16,18],  29 ms
291) [12,3],  31 ms
292) [19,5],  30 ms
293) [2,18],  30 ms
294) [1,18],  30 ms
295) [1,19],  29 ms
296) [4,0],  30 ms
297) [0,2],  31 ms
298) [0,3],  30 ms
299) [17,19],  29 ms
300) [3,0],  29 ms
301) [1,0],  30 ms
302) [6,0],  30 ms
303) [5,0],  30 ms
304) [0,18],  29 ms
305) [0,17],  30 ms
306) [5,19],  30 ms
307) [6,19],  30 ms
308) [16,19],  29 ms
309) [3,19],  34 ms
310) [18,11],  30 ms
311) [0,4],  30 ms
312) [7,19],  30 ms
313) [0,0],  30 ms
314) [1,16],  30 ms
315) [0,19],  30 ms
316) [7,0],  30 ms
317) [19,7],  31 ms
318) [19,19],  30 ms
319) [18,19],  29 ms
320) [0,5],  30 ms
321) [2,19],  30 ms
322) [2,0],  30 ms
323) [8,0],  30 ms
324) [19,11],  30 ms
325) [19,13],  30 ms
326) [17,6],  31 ms
327) [18,5],  30 ms
328) [18,7],  29 ms
329) [12,19],  30 ms
330) [13,19],  29 ms
331) [14,19],  30 ms
332) [19,15],  29 ms
333) [19,12],  29 ms
334) [19,16],  30 ms
335) [0,1],  30 ms
336) [19,14],  30 ms
337) [12,0],  30 ms
338) [8,19],  29 ms
339) [8,2],  30 ms
340) [15,19],  30 ms
341) [19,10],  29 ms
342) [0,6],  30 ms
343) [15,8],  30 ms
344) [10,6],  30 ms
345) [15,1],  30 ms
346) [0,13],  30 ms
347) [0,16],  30 ms
348) [0,15],  29 ms
349) [0,14],  31 ms
350) [19,2],  31 ms
351) [19,1],  30 ms
352) [19,3],  30 ms
353) [19,4],  30 ms
354) [17,0],  30 ms
355) [15,0],  29 ms
356) [16,0],  30 ms
357) [18,0],  29 ms
358) [17,11],  30 ms
359) [8,9],  31 ms
360) [8,3],  31 ms
361) [5,7],  29 ms
362) [10,18],  30 ms
363) [4,1],  29 ms
364) [5,17],  29 ms
365) [11,2],  31 ms
366) [11,13],  29 ms
367) [15,9],  30 ms
368) [8,11],  29 ms
369) [5,12],  31 ms
370) [12,18],  29 ms
371) [14,14],  30 ms
372) [17,18],  29 ms
373) [6,7],  30 ms
374) [15,12],  30 ms

It's a draw!

pela 10.0:  974 ms/turn
pela 5.0:  2104 ms/turn
