 0) [8,8],  0 ms
 1) [7,8],  197 ms
 2) [8,7],  31 ms
 3) [8,6],  33 ms
 4) [7,5],  10006 ms
 5) [5,6],  4961 ms
 6) [6,7],  8898 ms
 7) [7,7],  3795 ms
 8) [9,5],  4624 ms
 9) [8,5],  2923 ms
10) [5,9],  8755 ms
11) [5,7],  3393 ms
12) [4,6],  5205 ms
13) [6,10],  4125 ms
14) [7,3],  3565 ms
15) [6,2],  3033 ms
16) [9,3],  4310 ms
17) [7,4],  1739 ms
18) [9,6],  10005 ms
19) [9,4],  3408 ms
20) [6,5],  7684 ms
21) [5,5],  5034 ms
22) [5,4],  5168 ms
23) [7,6],  5005 ms
24) [10,3],  9999 ms
25) [7,9],  3419 ms
26) [7,10],  29 ms
27) [8,3],  3685 ms
28) [8,4],  759 ms
29) [10,2],  3295 ms
30) [3,4],  7750 ms
31) [4,4],  5002 ms
32) [3,3],  5358 ms
33) [3,6],  2761 ms
34) [9,8],  8734 ms
35) [10,6],  3020 ms
36) [8,9],  293 ms
37) [6,11],  4552 ms
38) [8,10],  160 ms
39) [8,11],  30 ms
40) [6,6],  37 ms
41) [6,4],  5014 ms
42) [9,9],  44 ms
43) [9,7],  39 ms
44) [10,8],  45 ms
45) [11,7],  2636 ms
46) [10,7],  29 ms
47) [11,6],  29 ms
48) [11,8],  29 ms
49) [12,8],  29 ms
50) [12,9],  30 ms
51) [13,10],  31 ms
52) [6,12],  29 ms
53) [7,11],  29 ms
54) [10,9],  28 ms
55) [11,9],  28 ms
56) [10,11],  27 ms
57) [10,10],  28 ms
58) [11,10],  28 ms
59) [12,11],  27 ms
60) [9,12],  28 ms
61) [13,8],  28 ms
62) [8,13],  28 ms

pela 10.0 wins

pela 10.0:  3178 ms/turn
pela 5.0:  2300 ms/turn
