 0) [8,8],  29 ms
 1) [7,8],  2546 ms
 2) [7,9],  27 ms
 3) [8,9],  67 ms
 4) [6,7],  62 ms
 5) [6,8],  61 ms
 6) [5,7],  28 ms
 7) [7,7],  77 ms
 8) [3,9],  187 ms
 9) [4,8],  1939 ms
10) [3,7],  4887 ms
11) [3,8],  4256 ms
12) [5,8],  28 ms
13) [5,9],  1779 ms
14) [8,6],  6917 ms
15) [8,5],  5031 ms
16) [9,7],  6274 ms
17) [10,6],  5007 ms
18) [4,11],  4273 ms
19) [5,11],  2125 ms
20) [4,10],  2977 ms
21) [3,10],  1499 ms
22) [9,6],  5116 ms
23) [2,7],  4662 ms
24) [2,8],  4565 ms
25) [7,5],  5003 ms
26) [7,4],  7696 ms
27) [1,7],  1733 ms
28) [5,4],  10010 ms
29) [5,5],  1612 ms
30) [6,5],  668 ms
31) [7,6],  5001 ms
32) [9,4],  33 ms
33) [9,5],  4457 ms
34) [8,4],  30 ms
35) [6,4],  27 ms
36) [11,4],  28 ms
37) [10,4],  28 ms
38) [10,5],  27 ms
39) [12,3],  29 ms
40) [8,3],  47 ms
41) [9,2],  29 ms
42) [7,2],  29 ms
43) [11,6],  29 ms
44) [6,1],  30 ms

pela 10.0 wins

pela 10.0:  2346 ms/turn
pela 5.0:  2136 ms/turn
