 0) [12,12],  32 ms
 1) [11,12],  2273 ms
 2) [12,13],  32 ms
 3) [12,14],  31 ms
 4) [13,12],  10055 ms
 5) [14,11],  2506 ms
 6) [16,12],  5055 ms
 7) [15,12],  2240 ms
 8) [13,10],  5651 ms
 9) [13,11],  1598 ms
10) [16,11],  5322 ms
11) [16,10],  3321 ms
12) [15,10],  10012 ms
13) [17,12],  5017 ms
14) [14,12],  5908 ms
15) [10,12],  3681 ms
16) [10,11],  7334 ms
17) [9,14],  5022 ms
18) [10,14],  10008 ms
19) [9,13],  5016 ms
20) [9,11],  9794 ms
21) [8,11],  2335 ms
22) [11,11],  4004 ms
23) [10,10],  4253 ms
24) [12,11],  8931 ms
25) [12,9],  4705 ms
26) [7,12],  8595 ms
27) [11,16],  1636 ms
28) [10,15],  10000 ms
29) [9,16],  4256 ms
30) [9,15],  8561 ms
31) [11,13],  1871 ms
32) [11,14],  8644 ms
33) [12,15],  5011 ms
34) [13,14],  8870 ms
35) [12,16],  5016 ms
36) [10,16],  4424 ms
37) [10,13],  2431 ms
38) [8,15],  3611 ms
39) [7,15],  2702 ms
40) [14,16],  5336 ms
41) [14,13],  1747 ms
42) [7,13],  4930 ms
43) [8,14],  5007 ms
44) [6,16],  37 ms
45) [10,18],  4667 ms
46) [12,18],  2281 ms
47) [7,10],  5016 ms
48) [6,9],  1992 ms
49) [16,13],  5009 ms
50) [17,13],  4261 ms
51) [11,17],  2784 ms
52) [13,15],  2993 ms
53) [13,13],  2872 ms
54) [4,9],  3340 ms
55) [7,9],  5016 ms
56) [6,7],  991 ms
57) [5,10],  2594 ms
58) [8,10],  2712 ms
59) [5,8],  5000 ms
60) [7,8],  2329 ms
61) [9,10],  2133 ms
62) [5,15],  723 ms
63) [6,14],  5019 ms
64) [8,16],  1890 ms
65) [7,17],  4867 ms
66) [7,14],  753 ms
67) [18,14],  5006 ms
68) [18,15],  1122 ms
69) [5,16],  5004 ms
70) [5,12],  511 ms
71) [6,12],  5005 ms
72) [6,8],  1266 ms
73) [6,10],  4585 ms
74) [6,6],  65 ms
75) [6,5],  28 ms
76) [6,11],  1087 ms
77) [5,6],  1507 ms
78) [5,9],  935 ms
79) [4,10],  1669 ms
80) [3,10],  30 ms
81) [2,9],  4223 ms
82) [9,8],  479 ms
83) [8,8],  5000 ms
84) [5,11],  259 ms
85) [4,11],  3020 ms
86) [3,11],  699 ms
87) [3,13],  1992 ms
88) [9,6],  586 ms
89) [8,7],  3285 ms
90) [10,7],  401 ms
91) [9,5],  3121 ms
92) [8,5],  443 ms
93) [7,4],  1801 ms
94) [8,3],  132 ms
95) [11,6],  5005 ms
96) [14,15],  360 ms
97) [13,17],  3146 ms
98) [10,6],  156 ms
99) [3,8],  4380 ms
100) [4,7],  31 ms
101) [8,6],  3254 ms
102) [11,10],  79 ms
103) [10,9],  28 ms
104) [14,10],  38 ms
105) [12,10],  29 ms
106) [13,9],  46 ms
107) [15,11],  29 ms
108) [11,7],  32 ms
109) [12,8],  29 ms
110) [16,17],  30 ms
111) [15,16],  29 ms
112) [12,7],  257 ms
113) [13,7],  4831 ms
114) [10,3],  232 ms
115) [10,5],  4866 ms
116) [16,18],  98 ms
117) [15,18],  5006 ms
118) [15,17],  172 ms
119) [17,19],  30 ms
120) [14,17],  83 ms
121) [14,18],  5012 ms
122) [8,13],  125 ms
123) [9,12],  29 ms
124) [5,13],  88 ms
125) [5,14],  29 ms
126) [4,13],  85 ms
127) [6,13],  28 ms
128) [16,15],  81 ms
129) [16,16],  5003 ms
130) [15,15],  33 ms
131) [17,15],  29 ms
132) [5,7],  34 ms
133) [3,7],  4999 ms
134) [3,5],  33 ms
135) [2,4],  5014 ms
136) [4,4],  33 ms
137) [14,9],  1757 ms
138) [13,6],  68 ms
139) [9,4],  5001 ms
140) [6,4],  34 ms
141) [5,5],  3307 ms
142) [9,3],  50 ms
143) [7,3],  2203 ms
144) [13,5],  32 ms
145) [11,3],  5000 ms
146) [10,4],  31 ms
147) [7,5],  1649 ms
148) [7,6],  39 ms
149) [14,5],  1402 ms
150) [15,14],  33 ms
151) [14,8],  5003 ms
152) [14,6],  28 ms
153) [15,9],  31 ms
154) [17,11],  31 ms
155) [12,6],  30 ms

pela 5.0 wins

pela 10.0:  2306 ms/turn
pela 5.0:  3052 ms/turn
