 0) [11,11],  30 ms
 1) [10,11],  467 ms
 2) [12,10],  29 ms
 3) [10,12],  30 ms
 4) [10,13],  10004 ms
 5) [12,11],  5000 ms
 6) [11,9],  3241 ms
 7) [10,8],  2708 ms
 8) [9,9],  6682 ms
 9) [8,8],  1708 ms
10) [10,9],  5827 ms
11) [12,9],  3737 ms
12) [9,8],  7000 ms
13) [11,10],  1734 ms
14) [13,8],  10007 ms
15) [8,9],  2349 ms
16) [9,10],  10057 ms
17) [9,11],  3424 ms
18) [8,10],  10046 ms
19) [9,7],  2608 ms
20) [13,11],  3979 ms
21) [13,10],  5007 ms
22) [12,12],  6736 ms
23) [10,10],  2351 ms
24) [14,10],  228 ms
25) [15,9],  5029 ms
26) [11,13],  102 ms
27) [10,14],  28 ms
28) [14,12],  48 ms
29) [15,13],  29 ms
30) [13,13],  82 ms
31) [14,13],  5040 ms
32) [9,13],  46 ms
33) [12,13],  31 ms
34) [11,15],  40 ms
35) [12,14],  4876 ms
36) [8,11],  37 ms
37) [7,12],  30 ms
38) [11,14],  30 ms
39) [11,12],  30 ms
40) [9,12],  30 ms
41) [12,15],  30 ms
42) [7,10],  29 ms

pela 10.0 wins

pela 10.0:  3377 ms/turn
pela 5.0:  2202 ms/turn
