 0) [9,9],  29 ms
 1) [8,10],  30 ms
 2) [8,8],  29 ms
 3) [10,10],  30 ms
 4) [7,9],  29 ms
 5) [9,7],  29 ms
 6) [11,10],  10014 ms
 7) [6,9],  5022 ms
 8) [11,9],  6162 ms
 9) [10,9],  2557 ms
10) [10,7],  9785 ms
11) [11,8],  1708 ms
12) [8,11],  10018 ms
13) [5,10],  5016 ms
14) [4,11],  4823 ms
15) [4,10],  4275 ms
16) [6,10],  10040 ms
17) [4,12],  3442 ms
18) [2,10],  5816 ms
19) [5,8],  3346 ms
20) [4,7],  6016 ms
21) [9,6],  3215 ms
22) [7,8],  8125 ms
23) [7,7],  4788 ms
24) [6,8],  5399 ms
25) [9,8],  4091 ms
26) [9,5],  10021 ms
27) [7,6],  2400 ms
28) [6,7],  9989 ms
29) [4,5],  1518 ms
30) [6,5],  8559 ms
31) [6,4],  5017 ms
32) [8,6],  9495 ms
33) [8,5],  3435 ms
34) [10,11],  8908 ms
35) [9,12],  4081 ms
36) [7,11],  5638 ms
37) [6,11],  5007 ms
38) [5,9],  7313 ms
39) [4,8],  1872 ms
40) [11,11],  1238 ms
41) [9,11],  31 ms
42) [9,13],  735 ms
43) [8,12],  30 ms
44) [7,12],  648 ms
45) [7,10],  30 ms
46) [11,12],  84 ms
47) [11,13],  31 ms
48) [10,12],  93 ms
49) [8,14],  79 ms
50) [12,10],  41 ms
51) [13,9],  31 ms
52) [13,11],  34 ms
53) [14,12],  1915 ms
54) [12,13],  31 ms
55) [12,11],  30 ms
56) [9,10],  30 ms
57) [13,14],  29 ms
58) [8,9],  30 ms

pela 10.0 wins

pela 10.0:  4639 ms/turn
pela 5.0:  2175 ms/turn
