 0) [11,12],  0 ms
 1) [10,12],  169 ms
 2) [11,11],  29 ms
 3) [11,10],  30 ms
 4) [10,9],  10008 ms
 5) [8,10],  3298 ms
 6) [9,11],  6237 ms
 7) [10,11],  2642 ms
 8) [12,9],  3413 ms
 9) [11,9],  2249 ms
10) [8,13],  7548 ms
11) [8,11],  3182 ms
12) [7,10],  5326 ms
13) [9,14],  5030 ms
14) [10,7],  3724 ms
15) [9,6],  3592 ms
16) [12,7],  5269 ms
17) [12,8],  4372 ms
18) [7,9],  10012 ms
19) [7,8],  1832 ms
20) [10,6],  10030 ms
21) [10,10],  3325 ms
22) [9,10],  9863 ms
23) [9,7],  2963 ms
24) [8,7],  3736 ms
25) [10,14],  1694 ms
26) [10,13],  30 ms
27) [10,8],  5013 ms
28) [8,6],  5296 ms
29) [9,13],  2049 ms
30) [9,9],  3731 ms
31) [9,8],  1764 ms
32) [8,8],  3592 ms
33) [8,5],  2318 ms
34) [9,15],  6663 ms
35) [14,7],  2236 ms
36) [14,6],  8021 ms
37) [15,8],  3240 ms
38) [11,8],  3193 ms
39) [13,6],  33 ms
40) [16,9],  7111 ms
41) [13,10],  2275 ms
42) [12,10],  3078 ms
43) [11,4],  1669 ms
44) [12,5],  30 ms
45) [15,7],  1914 ms
46) [16,7],  3921 ms
47) [16,8],  5010 ms
48) [14,8],  2954 ms
49) [11,15],  5000 ms
50) [12,16],  7264 ms
51) [12,14],  3568 ms
52) [6,9],  7137 ms
53) [8,9],  30 ms
54) [11,14],  5369 ms
55) [15,9],  32 ms
56) [15,10],  5238 ms
57) [13,13],  32 ms
58) [14,12],  30 ms
59) [13,11],  31 ms
60) [14,10],  30 ms
61) [13,12],  30 ms
62) [13,14],  31 ms
63) [13,9],  34 ms

pela 5.0 wins

pela 10.0:  4622 ms/turn
pela 5.0:  2208 ms/turn
