 0) [10,10],  31 ms
 1) [9,10],  260 ms
 2) [8,11],  31 ms
 3) [9,11],  32 ms
 4) [9,9],  30 ms
 5) [8,9],  31 ms
 6) [10,11],  38 ms
 7) [10,8],  5015 ms
 8) [10,13],  3325 ms
 9) [10,12],  1911 ms
10) [11,13],  6402 ms
11) [9,13],  1402 ms
12) [11,11],  2208 ms
13) [12,12],  4740 ms
14) [11,12],  534 ms
15) [11,14],  5021 ms
16) [11,10],  2262 ms
17) [11,9],  29 ms
18) [12,11],  801 ms
19) [13,10],  5020 ms
20) [14,13],  60 ms
21) [13,12],  4390 ms
22) [13,11],  33 ms
23) [14,11],  30 ms
24) [12,13],  56 ms
25) [13,13],  65 ms
26) [9,14],  31 ms
27) [8,15],  30 ms
28) [13,14],  30 ms
29) [14,15],  31 ms
30) [8,13],  42 ms
31) [12,9],  5043 ms
32) [15,12],  3316 ms
33) [10,7],  2234 ms
34) [11,8],  31 ms
35) [12,15],  2234 ms
36) [10,6],  5091 ms
37) [7,14],  5012 ms
38) [9,7],  10001 ms
39) [8,8],  3067 ms
40) [15,15],  10045 ms
41) [16,11],  2346 ms
42) [15,10],  9714 ms
43) [7,15],  3070 ms
44) [6,16],  10027 ms
45) [7,16],  34 ms
46) [7,17],  3497 ms
47) [9,16],  33 ms
48) [10,17],  10010 ms
49) [6,13],  32 ms
50) [5,12],  32 ms
51) [10,15],  32 ms
52) [9,15],  28 ms
53) [11,15],  31 ms
54) [13,15],  29 ms
55) [7,13],  37 ms
56) [7,12],  28 ms
57) [8,17],  31 ms
58) [7,18],  29 ms
59) [9,18],  31 ms
60) [6,15],  10018 ms
61) [8,16],  32 ms
62) [8,18],  31 ms
63) pbrain-pela:  I win !
63) [10,16],  57 ms
64) [11,16],  35 ms
65) [9,17],  63 ms
66) [12,14],  60 ms
67) [6,14],  165 ms
68) [10,18],  147 ms
69) [5,13],  34 ms

pela 5.0 wins

pela 10.0:  2516 ms/turn
pela 5.0:  1475 ms/turn
