 0) [11,9],  0 ms
 1) [10,9],  8153 ms
 2) [10,8],  32 ms
 3) [11,8],  62 ms
 4) [12,10],  69 ms
 5) [13,11],  29 ms
 6) [14,10],  9998 ms
 7) [9,7],  5015 ms
 8) [12,7],  3569 ms
 9) [12,11],  2020 ms
10) [13,12],  4163 ms
11) [13,10],  2135 ms
12) [14,11],  10018 ms
13) [14,9],  4968 ms
14) [15,8],  10067 ms
15) [12,13],  5015 ms
16) [11,12],  3645 ms
17) [9,9],  3453 ms
18) [9,6],  6011 ms
19) [11,11],  2670 ms
20) [9,11],  10004 ms
21) [12,8],  4824 ms
22) [8,8],  3363 ms
23) [7,8],  1812 ms
24) [16,9],  4903 ms
25) [15,10],  5005 ms
26) [16,8],  5071 ms
27) [14,7],  2459 ms
28) [16,6],  1726 ms
29) [16,7],  4308 ms
30) [15,7],  42 ms
31) [14,8],  29 ms
32) [14,6],  30 ms
33) [17,9],  28 ms
34) [15,6],  30 ms
35) [15,5],  29 ms
36) [13,6],  28 ms
37) [17,6],  29 ms
38) [12,6],  29 ms

pela 10.0 wins

pela 10.0:  3639 ms/turn
pela 5.0:  2739 ms/turn
