 0) [9,8],  196 ms
 1) [9,7],  30 ms
 2) [10,9],  29 ms
 3) [8,7],  28 ms
 4) [7,7],  10013 ms
 5) [9,9],  1697 ms
 6) [11,8],  4085 ms
 7) [12,7],  3407 ms
 8) [11,6],  6971 ms
 9) [12,5],  2106 ms
10) [11,7],  7089 ms
11) [11,9],  3765 ms
12) [12,6],  6429 ms
13) [10,8],  1704 ms
14) [12,10],  10011 ms
15) [11,5],  1614 ms
16) [10,6],  10014 ms
17) [9,6],  2773 ms
18) [10,5],  10003 ms
19) [13,6],  2346 ms
20) [9,10],  4160 ms
21) [10,10],  5009 ms
22) [8,9],  10000 ms
23) [10,7],  2284 ms
24) [10,11],  220 ms
25) [11,12],  5012 ms
26) [7,8],  88 ms
27) [6,7],  31 ms
28) [8,11],  50 ms
29) [7,12],  32 ms
30) [7,9],  61 ms
31) [7,10],  5004 ms
32) [12,8],  50 ms
33) [13,9],  5012 ms
34) [7,5],  32 ms
35) [7,6],  31 ms
36) [9,5],  32 ms
37) [8,4],  30 ms
38) [8,5],  31 ms
39) [6,5],  30 ms
40) [8,10],  31 ms
41) [8,12],  3526 ms
42) [9,11],  52 ms
43) [6,8],  30 ms
44) [7,11],  30 ms
45) [11,11],  30 ms
46) [6,11],  29 ms

pela 10.0 wins

pela 10.0:  3321 ms/turn
pela 5.0:  1979 ms/turn
