 0) [10,9],  1 ms
 1) [9,9],  195 ms
 2) [8,8],  29 ms
 3) [9,8],  29 ms
 4) [9,10],  30 ms
 5) [8,10],  29 ms
 6) [10,8],  30 ms
 7) [10,11],  4151 ms
 8) [10,6],  10009 ms
 9) [10,7],  5001 ms
10) [11,6],  3203 ms
11) [9,6],  2217 ms
12) [11,8],  1230 ms
13) [12,7],  2935 ms
14) [11,7],  261 ms
15) [11,5],  3118 ms
16) [11,9],  1120 ms
17) [11,10],  29 ms
18) [12,8],  390 ms
19) [13,9],  3799 ms
20) [14,6],  61 ms
21) [13,7],  2155 ms
22) [13,8],  34 ms
23) [14,8],  29 ms
24) [12,6],  30 ms
25) [13,6],  28 ms
26) [11,11],  7066 ms
27) [14,4],  4056 ms
28) [9,5],  5690 ms
29) [8,4],  31 ms
30) [13,3],  3532 ms
31) [11,4],  5005 ms
32) [14,7],  10016 ms
33) [6,11],  3732 ms
34) [8,13],  2888 ms
35) [7,4],  4905 ms
36) [6,3],  5055 ms
37) [10,5],  277 ms
38) [12,3],  4200 ms
39) [9,4],  211 ms
40) [10,4],  28 ms
41) [8,6],  119 ms
42) [6,4],  5220 ms
43) [7,10],  35 ms
44) [8,9],  28 ms
45) [7,8],  34 ms
46) [8,7],  31 ms
47) [7,9],  31 ms
48) [7,11],  5112 ms
49) [7,7],  30 ms
50) [7,6],  28 ms
51) [6,8],  31 ms
52) [5,7],  28 ms
53) pbrain-pela:  I win !
53) [4,10],  29 ms
54) [5,9],  29 ms
55) [6,10],  28 ms
56) [5,10],  29 ms
57) [6,9],  28 ms
58) [6,12],  29 ms
59) [6,7],  28 ms

pela 5.0 wins

pela 10.0:  2181 ms/turn
pela 5.0:  1410 ms/turn
