 0) [11,9],  34 ms
 1) [10,8],  35 ms
 2) [11,10],  64 ms
 3) [11,11],  34 ms
 4) [12,9],  3773 ms
 5) [10,9],  34 ms
 6) [10,12],  9698 ms
 7) [9,12],  2999 ms
 8) [10,7],  3950 ms
 9) [11,8],  2368 ms
10) [8,11],  8109 ms
11) [9,14],  5024 ms
12) [12,8],  10001 ms
13) [12,7],  4999 ms
14) [13,6],  3626 ms
15) [13,7],  1659 ms
16) [9,11],  7033 ms
17) [10,10],  2629 ms
18) [14,7],  10008 ms
19) [13,8],  4803 ms
20) [12,5],  2228 ms
21) [11,4],  5001 ms
22) [8,10],  33 ms
23) [7,9],  4975 ms
24) [6,11],  33 ms
25) [7,11],  5006 ms
26) [8,9],  32 ms
27) [8,12],  4999 ms
28) [9,8],  28 ms
29) [11,6],  27 ms
30) [7,10],  29 ms

pela 10.0 wins

pela 10.0:  3667 ms/turn
pela 5.0:  2972 ms/turn
