 0) [9,8],  1041 ms
 1) [8,8],  1063 ms
 2) [10,9],  29 ms
 3) [8,7],  29 ms
 4) [8,6],  4522 ms
 5) [10,8],  1827 ms
 6) [9,10],  4601 ms
 7) [8,11],  3409 ms
 8) [7,10],  7337 ms
 9) [6,11],  1929 ms
10) [8,10],  6825 ms
11) [10,10],  3839 ms
12) [7,11],  6453 ms
13) [9,9],  1899 ms
14) [11,11],  10002 ms
15) [6,10],  1812 ms
16) [7,9],  3977 ms
17) [7,8],  3510 ms
18) [6,9],  10014 ms
19) [7,12],  2766 ms
20) [11,8],  3966 ms
21) [11,9],  5002 ms
22) [10,7],  10029 ms
23) [8,9],  2430 ms
24) [12,9],  219 ms
25) [13,10],  5013 ms
26) [9,6],  99 ms
27) [8,5],  30 ms
28) [11,6],  40 ms
29) [12,6],  2551 ms
30) [12,7],  48 ms
31) [13,6],  31 ms
32) [13,8],  43 ms
33) [10,5],  1552 ms
34) [11,7],  57 ms
35) [13,7],  5045 ms
36) [12,8],  30 ms
37) [10,6],  29 ms
38) pbrain-pela:  I win !
38) [14,9],  29 ms
39) [15,10],  29 ms
40) [12,5],  29 ms
41) [13,4],  29 ms
42) [11,5],  29 ms
43) [11,4],  29 ms
44) [12,11],  28 ms
45) [12,10],  29 ms
46) [11,10],  29 ms
47) [13,12],  31 ms
48) [10,11],  29 ms
49) [14,7],  29 ms
50) [9,12],  28 ms

pela 10.0 wins

pela 10.0:  2674 ms/turn
pela 5.0:  1757 ms/turn
