 0) [9,8],  2985 ms
 1) [8,8],  2996 ms
 2) [10,9],  62 ms
 3) [8,7],  40 ms
 4) [8,6],  5171 ms
 5) [10,8],  1853 ms
 6) [9,10],  4591 ms
 7) [8,11],  3458 ms
 8) [7,10],  7157 ms
 9) [6,11],  1795 ms
10) [8,10],  6524 ms
11) [10,10],  3910 ms
12) [7,11],  6121 ms
13) [9,9],  1814 ms
14) [11,11],  9969 ms
15) [6,10],  1667 ms
16) [7,9],  3632 ms
17) [7,8],  2970 ms
18) [6,9],  10013 ms
19) [7,12],  1988 ms
20) [13,12],  4848 ms
21) [7,7],  1347 ms
22) [6,6],  28 ms
23) [5,7],  4979 ms
24) [6,7],  1342 ms
25) [6,8],  1910 ms
26) [12,11],  46 ms
27) [11,10],  30 ms
28) [13,11],  42 ms
29) [10,11],  3486 ms
30) [15,11],  33 ms
31) [14,11],  29 ms
32) [13,13],  34 ms
33) [5,8],  2775 ms
34) [4,8],  30 ms
35) [13,10],  1557 ms
36) [12,14],  34 ms
37) [14,12],  241 ms
38) [12,10],  9834 ms
39) [12,12],  1994 ms
40) [13,15],  32 ms
41) [13,14],  30 ms
42) [10,12],  31 ms
43) [9,13],  29 ms
44) [11,13],  29 ms
45) [14,16],  30 ms
46) [9,11],  30 ms

pela 10.0 wins

pela 10.0:  3025 ms/turn
pela 5.0:  1779 ms/turn
