 0) [9,8],  2360 ms
 1) [10,9],  65 ms
 2) [9,7],  37 ms
 3) [9,6],  29 ms
 4) [8,8],  10062 ms
 5) [7,8],  30 ms
 6) [7,6],  5886 ms
 7) [10,6],  2979 ms
 8) [10,5],  6756 ms
 9) [7,5],  5001 ms
10) [8,7],  6383 ms
11) [8,9],  2840 ms
12) [10,11],  5344 ms
13) [6,5],  5001 ms
14) [6,7],  8047 ms
15) [7,7],  1834 ms
16) [5,5],  4889 ms
17) [9,5],  2268 ms
18) [11,7],  4050 ms
19) [12,7],  3581 ms
20) [11,8],  10004 ms
21) [10,8],  2327 ms
22) [10,7],  10004 ms
23) [8,4],  2600 ms
24) [9,4],  4260 ms
25) [8,5],  1861 ms
26) [8,6],  8924 ms
27) [6,6],  35 ms
28) [5,7],  7260 ms
29) [7,3],  30 ms
30) [6,2],  29 ms
31) [9,3],  29 ms
32) [10,2],  29 ms
33) [8,3],  30 ms
34) [6,3],  10007 ms
35) [8,1],  30 ms
36) [8,2],  29 ms
37) [9,2],  29 ms
38) [7,4],  29 ms
39) [10,3],  30 ms
40) [11,3],  29 ms
41) [11,4],  29 ms
42) [12,5],  28 ms
43) [7,0],  30 ms

pela 5.0 wins

pela 10.0:  4747 ms/turn
pela 5.0:  1394 ms/turn
