 0) [11,9],  28 ms
 1) [10,8],  29 ms
 2) [10,10],  28 ms
 3) [12,8],  30 ms
 4) [9,9],  29 ms
 5) [11,11],  29 ms
 6) [11,8],  4794 ms
 7) [9,10],  1747 ms
 8) [10,12],  7559 ms
 9) [10,9],  4909 ms
10) [11,12],  10002 ms
11) [8,12],  5046 ms
12) [10,7],  10001 ms
13) [13,10],  5000 ms
14) [7,7],  4468 ms
15) [9,6],  4453 ms
16) [8,7],  4023 ms
17) [11,7],  5010 ms
18) [6,6],  32 ms
19) [8,8],  27 ms
20) [6,7],  31 ms
21) [9,7],  27 ms
22) [5,7],  30 ms
23) [4,7],  28 ms
24) [6,8],  31 ms
25) [6,5],  5013 ms
26) [6,9],  32 ms
27) [6,10],  29 ms
28) [7,9],  29 ms
29) [8,10],  29 ms
30) [5,9],  30 ms
31) [8,9],  29 ms
32) [8,11],  27 ms
33) [4,10],  30 ms
34) [3,9],  27 ms
35) [4,9],  27 ms
36) [4,8],  101 ms
37) [7,5],  65 ms
38) [2,10],  113 ms

pela 10.0 wins

pela 10.0:  2070 ms/turn
pela 5.0:  1660 ms/turn
