 0) [11,11],  33 ms
 1) [10,11],  786 ms
 2) [10,12],  31 ms
 3) [11,12],  31 ms
 4) [9,10],  31 ms
 5) [9,11],  30 ms
 6) [8,10],  31 ms
 7) [10,10],  30 ms
 8) [6,12],  32 ms
 9) [7,11],  1723 ms
10) [6,11],  4088 ms
11) [6,13],  1894 ms
12) [8,12],  9351 ms
13) [8,13],  2779 ms
14) [7,14],  5760 ms
15) [7,12],  5036 ms
16) [6,10],  10008 ms
17) [7,10],  5042 ms
18) [7,9],  10022 ms
19) [8,8],  2575 ms
20) [5,11],  9715 ms
21) [4,10],  5007 ms
22) [6,9],  3344 ms
23) [6,8],  30 ms
24) [4,11],  10018 ms
25) [7,8],  5015 ms
26) [9,8],  3645 ms
27) [4,12],  1760 ms
28) [12,10],  4604 ms
29) [13,9],  1681 ms
30) [4,8],  9817 ms
31) [8,14],  1674 ms
32) [7,7],  3990 ms
33) [5,9],  4413 ms
34) [2,12],  5261 ms
35) [2,11],  4315 ms
36) [9,14],  10030 ms
37) [13,10],  3653 ms
38) [13,8],  10012 ms
39) [5,13],  3335 ms
40) [7,13],  10009 ms
41) [12,7],  4410 ms
42) [14,9],  4246 ms
43) [12,8],  1504 ms
44) [13,7],  4233 ms
45) [5,8],  2292 ms
46) [3,11],  6368 ms
47) [13,6],  3438 ms
48) [12,6],  2223 ms
49) [11,5],  5007 ms
50) [11,8],  3690 ms
51) [8,5],  4121 ms
52) [7,6],  2793 ms
53) [10,9],  4506 ms
54) [10,7],  5234 ms
55) [8,16],  4426 ms
56) [8,17],  4496 ms
57) [11,6],  2402 ms
58) [11,7],  1447 ms
59) [10,8],  2717 ms
60) [3,10],  2234 ms
61) [3,9],  4923 ms
62) [10,5],  1936 ms
63) [11,10],  2311 ms
64) [5,14],  2112 ms
65) [8,7],  5013 ms
66) [8,6],  2751 ms
67) [7,16],  5000 ms
68) [7,15],  2359 ms
69) [11,4],  4985 ms
70) [11,3],  1029 ms
71) [10,4],  2572 ms
72) [12,4],  1250 ms
73) [13,5],  4674 ms
74) [9,17],  1171 ms
75) [5,15],  1934 ms
76) [3,14],  1511 ms
77) [3,12],  5001 ms
78) [4,14],  870 ms
79) [6,14],  30 ms
80) [14,7],  554 ms
81) [7,17],  5015 ms
82) [10,15],  1109 ms
83) [9,15],  3315 ms
84) [6,18],  676 ms
85) [14,5],  3360 ms
86) [7,18],  837 ms
87) [9,16],  1893 ms
88) [6,16],  732 ms
89) [15,4],  209 ms
90) [16,3],  52 ms
91) [15,5],  115 ms
92) [12,5],  30 ms
93) [12,9],  41 ms
94) [9,12],  31 ms
95) [15,6],  44 ms
96) [2,14],  603 ms
97) [1,14],  30 ms
98) [15,7],  502 ms
99) [16,7],  44 ms
100) [13,4],  160 ms
101) [17,5],  32 ms
102) [16,5],  31 ms
103) [17,8],  47 ms
104) [18,9],  31 ms
105) [17,6],  38 ms
106) [17,7],  134 ms
107) pbrain-pela:  I win !
107) [16,6],  30 ms
108) [14,6],  29 ms
109) [15,3],  30 ms
110) [15,2],  32 ms
111) [18,6],  32 ms
112) [19,6],  30 ms
113) [16,4],  30 ms
114) [19,7],  31 ms
115) [14,2],  30 ms

pela 5.0 wins

pela 10.0:  3058 ms/turn
pela 5.0:  2351 ms/turn
