 0) [10,9],  0 ms
 1) [9,9],  1764 ms
 2) [8,10],  31 ms
 3) [9,10],  32 ms
 4) [9,11],  32 ms
 5) [10,11],  32 ms
 6) [8,9],  59 ms
 7) [8,12],  1629 ms
 8) [8,7],  4804 ms
 9) [8,8],  2248 ms
10) [7,7],  6416 ms
11) [9,7],  1924 ms
12) [7,9],  2533 ms
13) [6,8],  5002 ms
14) [7,8],  543 ms
15) [7,6],  5003 ms
16) [7,10],  2354 ms
17) [7,11],  31 ms
18) [6,9],  927 ms
19) [5,10],  5017 ms
20) [4,7],  60 ms
21) [5,8],  2669 ms
22) [5,9],  32 ms
23) [4,9],  31 ms
24) [6,7],  32 ms
25) [5,7],  40 ms
26) [9,6],  33 ms
27) [10,5],  30 ms
28) [5,6],  34 ms
29) [4,5],  31 ms
30) [10,7],  32 ms
31) [6,11],  5008 ms
32) [3,8],  5049 ms
33) [8,13],  2099 ms
34) [7,12],  31 ms
35) [6,5],  5015 ms
36) [8,14],  4964 ms
37) [10,12],  5013 ms
38) [10,14],  10015 ms
39) [11,8],  2503 ms
40) [9,14],  6719 ms
41) [11,14],  5013 ms
42) [6,14],  2779 ms
43) [7,14],  31 ms
44) [9,12],  4199 ms
45) [10,13],  4260 ms
46) [11,13],  7113 ms
47) [9,15],  5018 ms
48) [7,5],  5075 ms
49) [11,10],  4543 ms
50) [11,11],  3779 ms
51) [5,4],  2762 ms
52) [3,6],  4610 ms
53) [6,4],  5002 ms
54) [4,4],  5220 ms
55) [2,6],  2231 ms
56) [6,3],  10003 ms
57) [3,5],  5015 ms
58) [4,6],  8515 ms
59) [4,11],  1629 ms
60) [5,11],  4629 ms
61) [12,15],  2399 ms
62) [13,14],  10015 ms
63) [6,13],  3906 ms
64) [5,12],  9908 ms
65) [8,15],  5015 ms
66) [10,15],  8499 ms
67) [7,15],  2822 ms
68) [6,15],  7272 ms
69) [3,12],  5001 ms
70) [2,13],  6249 ms
71) [4,8],  5001 ms
72) [4,12],  5358 ms
73) [3,13],  5001 ms
74) [7,13],  4594 ms
75) [1,10],  5015 ms
76) [3,10],  3938 ms
77) [3,7],  5015 ms
78) [1,5],  3359 ms
79) [2,5],  3549 ms
80) [5,5],  32 ms
81) [4,3],  5014 ms
82) [3,2],  31 ms
83) [3,3],  3821 ms
84) [2,3],  1743 ms
85) [12,8],  3152 ms
86) [13,8],  1001 ms
87) [7,4],  1863 ms
88) [9,4],  961 ms
89) [13,6],  1577 ms
90) [10,8],  1491 ms
91) [11,7],  5000 ms
92) [11,5],  2126 ms
93) [11,6],  5015 ms
94) [11,9],  30 ms
95) [1,11],  1940 ms
96) [2,10],  1668 ms
97) [5,13],  1776 ms
98) [13,16],  1533 ms
99) [10,6],  1700 ms
100) [13,9],  1368 ms
101) [8,4],  3385 ms
102) [9,5],  31 ms
103) [10,17],  3167 ms
104) [9,16],  31 ms
105) [12,6],  2575 ms
106) [14,6],  30 ms
107) [12,9],  5015 ms
108) [12,7],  624 ms
109) [13,13],  5002 ms
110) [14,15],  1062 ms
111) [12,17],  1595 ms
112) [15,7],  422 ms
113) [14,8],  5014 ms
114) [15,5],  300 ms
115) [13,5],  5013 ms
116) [14,4],  813 ms
117) [15,4],  5000 ms
118) [3,14],  317 ms
119) [14,3],  3508 ms
120) [13,2],  303 ms
121) [9,3],  2753 ms
122) [8,17],  619 ms
123) [7,16],  4999 ms
124) [7,17],  215 ms
125) [7,18],  1937 ms
126) [5,15],  490 ms
127) [6,17],  2296 ms
128) [4,15],  33 ms
129) [1,12],  5014 ms
130) [4,16],  31 ms
131) [3,17],  30 ms
132) [4,10],  31 ms
133) [6,12],  31 ms
134) [4,14],  30 ms
135) [4,13],  30 ms
136) [2,14],  31 ms
137) [5,14],  30 ms
138) [2,11],  31 ms
139) [2,12],  31 ms
140) [3,15],  31 ms
141) [2,15],  30 ms
142) [1,13],  30 ms
143) [5,17],  31 ms
144) [0,12],  30 ms

pela 10.0 wins

pela 10.0:  2429 ms/turn
pela 5.0:  2926 ms/turn
