 0) [10,12],  32 ms
 1) [9,13],  29 ms
 2) [10,11],  29 ms
 3) [10,10],  30 ms
 4) [11,12],  10010 ms
 5) [12,12],  28 ms
 6) [12,10],  6544 ms
 7) [13,14],  2296 ms
 8) [13,13],  10023 ms
 9) [9,10],  5033 ms
10) [9,9],  10000 ms
11) [11,11],  3909 ms
12) [12,8],  5871 ms
13) [12,9],  5002 ms
14) [15,11],  6266 ms
15) [12,14],  5015 ms
16) [10,14],  10034 ms
17) [10,15],  5029 ms
18) [12,15],  4887 ms
19) [14,10],  5004 ms
20) [15,9],  9443 ms
21) [15,10],  4389 ms
22) [16,11],  10014 ms
23) [17,11],  2546 ms
24) [17,10],  5543 ms
25) [18,9],  2621 ms
26) [8,10],  8349 ms
27) [10,8],  5004 ms
28) [7,9],  8186 ms
29) [9,11],  4106 ms
30) [9,14],  6408 ms
31) [9,12],  5010 ms
32) [7,8],  9779 ms
33) [7,10],  3332 ms
34) [7,13],  6106 ms
35) [6,9],  2042 ms
36) [8,11],  7490 ms
37) [8,14],  5001 ms
38) [16,9],  2414 ms
39) [16,10],  2448 ms
40) [5,13],  5132 ms
41) [6,12],  5007 ms
42) [8,15],  953 ms
43) [10,13],  4093 ms
44) [6,13],  99 ms
45) [8,13],  1640 ms
46) [8,8],  32 ms
47) [8,12],  4810 ms
48) [8,9],  1234 ms
49) [8,7],  28 ms
50) [4,13],  158 ms
51) [3,13],  28 ms
52) [5,12],  645 ms
53) [9,16],  82 ms
54) [11,14],  249 ms
55) [11,13],  3754 ms
56) [12,13],  29 ms
57) [5,11],  1595 ms
58) [4,11],  31 ms
59) [7,14],  29 ms
60) [4,12],  31 ms
61) [4,14],  3545 ms
62) [3,10],  32 ms
63) [2,9],  28 ms
64) [5,8],  32 ms
65) [6,8],  28 ms
66) [4,9],  28 ms
67) [4,10],  29 ms
68) [2,11],  30 ms
69) [6,7],  35 ms
70) [1,12],  30 ms

pela 10.0 wins

pela 10.0:  4060 ms/turn
pela 5.0:  2645 ms/turn
