 0) [8,8],  30 ms
 1) [7,8],  1374 ms
 2) [8,7],  29 ms
 3) [8,6],  59 ms
 4) [7,5],  10100 ms
 5) [5,6],  5043 ms
 6) [6,7],  9315 ms
 7) [7,7],  3759 ms
 8) [9,5],  4799 ms
 9) [8,5],  2817 ms
10) [5,9],  8476 ms
11) [5,7],  3229 ms
12) [4,6],  5437 ms
13) [6,10],  4180 ms
14) [7,3],  3921 ms
15) [6,2],  3262 ms
16) [9,3],  4554 ms
17) [7,4],  1643 ms
18) [9,6],  3178 ms
19) [9,4],  3382 ms
20) [6,5],  7666 ms
21) [5,5],  5038 ms
22) [5,4],  4338 ms
23) [7,6],  5010 ms
24) [10,3],  10018 ms
25) [7,9],  3444 ms
26) [7,10],  29 ms
27) [8,3],  3644 ms
28) [8,4],  809 ms
29) [10,2],  3932 ms
30) [3,4],  10009 ms
31) [4,4],  1950 ms
32) [3,3],  8438 ms
33) [3,6],  4284 ms
34) [4,3],  10020 ms
35) [3,2],  4985 ms
36) [9,8],  10000 ms
37) [8,9],  4729 ms
38) [9,9],  843 ms
39) [9,7],  30 ms
40) [11,7],  49 ms
41) [10,6],  30 ms
42) [6,8],  45 ms
43) [6,6],  5009 ms
44) [10,8],  42 ms
45) [12,6],  4994 ms
46) [11,8],  32 ms
47) [12,8],  32 ms
48) [8,10],  31 ms
49) [7,11],  30 ms
50) [11,6],  31 ms
51) [11,9],  5012 ms
52) [11,4],  37 ms
53) [11,5],  31 ms
54) [12,5],  59 ms
55) [13,6],  5029 ms
56) [6,3],  30 ms
57) [5,3],  30 ms
58) [8,1],  30 ms
59) [9,2],  30 ms
60) [7,2],  30 ms
61) [9,0],  31 ms
62) [4,5],  29 ms

pela 10.0 wins

pela 10.0:  3514 ms/turn
pela 5.0:  2775 ms/turn
