 0) [9,8],  937 ms
 1) [8,8],  29 ms
 2) [10,9],  60 ms
 3) [8,7],  29 ms
 4) [8,6],  3724 ms
 5) [10,8],  1646 ms
 6) [9,10],  3448 ms
 7) [8,11],  2774 ms
 8) [7,10],  6714 ms
 9) [6,11],  1770 ms
10) [8,10],  5986 ms
11) [10,10],  3978 ms
12) [7,11],  6449 ms
13) [9,9],  1764 ms
14) [11,11],  10010 ms
15) [6,10],  1931 ms
16) [7,9],  3611 ms
17) [7,8],  3403 ms
18) [6,9],  10025 ms
19) [7,12],  2545 ms
20) [11,8],  3794 ms
21) [11,9],  5019 ms
22) [10,7],  9055 ms
23) [8,9],  1933 ms
24) [12,9],  177 ms
25) [13,10],  4242 ms
26) [9,6],  131 ms
27) [8,5],  29 ms
28) [11,6],  38 ms
29) [12,6],  2036 ms
30) [12,7],  44 ms
31) [13,6],  60 ms
32) [13,8],  41 ms
33) [10,5],  5030 ms
34) [11,7],  55 ms
35) [13,7],  5008 ms
36) [12,8],  28 ms
37) [10,6],  30 ms
38) pbrain-pela:  I win !
38) [14,9],  28 ms
39) [15,10],  29 ms
40) [12,5],  28 ms
41) [13,4],  28 ms
42) [11,5],  28 ms
43) [11,4],  44 ms
44) [12,11],  30 ms
45) [12,10],  30 ms
46) [11,10],  30 ms
47) [13,12],  28 ms
48) [10,11],  27 ms
49) [14,7],  28 ms
50) [9,12],  28 ms

pela 10.0 wins

pela 10.0:  2481 ms/turn
pela 5.0:  1737 ms/turn
