 0) [8,11],  30 ms
 1) [7,12],  30 ms
 2) [9,12],  30 ms
 3) [7,10],  30 ms
 4) [9,13],  29 ms
 5) [8,10],  30 ms
 6) [7,13],  30 ms
 7) [9,10],  29 ms
 8) [6,10],  5423 ms
 9) [8,13],  1537 ms
10) [10,10],  5573 ms
11) [8,12],  2915 ms
12) [8,9],  3527 ms
13) [9,15],  3517 ms
14) [5,11],  10024 ms
15) [7,9],  2602 ms
16) [7,8],  6065 ms
17) [4,10],  5006 ms
18) [10,13],  8360 ms
19) [10,12],  2131 ms
20) [9,11],  5721 ms
21) [6,11],  2666 ms
22) [5,10],  4604 ms
23) [12,15],  2080 ms
24) [10,15],  4728 ms
25) [5,12],  5008 ms
26) [6,12],  3032 ms
27) [8,16],  5012 ms
28) [8,15],  10019 ms
29) [7,16],  5001 ms
30) [9,16],  5574 ms
31) [12,13],  4989 ms
32) [4,14],  10015 ms
33) [8,17],  5001 ms
34) [7,17],  10001 ms
35) [13,14],  1574 ms
36) [11,11],  10036 ms
37) [10,11],  5000 ms
38) [11,12],  29 ms
39) [12,11],  5018 ms
40) [14,13],  7406 ms
41) [12,14],  5001 ms
42) [12,12],  29 ms
43) [9,9],  2298 ms
44) [12,16],  3665 ms
45) [14,14],  2538 ms
46) [15,14],  9424 ms
47) [10,17],  3247 ms
48) [9,18],  3250 ms
49) [3,13],  5004 ms
50) [4,13],  4788 ms
51) [4,11],  5009 ms
52) [16,13],  5521 ms
53) [14,15],  1610 ms
54) [11,14],  6151 ms
55) [11,13],  1656 ms
56) [13,15],  5266 ms
57) [15,12],  2181 ms
58) [15,16],  3905 ms
59) [16,15],  2848 ms
60) [4,9],  1589 ms
61) [5,15],  2063 ms
62) [3,9],  1293 ms
63) [5,9],  2719 ms
64) [6,7],  3549 ms
65) [5,6],  5000 ms
66) [5,8],  1444 ms
67) [3,10],  2037 ms
68) [2,9],  2124 ms
69) [7,6],  2360 ms
70) [3,11],  1090 ms
71) [1,9],  2159 ms
72) [6,6],  2238 ms
73) [6,8],  2760 ms
74) [4,6],  2055 ms
75) [4,8],  4783 ms
76) [8,6],  829 ms
77) [6,4],  1786 ms
78) [10,18],  1649 ms
79) [11,18],  5000 ms
80) [4,4],  495 ms
81) [5,5],  4300 ms
82) [10,8],  1114 ms
83) [11,9],  2720 ms
84) [5,16],  969 ms
85) [3,15],  5012 ms
86) [6,13],  538 ms
87) [4,16],  1952 ms
88) [4,15],  530 ms
89) [6,5],  2152 ms
90) [8,7],  316 ms
91) [9,6],  1440 ms
92) [7,4],  334 ms
93) [9,7],  3104 ms
94) [9,8],  28 ms
95) [8,8],  2725 ms
96) [9,5],  354 ms
97) [11,17],  4997 ms
98) [12,17],  536 ms
99) [13,18],  5011 ms
100) [12,5],  414 ms
101) [10,4],  4300 ms
102) [4,5],  615 ms
103) [4,3],  3129 ms
104) [5,4],  527 ms
105) [3,6],  2841 ms
106) [12,6],  359 ms
107) [10,7],  5004 ms
108) [12,18],  223 ms
109) [15,17],  4001 ms
110) [2,14],  266 ms
111) [5,14],  4306 ms
112) [10,6],  135 ms
113) [12,8],  2211 ms
114) [12,9],  242 ms
115) [13,5],  5008 ms
116) [2,7],  130 ms
117) [12,4],  5010 ms
118) [14,6],  117 ms
119) [13,6],  4771 ms
120) [13,4],  170 ms
121) [3,14],  1820 ms
122) [3,16],  197 ms
123) [17,15],  1790 ms
124) [15,15],  119 ms
125) [14,16],  2633 ms
126) [14,18],  165 ms
127) [15,11],  2183 ms
128) [4,17],  64 ms
129) [14,10],  3172 ms
130) [13,9],  51 ms
131) [15,10],  2497 ms
132) [1,6],  126 ms
133) [3,8],  29 ms
134) [15,9],  97 ms
135) [16,10],  33 ms
136) [17,10],  38 ms
137) [14,12],  32 ms
138) [13,13],  29 ms
139) [17,12],  32 ms
140) [16,12],  30 ms
141) [14,9],  31 ms
142) [16,11],  35 ms
143) pbrain-pela:  I win !
143) [13,10],  28 ms
144) [12,10],  30 ms
145) [18,8],  29 ms
146) [17,9],  30 ms
147) [14,8],  28 ms
148) [14,11],  28 ms
149) [15,8],  30 ms
150) [16,7],  29 ms
151) [13,8],  29 ms
152) [16,8],  28 ms
153) [11,8],  30 ms

pela 5.0 wins

pela 10.0:  2332 ms/turn
pela 5.0:  2722 ms/turn
