 0) [11,9],  29 ms
 1) [10,9],  2375 ms
 2) [9,10],  28 ms
 3) [10,10],  47 ms
 4) [10,8],  119 ms
 5) [9,8],  116 ms
 6) [11,10],  101 ms
 7) [11,7],  1763 ms
 8) [11,12],  3990 ms
 9) [11,11],  2157 ms
10) [12,12],  6160 ms
11) [10,12],  1630 ms
12) [12,10],  2087 ms
13) [13,11],  4967 ms
14) [12,11],  541 ms
15) [12,13],  5000 ms
16) [12,9],  2216 ms
17) [12,8],  31 ms
18) [13,10],  726 ms
19) [14,9],  5011 ms
20) [15,12],  61 ms
21) [14,11],  3984 ms
22) [14,10],  32 ms
23) [15,10],  30 ms
24) [13,12],  29 ms
25) [14,12],  62 ms
26) [10,13],  47 ms
27) [9,14],  77 ms
28) [14,13],  30 ms
29) [15,14],  64 ms
30) [9,12],  112 ms
31) [13,8],  5012 ms
32) [16,11],  5183 ms
33) [11,6],  2165 ms
34) [12,7],  29 ms
35) [13,14],  1910 ms
36) [11,5],  4948 ms
37) [8,13],  5023 ms
38) [10,6],  10015 ms
39) [9,7],  2848 ms
40) [16,14],  10013 ms
41) [17,10],  2264 ms
42) [15,8],  10002 ms
43) [8,14],  2281 ms
44) [7,15],  9563 ms
45) [7,12],  33 ms
46) [6,11],  7477 ms
47) [8,15],  33 ms
48) [8,16],  10052 ms
49) [11,14],  32 ms
50) [10,14],  3977 ms
51) [10,15],  32 ms
52) [11,16],  30 ms
53) [12,14],  32 ms
54) [14,14],  35 ms
55) [8,12],  32 ms
56) [8,11],  31 ms
57) [9,16],  33 ms
58) [8,17],  30 ms
59) [10,17],  40 ms
60) [7,14],  10026 ms
61) [9,15],  29 ms
62) [9,17],  30 ms
63) pbrain-pela:  I win !
63) [11,15],  30 ms
64) [12,15],  30 ms
65) [10,16],  65 ms
66) [13,13],  29 ms
67) [7,13],  30 ms
68) [11,17],  30 ms
69) [6,12],  30 ms

pela 5.0 wins

pela 10.0:  2795 ms/turn
pela 5.0:  1407 ms/turn
