 0) [10,12],  33 ms
 1) [9,12],  176 ms
 2) [9,11],  30 ms
 3) [10,11],  30 ms
 4) [8,13],  30 ms
 5) [8,12],  30 ms
 6) [7,13],  31 ms
 7) [9,13],  30 ms
 8) [5,11],  30 ms
 9) [6,12],  5016 ms
10) [5,12],  10015 ms
11) [5,10],  2074 ms
12) [7,11],  10007 ms
13) [7,10],  2766 ms
14) [6,9],  5286 ms
15) [6,11],  1518 ms
16) [5,13],  3056 ms
17) [6,13],  5004 ms
18) [6,14],  10000 ms
19) [7,15],  2538 ms
20) [4,12],  8082 ms
21) [3,13],  5006 ms
22) [5,14],  10000 ms
23) [5,15],  30 ms
24) [3,12],  7604 ms
25) [6,15],  5007 ms
26) [8,15],  9501 ms
27) [3,11],  5001 ms
28) [11,13],  9475 ms
29) [12,14],  2463 ms
30) [3,15],  4281 ms
31) [7,9],  4999 ms
32) [6,16],  8309 ms
33) [4,14],  5005 ms
34) [2,12],  10001 ms
35) [1,12],  29 ms
36) [8,9],  10002 ms
37) [12,13],  2211 ms
38) [12,15],  9180 ms
39) [11,16],  2400 ms
40) [13,14],  3920 ms
41) [4,10],  2745 ms
42) [6,10],  3024 ms
43) [11,15],  2500 ms
44) [12,16],  6656 ms
45) [5,7],  4011 ms
46) [4,9],  2469 ms
47) [5,5],  1568 ms
48) [6,8],  3842 ms
49) [6,7],  4708 ms
50) [5,8],  1397 ms
51) [4,8],  3963 ms
52) [6,6],  2880 ms
53) [3,7],  1561 ms
54) [4,7],  2181 ms
55) [5,3],  2773 ms
56) [3,5],  1468 ms
57) [4,6],  77 ms
58) [6,4],  2142 ms
59) [2,8],  37 ms
60) [1,9],  30 ms
61) [5,6],  42 ms
62) [5,4],  29 ms
63) [2,6],  52 ms
64) [1,5],  1554 ms
65) [2,7],  35 ms
66) [2,9],  2625 ms
67) [3,9],  30 ms
68) [0,6],  32 ms
69) pbrain-pela:  I win !
69) [2,4],  29 ms
70) [2,5],  30 ms
71) [3,6],  30 ms
72) [1,6],  30 ms
73) [2,10],  30 ms
74) [1,11],  30 ms
75) [3,10],  29 ms
76) [1,10],  30 ms
77) [3,8],  30 ms

pela 5.0 wins

pela 10.0:  4085 ms/turn
pela 5.0:  1938 ms/turn
