 0) [10,11],  30 ms
 1) [9,11],  1013 ms
 2) [11,12],  31 ms
 3) [9,10],  31 ms
 4) [9,12],  4397 ms
 5) [11,10],  30 ms
 6) [8,10],  8830 ms
 7) [10,13],  1813 ms
 8) [7,12],  6602 ms
 9) [8,12],  3374 ms
10) [11,9],  3064 ms
11) [7,13],  2524 ms
12) [6,14],  5489 ms
13) [10,9],  4270 ms
14) [9,8],  8041 ms
15) [12,13],  3348 ms
16) [11,13],  9970 ms
17) [11,14],  3158 ms
18) [10,14],  4660 ms
19) [12,12],  2556 ms
20) [13,12],  3234 ms
21) [9,15],  3999 ms
22) [6,12],  10017 ms
23) [6,13],  5005 ms
24) [8,13],  9431 ms
25) [6,11],  5038 ms
26) [7,14],  434 ms
27) [6,15],  61 ms
28) [7,11],  1505 ms
29) [5,13],  2424 ms
30) [10,8],  455 ms
31) [9,9],  32 ms
32) [12,10],  116 ms
33) [4,13],  2075 ms
34) [3,13],  28 ms
35) [9,7],  3202 ms
36) [13,11],  41 ms
37) [14,12],  30 ms
38) [13,10],  35 ms
39) [13,9],  2513 ms
40) [11,8],  36 ms
41) [12,8],  1789 ms
42) [8,8],  40 ms
43) [7,8],  30 ms
44) [10,7],  33 ms
45) [12,9],  30 ms
46) [8,9],  32 ms
47) [11,6],  31 ms
48) [8,7],  30 ms
49) [8,11],  30 ms
50) [8,6],  30 ms

pela 10.0 wins

pela 10.0:  2946 ms/turn
pela 5.0:  1936 ms/turn
