 0) [11,9],  28 ms
 1) [10,10],  28 ms
 2) [12,10],  28 ms
 3) [10,8],  28 ms
 4) [12,11],  29 ms
 5) [11,8],  28 ms
 6) [10,11],  51 ms
 7) [12,8],  27 ms
 8) [9,8],  8878 ms
 9) [11,11],  2565 ms
10) [13,8],  9984 ms
11) [11,10],  1432 ms
12) [11,7],  6097 ms
13) [12,13],  4977 ms
14) [8,9],  10012 ms
15) [10,7],  2708 ms
16) [10,6],  5899 ms
17) [7,8],  5036 ms
18) [13,11],  7431 ms
19) [13,10],  1867 ms
20) [12,9],  8968 ms
21) [9,9],  2730 ms
22) [8,8],  5163 ms
23) [15,13],  2361 ms
24) [13,13],  4834 ms
25) [8,10],  5037 ms
26) [9,10],  5875 ms
27) [11,14],  5002 ms
28) [11,13],  4016 ms
29) [10,14],  5061 ms
30) [12,14],  4153 ms
31) [14,12],  5004 ms
32) [7,12],  10016 ms
33) [10,15],  4348 ms
34) [9,16],  3610 ms
35) [7,9],  2079 ms
36) [7,11],  7897 ms
37) [8,11],  5006 ms
38) [10,13],  10001 ms
39) [13,15],  4999 ms
40) [14,14],  9564 ms
41) [6,11],  1417 ms
42) [6,9],  8208 ms
43) [15,15],  2353 ms
44) [14,15],  3728 ms
45) [16,14],  4185 ms
46) [17,13],  5664 ms
47) [7,7],  1311 ms
48) [7,6],  4960 ms
49) [6,8],  32 ms
50) [9,11],  4987 ms
51) [9,5],  42 ms
52) [8,6],  1669 ms
53) [5,7],  30 ms
54) [4,6],  30 ms
55) [9,6],  4702 ms
56) [8,5],  1683 ms
57) [8,7],  29 ms
58) [6,7],  3785 ms
59) [5,8],  1716 ms
60) [4,8],  961 ms
61) [5,6],  2800 ms
62) [5,9],  2412 ms
63) [6,10],  1532 ms
64) [10,16],  2516 ms
65) [13,12],  2617 ms
66) [14,11],  31 ms
67) [10,5],  34 ms
68) [11,4],  29 ms
69) [5,4],  32 ms
70) [5,5],  30 ms
71) [9,4],  34 ms
72) [9,3],  828 ms
73) [8,3],  34 ms
74) [7,2],  804 ms
75) [12,7],  1621 ms
76) [11,6],  31 ms
77) [17,15],  1755 ms
78) [18,16],  29 ms
79) [11,12],  2380 ms
80) [12,12],  624 ms
81) [16,12],  2499 ms
82) [15,12],  675 ms
83) [16,11],  5008 ms
84) [16,13],  764 ms
85) [9,17],  1919 ms
86) [11,5],  44 ms
87) [11,3],  30 ms
88) [6,4],  33 ms
89) [7,3],  4986 ms
90) pbrain-pela:  I win !
90) [9,7],  29 ms
91) [12,4],  30 ms
92) [7,5],  30 ms
93) [5,3],  30 ms
94) [4,5],  30 ms
95) [6,5],  29 ms
96) [4,7],  29 ms
97) [4,9],  29 ms
98) [4,4],  30 ms

pela 10.0 wins

pela 10.0:  3344 ms/turn
pela 5.0:  2113 ms/turn
