 0) [10,8],  31 ms
 1) [10,7],  32 ms
 2) [9,8],  31 ms
 3) [8,8],  32 ms
 4) [7,7],  10010 ms
 5) [8,5],  5015 ms
 6) [9,6],  9541 ms
 7) [9,7],  3343 ms
 8) [7,9],  4424 ms
 9) [7,8],  2982 ms
10) [11,5],  9441 ms
11) [9,5],  2630 ms
12) [8,4],  5711 ms
13) [12,6],  3064 ms
14) [7,4],  3953 ms
15) [6,4],  2781 ms
16) [5,7],  4238 ms
17) [4,7],  1489 ms
18) [8,9],  5948 ms
19) [9,9],  4280 ms
20) [5,5],  9388 ms
21) [5,9],  4742 ms
22) [6,6],  32 ms
23) [7,5],  4742 ms
24) [12,7],  3927 ms
25) [4,4],  3225 ms
26) [5,3],  3331 ms
27) [5,6],  3693 ms
28) [6,5],  9437 ms
29) [3,4],  5007 ms
30) [4,5],  4066 ms
31) [3,5],  4229 ms
32) [5,4],  9280 ms
33) [7,6],  4501 ms
34) [5,8],  3895 ms
35) [2,4],  2036 ms
36) [1,4],  5522 ms
37) [5,1],  4175 ms
38) [3,3],  7840 ms
39) [4,3],  2221 ms
40) [2,5],  7946 ms
41) [11,4],  2024 ms
42) [13,6],  8862 ms
43) [14,5],  3134 ms
44) [13,8],  4376 ms
45) [12,8],  2219 ms
46) [10,9],  202 ms
47) [11,10],  3170 ms
48) [13,9],  49 ms
49) [13,7],  3144 ms
50) [14,9],  40 ms
51) [11,6],  1745 ms
52) [15,9],  33 ms
53) [16,9],  1836 ms
54) [15,10],  31 ms
55) [16,11],  31 ms
56) [11,8],  32 ms
57) [9,10],  29 ms
58) [11,9],  40 ms
59) [12,9],  29 ms
60) [15,7],  32 ms
61) [15,8],  4622 ms
62) [12,10],  33 ms
63) [14,8],  29 ms
64) [13,11],  30 ms
65) [14,12],  29 ms
66) [13,10],  30 ms
67) [13,12],  29 ms
68) [14,10],  30 ms
69) [16,10],  30 ms
70) [12,12],  29 ms
71) [16,8],  29 ms
72) [11,13],  30 ms

pela 10.0 wins

pela 10.0:  3564 ms/turn
pela 5.0:  2398 ms/turn
