 0) [11,10],  57 ms
 1) [10,10],  2331 ms
 2) [12,9],  63 ms
 3) [10,11],  47 ms
 4) [10,9],  4566 ms
 5) [12,11],  31 ms
 6) [9,11],  8955 ms
 7) [11,8],  1988 ms
 8) [8,9],  6772 ms
 9) [9,9],  2874 ms
10) [11,11],  3556 ms
11) [11,13],  4399 ms
12) [10,13],  3764 ms
13) [8,8],  3718 ms
14) [7,7],  5552 ms
15) [10,6],  3173 ms
16) [10,8],  4659 ms
17) [6,7],  3944 ms
18) [11,5],  4042 ms
19) [10,5],  5012 ms
20) [9,13],  9309 ms
21) [9,14],  5004 ms
22) [8,12],  7181 ms
23) [8,14],  4064 ms
24) [11,14],  6465 ms
25) [8,11],  3614 ms
26) [6,12],  10006 ms
27) [5,12],  4495 ms
28) [11,9],  5116 ms
29) [12,10],  1989 ms
30) [12,14],  6124 ms
31) [11,15],  5012 ms
32) [7,14],  7788 ms
33) [10,14],  5033 ms
34) [9,15],  10000 ms
35) [7,13],  3984 ms
36) [9,16],  10001 ms
37) [8,17],  5016 ms
38) [8,16],  5536 ms
39) [10,16],  2623 ms
40) [8,4],  7604 ms
41) [9,3],  2101 ms
42) [10,3],  4735 ms
43) [8,6],  3138 ms
44) [9,6],  3399 ms
45) [12,15],  4508 ms
46) [9,2],  2739 ms
47) [8,1],  5010 ms
48) [11,2],  2770 ms
49) [9,4],  4831 ms
50) [5,9],  3035 ms
51) [6,10],  5005 ms
52) [7,9],  4764 ms
53) [6,9],  4318 ms
54) [6,8],  3593 ms
55) [8,10],  5013 ms
56) [7,10],  1426 ms
57) [7,8],  3818 ms
58) [7,2],  1101 ms
59) [10,2],  3394 ms
60) [7,16],  3147 ms
61) [8,15],  5006 ms
62) [6,2],  2946 ms
63) [7,3],  4614 ms
64) [10,1],  2248 ms
65) [7,4],  5005 ms
66) [5,3],  2422 ms
67) [5,2],  5000 ms
68) [11,4],  1874 ms
69) [11,3],  5001 ms
70) [13,6],  1828 ms
71) [12,5],  30 ms
72) [12,4],  816 ms
73) [13,4],  3270 ms
74) [11,6],  693 ms
75) [10,17],  4226 ms
76) [11,16],  522 ms
77) [6,5],  5005 ms
78) [8,5],  773 ms
79) [14,9],  1959 ms
80) [9,17],  539 ms
81) [14,10],  3848 ms
82) [13,10],  1069 ms
83) [13,11],  5009 ms
84) [12,12],  29 ms
85) [14,11],  5003 ms
86) [9,8],  906 ms
87) [10,7],  31 ms
88) [5,16],  782 ms
89) [6,16],  29 ms
90) [9,19],  674 ms
91) [9,18],  28 ms
92) [4,10],  581 ms
93) [3,11],  29 ms
94) [7,6],  487 ms
95) [8,7],  29 ms
96) [14,12],  160 ms
97) [4,11],  147 ms
98) [5,10],  30 ms
99) [3,10],  143 ms
100) [2,9],  340 ms
101) [5,11],  39 ms
102) [2,11],  346 ms
103) [3,13],  42 ms
104) [3,12],  140 ms
105) [4,14],  31 ms
106) [5,15],  287 ms
107) pbrain-pela:  I win !
107) [10,15],  29 ms
108) [10,18],  30 ms
109) [4,12],  29 ms
110) [2,14],  31 ms
111) [6,11],  30 ms
112) [7,11],  29 ms
113) [4,13],  30 ms
114) [4,15],  29 ms
115) [5,13],  32 ms
116) [6,13],  30 ms
117) [2,10],  30 ms
118) [6,14],  31 ms
119) [1,9],  30 ms

pela 5.0 wins

pela 10.0:  2974 ms/turn
pela 5.0:  2720 ms/turn
