 0) [8,12],  32 ms
 1) [7,12],  195 ms
 2) [8,11],  30 ms
 3) [8,10],  31 ms
 4) [9,12],  10005 ms
 5) [10,13],  5016 ms
 6) [12,12],  3423 ms
 7) [11,12],  1680 ms
 8) [9,14],  6081 ms
 9) [9,13],  1953 ms
10) [12,13],  5541 ms
11) [12,14],  3568 ms
12) [11,14],  10012 ms
13) [13,12],  3039 ms
14) [10,12],  6750 ms
15) [6,12],  4922 ms
16) [6,13],  8580 ms
17) [5,10],  1514 ms
18) [7,11],  10004 ms
19) [8,15],  1411 ms
20) [4,10],  10017 ms
21) [9,11],  3824 ms
22) [4,11],  6397 ms
23) [4,13],  1918 ms
24) [3,11],  4900 ms
25) [5,9],  3438 ms
26) [5,11],  7888 ms
27) [6,11],  29 ms
28) [4,9],  8438 ms
29) [4,12],  3959 ms
30) [5,12],  29 ms
31) [3,10],  3924 ms
32) [12,9],  9138 ms
33) [12,10],  1516 ms
34) [12,11],  4928 ms
35) [4,8],  5015 ms
36) [5,7],  6881 ms
37) [11,10],  1856 ms
38) [10,10],  8716 ms
39) [11,11],  4641 ms
40) [11,9],  126 ms
41) [10,9],  5015 ms
42) [3,5],  3087 ms
43) [6,8],  3492 ms
44) [3,7],  3477 ms
45) [5,5],  3113 ms
46) [6,9],  5100 ms
47) [5,8],  5013 ms
48) [7,8],  1768 ms
49) [2,11],  2566 ms
50) [11,16],  5526 ms
51) [7,7],  2488 ms
52) [8,6],  4731 ms
53) [2,7],  2013 ms
54) [8,8],  3947 ms
55) [8,7],  3025 ms
56) [7,6],  3266 ms
57) [9,6],  3447 ms
58) [12,15],  3017 ms
59) [10,15],  2445 ms
60) [10,6],  862 ms
61) [11,15],  3181 ms
62) [7,15],  2023 ms
63) [2,8],  5005 ms
64) [3,8],  29 ms
65) [3,6],  2399 ms
66) [0,9],  2161 ms
67) [8,14],  5005 ms
68) [10,16],  1103 ms
69) [10,17],  5006 ms
70) [6,15],  1591 ms
71) [4,14],  3226 ms
72) [4,16],  620 ms
73) [5,16],  2709 ms
74) [15,12],  545 ms
75) [13,14],  3778 ms
76) [15,13],  614 ms
77) [15,14],  4982 ms
78) [16,14],  451 ms
79) [14,12],  5002 ms
80) [13,13],  924 ms
81) [14,13],  1840 ms
82) [17,16],  1032 ms
83) [16,16],  2645 ms
84) [16,12],  887 ms
85) [16,13],  5016 ms
86) [14,15],  477 ms
87) [17,11],  5007 ms
88) [14,10],  643 ms
89) [2,10],  4998 ms
90) [2,9],  29 ms
91) [15,11],  2286 ms
92) [15,9],  35 ms
93) [13,11],  38 ms
94) [13,9],  30 ms
95) [14,9],  29 ms
96) [12,8],  29 ms
97) [11,7],  29 ms
98) [13,7],  29 ms
99) [14,6],  28 ms
100) [13,8],  29 ms
101) [13,6],  31 ms
102) [14,8],  33 ms
103) [12,6],  29 ms
104) [11,8],  28 ms
105) [15,8],  29 ms
106) [10,8],  28 ms

pela 10.0 wins

pela 10.0:  3260 ms/turn
pela 5.0:  2799 ms/turn
