 0) [11,9],  30 ms
 1) [10,9],  2409 ms
 2) [10,8],  30 ms
 3) [11,8],  60 ms
 4) [12,10],  30 ms
 5) [13,11],  33 ms
 6) [14,10],  10043 ms
 7) [9,7],  5035 ms
 8) [12,7],  6008 ms
 9) [12,11],  2041 ms
10) [13,12],  4055 ms
11) [13,10],  2084 ms
12) [14,11],  10013 ms
13) [14,9],  1574 ms
14) [15,8],  10020 ms
15) [12,13],  5016 ms
16) [11,12],  4644 ms
17) [9,9],  4977 ms
18) [9,6],  2780 ms
19) [11,11],  3721 ms
20) [9,11],  3537 ms
21) [12,8],  5002 ms
22) [8,8],  4579 ms
23) [7,8],  2420 ms
24) [16,9],  6715 ms
25) [15,10],  1640 ms
26) [16,8],  7039 ms
27) [14,7],  3299 ms
28) [16,6],  2324 ms
29) [16,7],  5017 ms
30) [15,7],  43 ms
31) [14,8],  31 ms
32) [14,6],  31 ms
33) [17,9],  30 ms
34) [15,6],  31 ms
35) [15,5],  29 ms
36) [13,6],  30 ms
37) [17,6],  30 ms
38) [12,6],  30 ms

pela 10.0 wins

pela 10.0:  3600 ms/turn
pela 5.0:  2339 ms/turn
