 0) [9,8],  2890 ms
 1) [8,8],  3060 ms
 2) [10,9],  29 ms
 3) [8,7],  30 ms
 4) [8,6],  4716 ms
 5) [10,8],  1804 ms
 6) [9,10],  4658 ms
 7) [8,11],  3453 ms
 8) [7,10],  7402 ms
 9) [6,11],  1820 ms
10) [8,10],  6989 ms
11) [10,10],  3777 ms
12) [7,11],  6296 ms
13) [9,9],  1917 ms
14) [11,11],  10003 ms
15) [6,10],  1769 ms
16) [7,9],  3757 ms
17) [7,8],  3651 ms
18) [6,9],  10043 ms
19) [7,12],  2608 ms
20) [11,8],  3773 ms
21) [11,9],  5025 ms
22) [10,7],  8891 ms
23) [8,9],  1930 ms
24) [12,9],  184 ms
25) [13,10],  4530 ms
26) [9,6],  72 ms
27) [8,5],  29 ms
28) [11,6],  41 ms
29) [12,6],  1988 ms
30) [12,7],  47 ms
31) [13,6],  30 ms
32) [13,8],  41 ms
33) [10,5],  5000 ms
34) [11,7],  56 ms
35) [13,7],  5007 ms
36) [12,8],  31 ms
37) [10,6],  32 ms
38) pbrain-pela:  I win !
38) [14,9],  31 ms
39) [15,10],  32 ms
40) [12,5],  31 ms
41) [13,4],  31 ms
42) [11,5],  31 ms
43) [11,4],  30 ms
44) [12,11],  31 ms
45) [12,10],  31 ms
46) [11,10],  32 ms
47) [13,12],  30 ms
48) [10,11],  39 ms
49) [14,7],  29 ms
50) [9,12],  30 ms

pela 10.0 wins

pela 10.0:  2697 ms/turn
pela 5.0:  1905 ms/turn
