 0) [9,10],  1 ms
 1) [8,10],  170 ms
 2) [7,11],  29 ms
 3) [8,11],  29 ms
 4) [8,9],  28 ms
 5) [7,9],  30 ms
 6) [9,11],  28 ms
 7) [9,8],  4663 ms
 8) [9,13],  10010 ms
 9) [9,12],  1425 ms
10) [10,13],  4785 ms
11) [8,13],  2639 ms
12) [10,11],  1593 ms
13) [11,12],  4013 ms
14) [10,12],  575 ms
15) [10,14],  5025 ms
16) [10,10],  2102 ms
17) [10,9],  30 ms
18) [11,11],  774 ms
19) [12,10],  5063 ms
20) [13,13],  60 ms
21) [12,12],  4236 ms
22) [12,11],  32 ms
23) [13,11],  30 ms
24) [11,13],  29 ms
25) [12,13],  31 ms
26) [8,14],  31 ms
27) [7,15],  30 ms
28) [12,14],  30 ms
29) [13,15],  30 ms
30) [7,13],  30 ms
31) [11,9],  5010 ms
32) [14,12],  3258 ms
33) [9,7],  2231 ms
34) [10,8],  30 ms
35) [11,15],  2317 ms
36) [9,6],  4953 ms
37) [6,14],  5030 ms
38) [8,7],  10010 ms
39) [7,8],  3302 ms
40) [14,15],  10051 ms
41) [15,11],  2245 ms
42) [14,10],  9228 ms
43) [6,15],  3009 ms
44) [5,16],  10010 ms
45) [6,16],  33 ms
46) [6,17],  3192 ms
47) [8,16],  45 ms
48) [9,17],  10031 ms
49) [5,13],  41 ms
50) [4,12],  29 ms
51) [9,15],  32 ms
52) [8,15],  30 ms
53) [10,15],  31 ms
54) [12,15],  68 ms
55) [6,13],  63 ms
56) [6,12],  171 ms
57) [7,17],  79 ms
58) [6,18],  30 ms
59) [8,18],  31 ms
60) [5,15],  9304 ms
61) [7,16],  30 ms
62) [7,18],  29 ms
63) pbrain-pela:  I win !
63) [9,16],  30 ms
64) [10,16],  28 ms
65) [8,17],  29 ms
66) [11,14],  29 ms
67) [5,14],  30 ms
68) [9,18],  29 ms
69) [4,13],  29 ms

pela 5.0 wins

pela 10.0:  2589 ms/turn
pela 5.0:  1459 ms/turn
