 0) [10,10],  1 ms
 1) [9,10],  195 ms
 2) [10,9],  30 ms
 3) [10,8],  29 ms
 4) [11,10],  10004 ms
 5) [12,11],  3839 ms
 6) [14,10],  10006 ms
 7) [13,10],  5035 ms
 8) [11,12],  5246 ms
 9) [11,11],  2013 ms
10) [14,11],  5518 ms
11) [14,12],  3790 ms
12) [15,10],  10087 ms
13) [16,9],  5000 ms
14) [15,13],  3818 ms
15) [15,11],  5044 ms
16) [13,13],  6322 ms
17) [12,13],  1554 ms
18) [12,10],  4880 ms
19) [8,10],  2853 ms
20) [8,11],  5333 ms
21) [7,8],  3414 ms
22) [9,9],  10035 ms
23) [7,10],  4515 ms
24) [8,8],  6643 ms
25) [7,9],  3472 ms
26) [7,7],  7057 ms
27) [6,6],  29 ms
28) [8,9],  4712 ms
29) [5,10],  565 ms
30) [6,10],  29 ms
31) [5,7],  721 ms
32) [11,9],  10024 ms
33) [12,9],  29 ms
34) [9,11],  4092 ms
35) [8,12],  62 ms
36) [7,11],  5612 ms
37) [6,11],  35 ms
38) [13,7],  3055 ms
39) [12,8],  29 ms
40) [4,6],  9649 ms
41) [4,9],  30 ms
42) [3,8],  30 ms
43) [11,8],  31 ms
44) [13,8],  3000 ms
45) pbrain-pela:  I win !
45) [9,6],  81 ms
46) [10,7],  47 ms
47) [6,9],  110 ms
48) [8,7],  29 ms
49) [3,9],  31 ms
50) [5,9],  29 ms
51) [4,8],  29 ms
52) [7,5],  30 ms
53) [2,10],  30 ms

pela 5.0 wins

pela 10.0:  4641 ms/turn
pela 5.0:  1576 ms/turn
