 0) [10,12],  31 ms
 1) [9,12],  1216 ms
 2) [9,11],  31 ms
 3) [10,11],  47 ms
 4) [8,13],  49 ms
 5) [8,12],  61 ms
 6) [7,13],  29 ms
 7) [9,13],  29 ms
 8) [5,11],  29 ms
 9) [6,12],  1949 ms
10) [5,12],  3791 ms
11) [5,10],  1797 ms
12) [7,11],  10018 ms
13) [7,10],  2663 ms
14) [6,9],  5153 ms
15) [6,11],  5043 ms
16) [5,13],  3173 ms
17) [6,13],  5016 ms
18) [6,14],  10037 ms
19) [7,15],  2752 ms
20) [4,12],  8909 ms
21) [3,13],  5006 ms
22) [5,14],  2885 ms
23) [5,15],  30 ms
24) [3,12],  8926 ms
25) [6,15],  5003 ms
26) [8,15],  2838 ms
27) [3,11],  5006 ms
28) [11,13],  10017 ms
29) [12,14],  3795 ms
30) [3,15],  6591 ms
31) [7,9],  2148 ms
32) [6,16],  10022 ms
33) [4,14],  2173 ms
34) [2,12],  10007 ms
35) [1,12],  30 ms
36) [8,9],  10002 ms
37) [12,13],  2821 ms
38) [12,15],  10007 ms
39) [11,16],  3163 ms
40) [13,14],  5109 ms
41) [4,10],  3631 ms
42) [6,10],  3895 ms
43) [11,15],  3230 ms
44) [12,16],  2935 ms
45) [5,7],  1643 ms
46) [4,9],  3183 ms
47) [5,5],  2055 ms
48) [6,8],  5108 ms
49) [6,7],  5017 ms
50) [5,8],  6751 ms
51) [4,8],  4558 ms
52) [6,6],  2865 ms
53) [3,7],  5014 ms
54) [4,7],  2162 ms
55) [5,3],  2782 ms
56) [3,5],  2698 ms
57) [4,6],  77 ms
58) [6,4],  2138 ms
59) [2,8],  37 ms
60) [1,9],  31 ms
61) [5,6],  42 ms
62) [5,4],  30 ms
63) [2,6],  52 ms
64) [1,5],  1550 ms
65) [2,7],  35 ms
66) [2,9],  2616 ms
67) [3,9],  30 ms
68) [0,6],  32 ms
69) pbrain-pela:  I win !
69) [2,4],  30 ms
70) [2,5],  30 ms
71) [3,6],  30 ms
72) [1,6],  31 ms
73) [2,10],  29 ms
74) [1,11],  31 ms
75) [3,10],  29 ms
76) [1,10],  30 ms
77) [3,8],  30 ms

pela 5.0 wins

pela 10.0:  3942 ms/turn
pela 5.0:  2002 ms/turn
