 0) [11,12],  56 ms
 1) [10,12],  3202 ms
 2) [11,11],  29 ms
 3) [11,10],  28 ms
 4) [10,9],  9985 ms
 5) [8,10],  5014 ms
 6) [9,11],  4365 ms
 7) [10,11],  4271 ms
 8) [12,9],  5268 ms
 9) [11,9],  2978 ms
10) [8,13],  8457 ms
11) [8,11],  2629 ms
12) [7,10],  4768 ms
13) [9,14],  4344 ms
14) [10,7],  3162 ms
15) [9,6],  2936 ms
16) [12,7],  3565 ms
17) [12,8],  3101 ms
18) [7,9],  10021 ms
19) [7,8],  2716 ms
20) [10,5],  8393 ms
21) [10,6],  4998 ms
22) [11,7],  3009 ms
23) [13,7],  2455 ms
24) [10,10],  10007 ms
25) [11,6],  4999 ms
26) [12,6],  2984 ms
27) [9,7],  3432 ms
28) [8,6],  4537 ms
29) [13,5],  5001 ms
30) [14,6],  5419 ms
31) [10,14],  2925 ms
32) [10,15],  10001 ms
33) [13,6],  4633 ms
34) [13,8],  3542 ms
35) [12,5],  2224 ms
36) [13,4],  10012 ms
37) [9,15],  2048 ms
38) [9,16],  6334 ms
39) [9,9],  4795 ms
40) [9,8],  9450 ms
41) [5,10],  1496 ms
42) [8,7],  3851 ms
43) [8,8],  1763 ms
44) [8,12],  5010 ms
45) [11,14],  1385 ms
46) [12,14],  6823 ms
47) [8,9],  4613 ms
48) [8,16],  2532 ms
49) [7,13],  1590 ms
50) [8,14],  3425 ms
51) [8,15],  28 ms
52) [14,7],  5017 ms
53) [14,5],  2911 ms
54) [15,5],  2256 ms
55) [14,9],  2240 ms
56) [10,4],  1456 ms
57) [11,4],  5013 ms
58) [8,17],  2080 ms
59) [6,16],  5006 ms
60) [6,7],  2322 ms
61) [6,5],  5009 ms
62) [8,5],  3129 ms
63) [16,5],  2253 ms
64) [7,16],  1255 ms
65) [9,17],  2438 ms
66) [15,4],  971 ms
67) [15,7],  1671 ms
68) [6,15],  1244 ms
69) [5,14],  2035 ms
70) [6,12],  2180 ms
71) [5,8],  5001 ms
72) [6,13],  1874 ms
73) [16,6],  1443 ms
74) [16,7],  1285 ms
75) [5,15],  1397 ms
76) [4,14],  1407 ms
77) [6,14],  2435 ms
78) [4,8],  477 ms
79) [8,4],  4993 ms
80) [6,6],  467 ms
81) [3,9],  5010 ms
82) [4,6],  472 ms
83) [11,3],  5012 ms
84) [11,5],  450 ms
85) [10,3],  1463 ms
86) [9,2],  30 ms
87) [4,7],  3421 ms
88) pbrain-pela:  I win !
88) [9,3],  29 ms
89) [8,2],  30 ms
90) [9,5],  31 ms
91) [7,5],  31 ms
92) [6,8],  33 ms
93) [7,7],  30 ms
94) [6,10],  29 ms
95) [6,9],  30 ms
96) [5,7],  30 ms
97) [3,5],  30 ms
98) [5,9],  29 ms
99) [7,11],  30 ms
100) [2,6],  29 ms
101) [3,7],  29 ms
102) [5,6],  29 ms
103) [7,6],  30 ms
104) [3,6],  30 ms

pela 10.0 wins

pela 10.0:  3276 ms/turn
pela 5.0:  2665 ms/turn
