 0) [8,10],  32 ms
 1) [9,11],  31 ms
 2) [9,9],  32 ms
 3) [7,11],  31 ms
 4) [10,9],  31 ms
 5) [7,10],  38 ms
 6) [10,11],  32 ms
 7) [7,9],  31 ms
 8) [7,12],  4603 ms
 9) [10,10],  2718 ms
10) [7,8],  10032 ms
11) [9,10],  5036 ms
12) [6,10],  6043 ms
13) [12,9],  5005 ms
14) [8,13],  10047 ms
15) [6,11],  2956 ms
16) [5,11],  6236 ms
17) [7,14],  5033 ms
18) [10,8],  7227 ms
19) [9,8],  2322 ms
20) [8,9],  5886 ms
21) [8,12],  3796 ms
22) [7,13],  10014 ms
23) [12,6],  3073 ms
24) [12,8],  5282 ms
25) [9,13],  2134 ms
26) [9,12],  6158 ms
27) [4,10],  3976 ms
28) [10,6],  7103 ms
29) [10,5],  5011 ms
30) [9,7],  3328 ms
31) [8,8],  4931 ms
32) [11,6],  10008 ms
33) [8,6],  3691 ms
34) [10,15],  5384 ms
35) [11,16],  4621 ms
36) [7,7],  6818 ms
37) [5,12],  5002 ms
38) [4,13],  10016 ms
39) [11,5],  1677 ms
40) [10,14],  9387 ms
41) [10,13],  1996 ms
42) [11,14],  8034 ms
43) [6,13],  5001 ms
44) [8,15],  6775 ms
45) [4,11],  5006 ms
46) [3,10],  30 ms
47) [9,15],  3316 ms
48) [12,13],  135 ms
49) [13,12],  4999 ms
50) [12,14],  95 ms
51) [9,14],  4999 ms
52) [12,15],  39 ms
53) [12,12],  1520 ms
54) [14,14],  36 ms
55) [13,14],  33 ms
56) [9,16],  31 ms
57) [8,17],  31 ms
58) [12,16],  37 ms
59) [12,17],  31 ms
60) [13,15],  31 ms
61) [15,13],  4791 ms
62) [14,15],  31 ms
63) [11,15],  30 ms
64) [14,16],  32 ms
65) [14,17],  32 ms
66) [11,13],  30 ms
67) [15,17],  29 ms
68) [10,12],  30 ms

pela 10.0 wins

pela 10.0:  3973 ms/turn
pela 5.0:  2733 ms/turn
