 0) [12,10],  29 ms
 1) [11,10],  1795 ms
 2) [12,9],  28 ms
 3) [12,8],  60 ms
 4) [11,7],  10019 ms
 5) [9,8],  5002 ms
 6) [10,9],  4408 ms
 7) [11,9],  4295 ms
 8) [13,7],  4818 ms
 9) [12,7],  3053 ms
10) [9,11],  9164 ms
11) [9,9],  3136 ms
12) [8,8],  5579 ms
13) [10,12],  4978 ms
14) [11,5],  3950 ms
15) [10,4],  3537 ms
16) [13,5],  5176 ms
17) [13,6],  4201 ms
18) [8,7],  9988 ms
19) [8,6],  1454 ms
20) [11,3],  9664 ms
21) [11,4],  5026 ms
22) [12,5],  3971 ms
23) [14,5],  5014 ms
24) [11,8],  10001 ms
25) [12,4],  1891 ms
26) [13,4],  3702 ms
27) [10,5],  1773 ms
28) [9,4],  8696 ms
29) [14,3],  5015 ms
30) [15,4],  5659 ms
31) [11,12],  3478 ms
32) [11,13],  10000 ms
33) [14,4],  5015 ms
34) [14,6],  4132 ms
35) [10,13],  2455 ms
36) [10,14],  4085 ms
37) [9,12],  1907 ms
38) [12,12],  9548 ms
39) [13,11],  1601 ms
40) [7,10],  3003 ms
41) [7,7],  5006 ms
42) [10,3],  7766 ms
43) [13,3],  2187 ms
44) [14,2],  6657 ms
45) [12,11],  5000 ms
46) [13,10],  2657 ms
47) [10,7],  5000 ms
48) [10,8],  5328 ms
49) [7,6],  5000 ms
50) [9,6],  4563 ms
51) [9,3],  3184 ms
52) [7,5],  3917 ms
53) [14,11],  5001 ms
54) [9,15],  1492 ms
55) [8,16],  30 ms
56) [11,11],  2185 ms
57) [11,15],  5012 ms
58) [9,14],  817 ms
59) [8,14],  1904 ms
60) [7,12],  2716 ms
61) [7,11],  5001 ms
62) [8,13],  1404 ms
63) [6,11],  5002 ms
64) [5,9],  1768 ms
65) [9,10],  5013 ms
66) [16,4],  1860 ms
67) [17,3],  5001 ms
68) [6,9],  1053 ms
69) [5,10],  1855 ms
70) [6,8],  660 ms
71) [5,8],  5009 ms
72) [4,9],  488 ms
73) [7,9],  5013 ms
74) [3,9],  1282 ms
75) [2,9],  29 ms
76) [6,6],  1111 ms
77) [15,11],  5000 ms
78) [16,11],  28 ms
79) [15,3],  2527 ms
80) [16,3],  30 ms
81) [6,10],  2286 ms
82) [4,8],  942 ms
83) [5,7],  28 ms
84) [5,11],  300 ms
85) [4,10],  3054 ms
86) [2,10],  775 ms
87) [11,14],  4329 ms
88) [10,15],  430 ms
89) [11,16],  29 ms
90) [12,15],  602 ms
91) [13,13],  1477 ms
92) [12,14],  281 ms
93) [14,13],  4992 ms
94) [6,5],  291 ms
95) [6,7],  31 ms
96) [13,12],  429 ms
97) [14,12],  5000 ms
98) [14,14],  354 ms
99) [11,18],  67 ms
100) [11,17],  29 ms
101) [14,10],  39 ms
102) [14,9],  29 ms
103) [4,7],  37 ms
104) [3,7],  30 ms
105) [12,13],  5009 ms
106) [2,6],  244 ms
107) [1,5],  29 ms
108) [1,11],  180 ms
109) [0,12],  28 ms
110) [10,11],  161 ms
111) [15,13],  32 ms
112) [16,13],  30 ms
113) [15,12],  33 ms
114) [15,14],  83 ms
115) pbrain-pela:  I win !
115) [16,14],  30 ms
116) [17,15],  31 ms
117) [16,10],  29 ms
118) [17,9],  29 ms
119) [16,12],  28 ms
120) [13,9],  29 ms
121) [18,12],  28 ms
122) [17,12],  29 ms
123) [17,13],  30 ms
124) [18,14],  29 ms
125) [15,15],  29 ms
126) [19,11],  29 ms
127) [14,16],  29 ms

pela 5.0 wins

pela 10.0:  2793 ms/turn
pela 5.0:  2627 ms/turn
