 0) [8,8],  0 ms
 1) [7,8],  179 ms
 2) [8,7],  30 ms
 3) [8,6],  29 ms
 4) [7,5],  10010 ms
 5) [5,6],  4646 ms
 6) [6,7],  8167 ms
 7) [7,7],  3540 ms
 8) [9,5],  4794 ms
 9) [8,5],  2939 ms
10) [5,9],  8982 ms
11) [5,7],  2971 ms
12) [4,6],  5217 ms
13) [6,10],  4031 ms
14) [7,3],  3529 ms
15) [6,2],  3054 ms
16) [9,3],  4475 ms
17) [7,4],  1716 ms
18) [9,6],  10027 ms
19) [9,4],  3539 ms
20) [6,5],  7441 ms
21) [5,5],  5005 ms
22) [5,4],  5056 ms
23) [7,6],  5023 ms
24) [10,3],  10044 ms
25) [7,9],  3458 ms
26) [7,10],  30 ms
27) [8,3],  4245 ms
28) [8,4],  948 ms
29) [10,2],  4297 ms
30) [3,4],  8093 ms
31) [4,4],  4996 ms
32) [3,3],  5391 ms
33) [3,6],  2765 ms
34) [9,8],  8495 ms
35) [10,6],  2968 ms
36) [8,9],  290 ms
37) [6,11],  4394 ms
38) [8,10],  158 ms
39) [8,11],  29 ms
40) [6,6],  37 ms
41) [6,4],  5006 ms
42) [9,9],  44 ms
43) [9,7],  29 ms
44) [10,8],  45 ms
45) [11,7],  2557 ms
46) [10,7],  29 ms
47) [11,6],  29 ms
48) [11,8],  30 ms
49) [12,8],  30 ms
50) [12,9],  30 ms
51) [13,10],  29 ms
52) [6,12],  30 ms
53) [7,11],  32 ms
54) [10,9],  30 ms
55) [11,9],  29 ms
56) [10,11],  29 ms
57) [10,10],  30 ms
58) [11,10],  30 ms
59) [12,11],  29 ms
60) [9,12],  29 ms
61) [13,8],  30 ms
62) [8,13],  29 ms

pela 10.0 wins

pela 10.0:  3174 ms/turn
pela 5.0:  2311 ms/turn
