 0) [8,12],  0 ms
 1) [7,12],  2030 ms
 2) [8,11],  28 ms
 3) [8,10],  29 ms
 4) [9,12],  9990 ms
 5) [10,13],  1516 ms
 6) [12,12],  3791 ms
 7) [11,12],  1641 ms
 8) [9,14],  5807 ms
 9) [9,13],  1997 ms
10) [12,13],  5414 ms
11) [12,14],  3622 ms
12) [11,14],  10010 ms
13) [13,12],  2373 ms
14) [10,12],  5902 ms
15) [6,12],  4191 ms
16) [6,13],  6814 ms
17) [5,10],  4461 ms
18) [7,11],  7892 ms
19) [8,15],  2248 ms
20) [4,10],  8358 ms
21) [9,11],  2853 ms
22) [4,11],  4693 ms
23) [4,13],  5030 ms
24) [3,11],  3581 ms
25) [5,9],  2376 ms
26) [5,11],  6220 ms
27) [6,11],  28 ms
28) [4,9],  8460 ms
29) [4,12],  4091 ms
30) [5,12],  29 ms
31) [3,10],  4256 ms
32) [12,9],  3261 ms
33) [12,10],  1563 ms
34) [12,11],  5235 ms
35) [4,8],  5011 ms
36) [5,7],  7281 ms
37) [11,10],  2007 ms
38) [10,10],  10010 ms
39) [11,11],  5006 ms
40) [11,9],  132 ms
41) [10,9],  5006 ms
42) [3,5],  3391 ms
43) [6,8],  3745 ms
44) [3,7],  3770 ms
45) [5,5],  3350 ms
46) [6,9],  5790 ms
47) [5,8],  5002 ms
48) [7,8],  3472 ms
49) [2,11],  2759 ms
50) [11,16],  7239 ms
51) [7,7],  2706 ms
52) [8,6],  6216 ms
53) [2,7],  2159 ms
54) [8,8],  4286 ms
55) [8,7],  3235 ms
56) [7,6],  3522 ms
57) [9,6],  3722 ms
58) [12,15],  4201 ms
59) [10,15],  2730 ms
60) [10,6],  3527 ms
61) [11,15],  3481 ms
62) [7,15],  2122 ms
63) [2,8],  5013 ms
64) [3,8],  30 ms
65) [3,6],  2529 ms
66) [0,9],  2249 ms
67) [8,14],  4993 ms
68) [10,16],  1142 ms
69) [10,17],  4999 ms
70) [6,15],  1667 ms
71) [4,14],  3365 ms
72) [4,16],  664 ms
73) [5,16],  2827 ms
74) [15,12],  1977 ms
75) [13,14],  3941 ms
76) [15,13],  652 ms
77) [15,14],  5000 ms
78) [16,14],  525 ms
79) [14,12],  5017 ms
80) [13,13],  980 ms
81) [14,13],  1924 ms
82) [17,16],  1375 ms
83) [16,16],  2751 ms
84) [16,12],  1100 ms
85) [16,13],  5009 ms
86) [14,15],  486 ms
87) [17,11],  4998 ms
88) [14,10],  644 ms
89) [2,10],  5013 ms
90) [2,9],  27 ms
91) [15,11],  2322 ms
92) [15,9],  35 ms
93) [13,11],  39 ms
94) [13,9],  31 ms
95) [14,9],  28 ms
96) [12,8],  31 ms
97) [11,7],  29 ms
98) [13,7],  29 ms
99) [14,6],  29 ms
100) [13,8],  33 ms
101) [13,6],  33 ms
102) [14,8],  32 ms
103) [12,6],  30 ms
104) [11,8],  28 ms
105) [15,8],  29 ms
106) [10,8],  30 ms

pela 10.0 wins

pela 10.0:  3226 ms/turn
pela 5.0:  2908 ms/turn
