 0) [12,10],  32 ms
 1) [13,9],  32 ms
 2) [13,11],  31 ms
 3) [11,9],  30 ms
 4) [14,10],  31 ms
 5) [12,12],  29 ms
 6) [10,9],  4215 ms
 7) [15,10],  2606 ms
 8) [11,10],  8064 ms
 9) [10,10],  2565 ms
10) [13,7],  10020 ms
11) [13,12],  3114 ms
12) [14,12],  3673 ms
13) [15,13],  1706 ms
14) [13,13],  7860 ms
15) [15,11],  5033 ms
16) [15,12],  10010 ms
17) [14,11],  1933 ms
18) [16,9],  4670 ms
19) [14,7],  2694 ms
20) [9,11],  5820 ms
21) [9,8],  5018 ms
22) [9,12],  5069 ms
23) [10,11],  1854 ms
24) [13,14],  9827 ms
25) [9,13],  1699 ms
26) [12,7],  7323 ms
27) [9,10],  2522 ms
28) [8,9],  10019 ms
29) [12,6],  4722 ms
30) [8,12],  10001 ms
31) [7,12],  2532 ms
32) [14,5],  5446 ms
33) [13,6],  2478 ms
34) [11,6],  10014 ms
35) [10,8],  3992 ms
36) [8,8],  2951 ms
37) [8,10],  2514 ms
38) [7,10],  5026 ms
39) [6,9],  5016 ms
40) [9,9],  6995 ms
41) [14,13],  1788 ms
42) [9,7],  3129 ms
43) [10,6],  2966 ms
44) [12,13],  7121 ms
45) [12,5],  1711 ms
46) [11,4],  6103 ms
47) [11,7],  2100 ms
48) [12,8],  3222 ms
49) [12,9],  4129 ms
50) [14,4],  1722 ms
51) [13,4],  2083 ms
52) [7,7],  1803 ms
53) [8,7],  5003 ms
54) [12,14],  2745 ms
55) [15,14],  5005 ms
56) [16,15],  2489 ms
57) [15,9],  5011 ms
58) [14,9],  30 ms
59) [15,8],  2715 ms
60) [15,7],  30 ms
61) [13,15],  3032 ms
62) [10,5],  268 ms
63) [13,8],  32 ms
64) [9,4],  200 ms
65) [8,3],  31 ms
66) [10,4],  117 ms
67) [8,4],  1586 ms
68) [9,5],  40 ms
69) [8,6],  1837 ms
70) [8,5],  30 ms
71) [16,5],  2037 ms
72) [15,6],  31 ms
73) [7,5],  1656 ms
74) [9,3],  33 ms
75) [9,6],  32 ms
76) [11,2],  35 ms
77) [10,3],  32 ms
78) [9,1],  31 ms
79) [9,2],  32 ms
80) [11,3],  32 ms
81) [11,5],  34 ms
82) [12,2],  30 ms
83) [13,1],  31 ms
84) [11,1],  32 ms
85) [11,0],  30 ms
86) [13,3],  30 ms
87) [15,5],  31 ms
88) [10,0],  30 ms

pela 10.0 wins

pela 10.0:  3476 ms/turn
pela 5.0:  2159 ms/turn
