 0) [9,10],  0 ms
 1) [8,10],  189 ms
 2) [8,9],  30 ms
 3) [9,9],  33 ms
 4) [10,8],  31 ms
 5) [10,9],  30 ms
 6) [11,8],  31 ms
 7) [9,8],  32 ms
 8) [13,10],  34 ms
 9) [12,9],  5002 ms
10) [13,8],  3040 ms
11) [13,9],  3973 ms
12) [11,9],  31 ms
13) [11,10],  1605 ms
14) [8,7],  10014 ms
15) [8,6],  2279 ms
16) [7,8],  7815 ms
17) [6,7],  5008 ms
18) [12,12],  6084 ms
19) [10,11],  5011 ms
20) [13,13],  4892 ms
21) [14,12],  4385 ms
22) [13,15],  5219 ms
23) [15,15],  5003 ms
24) [11,13],  6285 ms
25) [12,13],  2154 ms
26) [12,14],  9072 ms
27) [9,12],  2010 ms
28) [8,13],  30 ms
29) [10,12],  5037 ms
30) [13,12],  10005 ms
31) [13,14],  3733 ms
32) [10,13],  10015 ms
33) [14,8],  5004 ms
34) [11,15],  4382 ms
35) [11,11],  5007 ms
36) [12,10],  35 ms
37) [13,11],  2914 ms
38) [12,11],  184 ms
39) [11,12],  4172 ms
40) [14,15],  36 ms
41) [10,14],  2966 ms
42) [10,16],  33 ms
43) [9,17],  31 ms
44) [10,15],  34 ms
45) [12,15],  33 ms
46) [14,16],  34 ms
47) [15,17],  33 ms
48) [7,12],  36 ms
49) [9,14],  75 ms
50) [7,13],  34 ms
51) [9,13],  31 ms
52) [9,15],  40 ms
53) [8,14],  31 ms
54) [7,15],  30 ms
55) [8,15],  31 ms
56) [7,14],  30 ms
57) [7,16],  31 ms
58) [7,11],  31 ms

pela 10.0 wins

pela 10.0:  2585 ms/turn
pela 5.0:  2270 ms/turn
