 0) [10,9],  30 ms
 1) [9,9],  253 ms
 2) [8,10],  29 ms
 3) [9,10],  30 ms
 4) [9,11],  30 ms
 5) [10,11],  29 ms
 6) [8,9],  30 ms
 7) [8,12],  4233 ms
 8) [8,7],  3337 ms
 9) [8,8],  2001 ms
10) [7,7],  4721 ms
11) [9,7],  1600 ms
12) [7,9],  2158 ms
13) [6,8],  5025 ms
14) [7,8],  590 ms
15) [7,6],  5036 ms
16) [7,10],  2080 ms
17) [7,11],  31 ms
18) [6,9],  841 ms
19) [5,10],  5020 ms
20) [4,7],  63 ms
21) [5,8],  2301 ms
22) [5,9],  31 ms
23) [4,9],  50 ms
24) [6,7],  114 ms
25) [5,7],  29 ms
26) [9,6],  31 ms
27) [10,5],  102 ms
28) [5,6],  109 ms
29) [4,5],  30 ms
30) [10,7],  31 ms
31) [6,11],  5028 ms
32) [3,8],  4674 ms
33) [8,13],  1926 ms
34) [7,12],  30 ms
35) [6,5],  5058 ms
36) [8,14],  4762 ms
37) [10,12],  5020 ms
38) [10,14],  10031 ms
39) [11,8],  2326 ms
40) [9,14],  6477 ms
41) [11,14],  5011 ms
42) [6,14],  2599 ms
43) [7,14],  32 ms
44) [9,12],  4022 ms
45) [10,13],  4088 ms
46) [11,13],  6909 ms
47) [9,15],  4943 ms
48) [7,5],  4813 ms
49) [11,10],  4195 ms
50) [11,11],  3470 ms
51) [5,4],  2754 ms
52) [3,6],  4111 ms
53) [6,4],  5003 ms
54) [4,4],  5286 ms
55) [2,6],  2238 ms
56) [6,3],  10008 ms
57) [3,5],  5000 ms
58) [4,6],  8333 ms
59) [4,11],  1593 ms
60) [5,11],  4402 ms
61) [12,15],  2246 ms
62) [13,14],  10006 ms
63) [6,13],  3706 ms
64) [5,12],  10013 ms
65) [8,15],  5000 ms
66) [10,15],  9391 ms
67) [7,15],  2537 ms
68) [6,15],  8074 ms
69) [3,12],  4999 ms
70) [2,13],  6907 ms
71) [4,8],  5016 ms
72) [4,12],  5922 ms
73) [3,13],  5000 ms
74) [7,13],  5063 ms
75) [1,10],  5001 ms
76) [3,10],  4343 ms
77) [3,7],  5004 ms
78) [1,5],  3719 ms
79) [2,5],  3202 ms
80) [5,5],  29 ms
81) [4,3],  5004 ms
82) [3,2],  28 ms
83) [3,3],  3469 ms
84) [2,3],  1582 ms
85) [12,8],  2871 ms
86) [13,8],  913 ms
87) [7,4],  1688 ms
88) [9,4],  880 ms
89) [13,6],  5008 ms
90) [10,8],  1358 ms
91) [11,7],  5001 ms
92) [11,5],  2516 ms
93) [11,6],  5000 ms
94) [11,9],  28 ms
95) [1,11],  1770 ms
96) [2,10],  1512 ms
97) [5,13],  1631 ms
98) [13,16],  1405 ms
99) [10,6],  4998 ms
100) [13,9],  1618 ms
101) [8,4],  3071 ms
102) [9,5],  27 ms
103) [10,17],  2870 ms
104) [9,16],  29 ms
105) [12,6],  2339 ms
106) [14,6],  31 ms
107) [12,9],  5001 ms
108) [12,7],  1420 ms
109) [13,13],  5001 ms
110) [13,17],  1088 ms
111) [11,16],  3550 ms
112) [13,5],  862 ms
113) [15,7],  3230 ms
114) [2,12],  1005 ms
115) [2,11],  1853 ms
116) [4,13],  284 ms
117) [4,10],  4830 ms
118) [3,11],  511 ms
119) [15,8],  1882 ms
120) [15,9],  262 ms
121) [9,2],  1455 ms
122) [10,1],  705 ms
123) [13,10],  5000 ms
124) [1,9],  610 ms
125) [0,8],  27 ms
126) [12,10],  270 ms
127) [14,11],  5000 ms
128) [15,12],  27 ms
129) [13,15],  1686 ms
130) [16,7],  379 ms
131) [14,12],  5002 ms
132) [12,16],  288 ms
133) [11,15],  2857 ms
134) [15,11],  197 ms
135) [14,13],  149 ms
136) [14,14],  310 ms
137) pbrain-pela:  I win !
137) [14,9],  29 ms
138) [14,10],  30 ms
139) [12,14],  28 ms
140) [10,16],  31 ms
141) [12,11],  29 ms
142) [11,12],  28 ms
143) [13,12],  29 ms
144) [15,14],  28 ms
145) [12,13],  31 ms
146) [15,10],  29 ms
147) [12,12],  30 ms

pela 5.0 wins

pela 10.0:  2404 ms/turn
pela 5.0:  2879 ms/turn
