 0) [12,8],  31 ms
 1) [11,9],  31 ms
 2) [12,7],  30 ms
 3) [12,6],  47 ms
 4) [13,8],  3272 ms
 5) [14,8],  30 ms
 6) [14,6],  4823 ms
 7) [15,10],  1868 ms
 8) [15,9],  10012 ms
 9) [11,6],  4365 ms
10) [11,5],  10001 ms
11) [13,7],  4152 ms
12) [14,4],  6749 ms
13) [14,5],  5003 ms
14) [16,4],  7410 ms
15) [17,4],  5060 ms
16) [18,6],  3412 ms
17) [16,8],  1711 ms
18) [17,8],  6900 ms
19) [15,3],  2274 ms
20) [10,6],  6738 ms
21) [9,5],  3181 ms
22) [15,2],  4982 ms
23) [9,7],  5010 ms
24) [10,8],  10000 ms
25) [11,8],  2038 ms
26) [11,10],  3408 ms
27) [12,9],  1665 ms
28) [9,6],  6557 ms
29) [13,9],  2084 ms
30) [10,9],  3236 ms
31) [10,7],  2847 ms
32) [15,7],  3272 ms
33) [9,8],  3580 ms
34) [8,9],  10018 ms
35) [13,3],  5016 ms
36) [13,4],  6134 ms
37) [12,4],  3456 ms
38) [8,10],  6684 ms
39) [14,11],  3487 ms
40) [13,10],  31 ms
41) [13,12],  3745 ms
42) [12,13],  9480 ms
43) [8,7],  2443 ms
44) [7,7],  5891 ms
45) [10,10],  3828 ms
46) [7,11],  74 ms
47) [9,9],  4621 ms
48) [8,12],  138 ms
49) [8,11],  2008 ms
50) [9,13],  70 ms
51) [10,14],  1919 ms
52) [5,9],  45 ms
53) [6,10],  32 ms
54) [6,8],  46 ms
55) [4,10],  5012 ms
56) [7,9],  35 ms
57) [5,7],  58 ms
58) [7,8],  30 ms
59) [7,10],  34 ms
60) [7,6],  33 ms
61) [7,5],  31 ms
62) [6,9],  33 ms
63) [4,9],  31 ms
64) [6,6],  31 ms
65) [8,6],  31 ms
66) [6,7],  32 ms
67) [6,5],  30 ms
68) [5,6],  32 ms
69) [9,10],  31 ms
70) [4,5],  31 ms

pela 10.0 wins

pela 10.0:  3602 ms/turn
pela 5.0:  2307 ms/turn
