 0) [12,12],  30 ms
 1) [12,13],  30 ms
 2) [13,12],  29 ms
 3) [14,12],  30 ms
 4) [15,13],  9998 ms
 5) [14,15],  2852 ms
 6) [13,14],  6335 ms
 7) [13,13],  2469 ms
 8) [15,14],  3295 ms
 9) [12,14],  4649 ms
10) [11,15],  3477 ms
11) [12,11],  2870 ms
12) [11,16],  6680 ms
13) [11,13],  5057 ms
14) [10,13],  3256 ms
15) [12,15],  3132 ms
16) [15,11],  5970 ms
17) [15,12],  4288 ms
18) [16,12],  5034 ms
19) [14,14],  3054 ms
20) [14,13],  4463 ms
21) [17,13],  5024 ms
22) [12,16],  7996 ms
23) [10,16],  3372 ms
24) [9,12],  6858 ms
25) [10,12],  1686 ms
26) [13,15],  6111 ms
27) [17,16],  3065 ms
28) [8,13],  4297 ms
29) [9,14],  4572 ms
30) [16,11],  8833 ms
31) [17,11],  1611 ms
32) [17,12],  8607 ms
33) [14,16],  1881 ms
34) [14,18],  6779 ms
35) [13,17],  5019 ms
36) [15,15],  9161 ms
37) [8,14],  2217 ms
38) [11,11],  9998 ms
39) [16,13],  2549 ms
40) [11,14],  4154 ms
41) [17,14],  5047 ms
42) [11,17],  5812 ms
43) [11,18],  30 ms
44) [18,15],  7549 ms
45) [10,18],  5001 ms
46) [9,13],  5203 ms
47) [8,11],  1513 ms
48) [9,9],  4497 ms
49) [9,11],  5006 ms
50) [8,10],  30 ms
51) [7,11],  5002 ms
52) [6,11],  5078 ms
53) [13,10],  2557 ms
54) [14,11],  30 ms
55) [17,15],  4091 ms
56) [17,17],  30 ms
57) [10,11],  2124 ms
58) [6,13],  71 ms
59) [7,13],  30 ms
60) [10,10],  78 ms
61) [8,8],  30 ms
62) [6,12],  44 ms
63) [6,14],  88 ms
64) [6,10],  29 ms
65) [6,9],  31 ms
66) [7,10],  31 ms
67) [9,10],  31 ms
68) [5,10],  30 ms
69) [4,10],  30 ms
70) [7,12],  32 ms
71) [4,9],  31 ms
72) [8,12],  31 ms
73) [5,12],  31 ms
74) [10,14],  30 ms

pela 10.0 wins

pela 10.0:  3946 ms/turn
pela 5.0:  2435 ms/turn
