 0) [9,8],  2078 ms
 1) [8,8],  2404 ms
 2) [10,9],  30 ms
 3) [8,7],  61 ms
 4) [8,6],  4415 ms
 5) [10,8],  1747 ms
 6) [9,10],  4301 ms
 7) [8,11],  3454 ms
 8) [7,10],  7454 ms
 9) [6,11],  1918 ms
10) [8,10],  6653 ms
11) [10,10],  3701 ms
12) [7,11],  6504 ms
13) [9,9],  1806 ms
14) [11,11],  10046 ms
15) [6,10],  2069 ms
16) [7,9],  3626 ms
17) [7,8],  3535 ms
18) [6,9],  10034 ms
19) [7,12],  2558 ms
20) [11,8],  3771 ms
21) [11,9],  5016 ms
22) [10,7],  9402 ms
23) [8,9],  2311 ms
24) [12,9],  291 ms
25) [13,10],  5013 ms
26) [9,6],  113 ms
27) [8,5],  28 ms
28) [11,6],  41 ms
29) [12,6],  2479 ms
30) [12,7],  46 ms
31) [13,6],  79 ms
32) [13,8],  101 ms
33) [10,5],  1441 ms
34) [11,7],  55 ms
35) [13,7],  5023 ms
36) [12,8],  29 ms
37) [10,6],  28 ms
38) pbrain-pela:  I win !
38) [14,9],  27 ms
39) [15,10],  28 ms
40) [12,5],  31 ms
41) [13,4],  27 ms
42) [11,5],  27 ms
43) [11,4],  29 ms
44) [12,11],  30 ms
45) [12,10],  32 ms
46) [11,10],  29 ms
47) [13,12],  29 ms
48) [10,11],  30 ms
49) [14,7],  29 ms
50) [9,12],  29 ms

pela 10.0 wins

pela 10.0:  2661 ms/turn
pela 5.0:  1793 ms/turn
