 0) [12,9],  31 ms
 1) [12,10],  31 ms
 2) [11,8],  31 ms
 3) [13,10],  31 ms
 4) [11,10],  3855 ms
 5) [13,8],  31 ms
 6) [13,11],  8162 ms
 7) [10,9],  1812 ms
 8) [11,12],  6208 ms
 9) [11,11],  3819 ms
10) [13,9],  3345 ms
11) [9,9],  5035 ms
12) [8,9],  7267 ms
13) [15,9],  5014 ms
14) [15,10],  6916 ms
15) [10,11],  1533 ms
16) [10,10],  10006 ms
17) [10,12],  5036 ms
18) [9,13],  10011 ms
19) [7,10],  2203 ms
20) [16,11],  6240 ms
21) [15,11],  4570 ms
22) [16,10],  4903 ms
23) [17,10],  4446 ms
24) [7,8],  4588 ms
25) [17,13],  5006 ms
26) [8,8],  10015 ms
27) [8,7],  5000 ms
28) [8,12],  4780 ms
29) [9,11],  2691 ms
30) [8,11],  9306 ms
31) [8,10],  30 ms
32) [11,13],  4661 ms
33) [10,14],  2432 ms
34) [6,8],  10008 ms
35) [9,8],  2089 ms
36) [9,10],  9710 ms
37) [6,7],  2910 ms
38) [7,6],  6464 ms
39) [5,8],  3742 ms
40) [7,5],  3752 ms
41) [7,7],  1762 ms
42) [9,7],  4441 ms
43) [10,6],  4199 ms
44) [11,7],  2726 ms
45) [11,6],  1786 ms
46) [10,13],  6078 ms
47) [8,13],  5000 ms
48) [4,7],  5183 ms
49) [12,13],  4792 ms
50) [6,10],  2186 ms
51) [5,11],  2370 ms
52) [5,9],  4158 ms
53) [7,11],  29 ms
54) [6,12],  3564 ms
55) [6,9],  2772 ms
56) [4,6],  1381 ms
57) [4,8],  5005 ms
58) [5,6],  35 ms
59) [6,6],  5003 ms
60) [7,4],  34 ms
61) [6,5],  31 ms
62) [6,4],  32 ms
63) [8,6],  29 ms
64) [7,3],  34 ms
65) [7,2],  32 ms
66) [5,5],  30 ms
67) [8,2],  31 ms
68) [3,7],  30 ms

pela 10.0 wins

pela 10.0:  4576 ms/turn
pela 5.0:  2655 ms/turn
