 0) [9,9],  31 ms
 1) [8,9],  185 ms
 2) [7,8],  29 ms
 3) [8,8],  31 ms
 4) [8,10],  31 ms
 5) [7,10],  32 ms
 6) [9,8],  31 ms
 7) [9,11],  4459 ms
 8) [9,6],  10043 ms
 9) [9,7],  2130 ms
10) [10,6],  5711 ms
11) [8,6],  1663 ms
12) [10,8],  2366 ms
13) [11,7],  5025 ms
14) [10,7],  431 ms
15) [10,5],  5019 ms
16) [10,9],  2048 ms
17) [10,10],  34 ms
18) [11,8],  630 ms
19) [12,9],  5007 ms
20) [13,6],  63 ms
21) [12,7],  4005 ms
22) [12,8],  35 ms
23) [13,8],  31 ms
24) [11,6],  31 ms
25) [12,6],  34 ms
26) [10,11],  5405 ms
27) [13,4],  1659 ms
28) [8,5],  10004 ms
29) [7,4],  30 ms
30) [12,3],  10063 ms
31) [10,4],  5001 ms
32) [13,7],  10048 ms
33) [5,11],  3848 ms
34) [7,13],  3065 ms
35) [6,10],  5013 ms
36) [7,9],  30 ms
37) [6,11],  5029 ms
38) [5,12],  7328 ms
39) [7,11],  34 ms
40) [8,11],  31 ms
41) [6,8],  36 ms
42) [6,9],  10025 ms
43) pbrain-pela:  I win !
43) [7,7],  30 ms
44) [9,5],  29 ms
45) [5,9],  30 ms
46) [4,10],  31 ms
47) [4,8],  30 ms
48) [8,12],  33 ms
49) [3,7],  29 ms

pela 5.0 wins

pela 10.0:  3102 ms/turn
pela 5.0:  1936 ms/turn
