 0) [8,12],  30 ms
 1) [7,13],  30 ms
 2) [7,11],  31 ms
 3) [9,13],  39 ms
 4) [6,12],  31 ms
 5) [8,10],  30 ms
 6) [10,13],  5104 ms
 7) [5,12],  2149 ms
 8) [10,12],  7034 ms
 9) [9,12],  3452 ms
10) [9,10],  9830 ms
11) [10,11],  5024 ms
12) [7,14],  9814 ms
13) [4,13],  5012 ms
14) [3,14],  4863 ms
15) [3,13],  3842 ms
16) [5,13],  10043 ms
17) [3,15],  3507 ms
18) [3,12],  7484 ms
19) [4,11],  2455 ms
20) [4,12],  6651 ms
21) [6,14],  1920 ms
22) [8,15],  31 ms
23) [9,14],  4029 ms
24) [9,15],  3534 ms
25) [10,15],  2854 ms
26) [11,13],  10030 ms
27) [8,16],  3460 ms
28) [11,16],  8908 ms
29) [10,17],  2085 ms
30) [10,18],  6574 ms
31) [12,14],  2057 ms
32) [8,17],  2825 ms
33) [12,15],  5009 ms
34) [12,16],  3449 ms
35) [11,17],  5004 ms
36) [6,15],  9600 ms
37) [9,18],  3499 ms
38) [2,10],  10012 ms
39) [5,15],  1591 ms
40) [4,16],  9159 ms
41) [11,15],  1689 ms
42) [13,15],  6078 ms
43) [6,11],  4211 ms
44) [2,12],  6992 ms
45) [1,12],  5000 ms
46) [3,10],  5985 ms
47) [3,11],  5016 ms
48) [13,16],  2797 ms
49) [14,16],  5016 ms
50) [5,16],  1801 ms
51) [4,17],  5011 ms
52) [7,10],  1883 ms
53) [12,13],  4669 ms
54) [11,14],  1942 ms
55) [11,10],  1774 ms
56) [12,9],  2285 ms
57) [12,11],  435 ms
58) [12,12],  30 ms
59) [13,11],  793 ms
60) [10,16],  3367 ms
61) [9,16],  29 ms
62) [14,11],  3123 ms
63) [13,12],  775 ms
64) [14,13],  2662 ms
65) [11,11],  51 ms
66) [9,11],  30 ms
67) [10,9],  34 ms
68) [9,8],  30 ms
69) [11,9],  33 ms
70) [11,8],  32 ms
71) [13,10],  30 ms
72) [13,13],  31 ms
73) [12,10],  33 ms
74) [10,8],  34 ms
75) [14,10],  30 ms
76) [15,10],  30 ms
77) [10,10],  30 ms

pela 5.0 wins

pela 10.0:  4209 ms/turn
pela 5.0:  2351 ms/turn
