 0) [11,12],  30 ms
 1) [12,13],  28 ms
 2) [11,11],  30 ms
 3) [11,10],  30 ms
 4) [10,12],  10026 ms
 5) [9,12],  29 ms
 6) [9,10],  5964 ms
 7) [12,10],  3046 ms
 8) [12,9],  7168 ms
 9) [9,9],  5007 ms
10) [10,11],  6841 ms
11) [10,13],  2976 ms
12) [12,15],  5343 ms
13) [8,9],  5021 ms
14) [8,11],  8482 ms
15) [9,11],  1970 ms
16) [7,9],  5010 ms
17) [11,9],  2477 ms
18) [13,11],  4312 ms
19) [14,11],  3963 ms
20) [13,12],  10012 ms
21) [12,12],  2515 ms
22) [11,13],  4036 ms
23) [11,15],  5043 ms
24) [12,14],  6051 ms
25) [13,15],  3432 ms
26) [13,10],  10000 ms
27) [13,13],  4357 ms
28) [8,12],  10003 ms
29) [7,12],  4661 ms
30) [6,10],  10011 ms
31) [9,13],  2138 ms
32) [6,8],  4934 ms
33) [9,14],  4784 ms
34) [9,15],  30 ms
35) [7,11],  1828 ms
36) [7,14],  10004 ms
37) [6,9],  2887 ms
38) [6,13],  7876 ms
39) [8,15],  5004 ms
40) [13,14],  7686 ms
41) [14,13],  5001 ms
42) [14,14],  4129 ms
43) [15,14],  1988 ms
44) [6,14],  6008 ms
45) [6,11],  3845 ms
46) [8,13],  4599 ms
47) [7,10],  5009 ms
48) [9,8],  4484 ms
49) [10,8],  3236 ms
50) [8,10],  1325 ms
51) [8,14],  29 ms
52) [4,12],  581 ms
53) [15,13],  5000 ms
54) [16,13],  30 ms
55) [5,11],  3334 ms
56) [10,14],  35 ms
57) [11,14],  32 ms
58) [8,16],  34 ms
59) [7,17],  31 ms
60) [5,13],  1363 ms
61) [7,15],  33 ms
62) [6,16],  2835 ms
63) [9,7],  5010 ms
64) [8,6],  32 ms
65) [4,13],  1589 ms
66) [5,12],  32 ms
67) [6,12],  4106 ms
68) [5,7],  2956 ms
69) [4,6],  32 ms
70) [7,16],  993 ms
71) [4,10],  5007 ms
72) [7,13],  32 ms
73) [5,16],  5015 ms
74) [3,11],  770 ms
75) [2,10],  33 ms
76) [5,8],  2275 ms
77) [3,10],  5016 ms
78) [1,10],  1937 ms
79) [7,8],  5017 ms
80) [10,7],  943 ms
81) [11,8],  1595 ms
82) [7,6],  859 ms
83) [8,5],  5009 ms
84) [9,6],  1422 ms
85) [11,6],  2709 ms
86) [11,7],  31 ms
87) [6,6],  3617 ms
88) [3,9],  1202 ms
89) [5,9],  3289 ms
90) [13,9],  1043 ms
91) [13,8],  30 ms
92) [12,8],  893 ms
93) [14,10],  2794 ms
94) [14,9],  433 ms
95) [9,5],  5007 ms
96) [10,5],  687 ms
97) [15,8],  5001 ms
98) [5,10],  572 ms
99) [16,9],  4848 ms
100) [17,10],  283 ms
101) [9,16],  1641 ms
102) [5,4],  468 ms
103) [16,8],  1820 ms
104) [5,6],  394 ms
105) [5,5],  30 ms
106) [6,5],  177 ms
107) [8,7],  29 ms
108) [17,8],  332 ms
109) [16,10],  4199 ms
110) [5,15],  286 ms
111) [4,16],  29 ms
112) [4,3],  236 ms
113) [3,2],  29 ms
114) [6,17],  206 ms
115) [6,15],  29 ms
116) [16,7],  174 ms
117) [15,11],  151 ms
118) [15,12],  99 ms
119) [16,12],  79 ms
120) [16,11],  29 ms
121) [17,9],  41 ms
122) [14,12],  30 ms
123) [8,17],  30 ms
124) [10,15],  29 ms
125) [18,9],  29 ms
126) [18,10],  42 ms
127) [15,9],  66 ms
128) [19,9],  29 ms
129) [17,7],  38 ms
130) [18,6],  29 ms
131) [19,7],  33 ms
132) [18,8],  29 ms
133) [13,7],  33 ms
134) [14,8],  31 ms
135) [15,7],  31 ms
136) [15,10],  30 ms
137) [15,5],  32 ms
138) [15,6],  29 ms
139) [13,5],  31 ms
140) [14,6],  28 ms
141) [13,6],  29 ms
142) [13,4],  30 ms
143) [14,5],  29 ms
144) [12,5],  30 ms
145) [12,7],  29 ms
146) [15,4],  29 ms
147) [10,9],  29 ms

pela 5.0 wins

pela 10.0:  2425 ms/turn
pela 5.0:  2188 ms/turn
