 0) [9,11],  31 ms
 1) [8,11],  235 ms
 2) [10,12],  31 ms
 3) [8,10],  30 ms
 4) [8,9],  3015 ms
 5) [10,11],  5012 ms
 6) [9,13],  3292 ms
 7) [8,14],  2896 ms
 8) [7,13],  6041 ms
 9) [6,14],  1759 ms
10) [8,13],  6180 ms
11) [10,13],  3380 ms
12) [7,14],  6168 ms
13) [9,12],  1827 ms
14) [11,14],  10008 ms
15) [6,13],  1818 ms
16) [7,12],  3751 ms
17) [7,11],  2963 ms
18) [6,12],  10000 ms
19) [7,15],  2481 ms
20) [11,11],  3522 ms
21) [11,12],  5045 ms
22) [10,10],  6487 ms
23) [8,12],  2133 ms
24) [12,12],  211 ms
25) [13,13],  4783 ms
26) [9,9],  70 ms
27) [8,8],  28 ms
28) [11,9],  39 ms
29) [12,9],  1980 ms
30) [12,10],  45 ms
31) [13,9],  29 ms
32) [13,11],  41 ms
33) [10,8],  5045 ms
34) [11,10],  55 ms
35) [13,10],  5009 ms
36) [12,11],  28 ms
37) [10,9],  29 ms
38) pbrain-pela:  I win !
38) [14,12],  28 ms
39) [15,13],  29 ms
40) [12,8],  29 ms
41) [13,7],  28 ms
42) [11,8],  28 ms
43) [11,7],  28 ms
44) [12,14],  28 ms
45) [12,13],  29 ms
46) [11,13],  28 ms
47) [13,15],  28 ms
48) [10,14],  28 ms
49) [14,10],  29 ms
50) [9,15],  31 ms

pela 10.0 wins

pela 10.0:  2277 ms/turn
pela 5.0:  1866 ms/turn
