 0) [12,8],  59 ms
 1) [11,8],  2766 ms
 2) [11,7],  33 ms
 3) [12,7],  35 ms
 4) [13,6],  34 ms
 5) [13,7],  33 ms
 6) [14,6],  35 ms
 7) [12,6],  32 ms
 8) [16,8],  52 ms
 9) [15,7],  2256 ms
10) [16,6],  4597 ms
11) [16,7],  4463 ms
12) [14,7],  35 ms
13) [14,8],  1767 ms
14) [11,5],  9604 ms
15) [11,4],  5041 ms
16) [10,6],  6894 ms
17) [9,5],  5013 ms
18) [15,10],  5347 ms
19) [14,10],  2494 ms
20) [16,9],  3485 ms
21) [15,8],  5021 ms
22) [13,10],  4794 ms
23) [12,4],  2439 ms
24) [13,4],  7336 ms
25) [9,4],  2555 ms
26) [9,6],  10031 ms
27) [10,4],  41 ms
28) [8,4],  34 ms
29) [12,3],  38 ms
30) [12,5],  34 ms
31) [12,2],  35 ms
32) [11,3],  6190 ms
33) [13,2],  30 ms
34) [14,1],  4383 ms
35) [11,2],  31 ms
36) [10,2],  29 ms
37) pbrain-pela:  I win !
37) [12,1],  31 ms
38) [12,0],  30 ms
39) [10,3],  29 ms
40) [13,0],  31 ms
41) [8,5],  29 ms

pela 5.0 wins

pela 10.0:  3003 ms/turn
pela 5.0:  1627 ms/turn
