 0) [12,9],  31 ms
 1) [11,9],  29 ms
 2) [13,8],  29 ms
 3) [11,10],  30 ms
 4) [11,8],  10012 ms
 5) [13,10],  31 ms
 6) [10,10],  5864 ms
 7) [12,7],  1607 ms
 8) [9,8],  5045 ms
 9) [10,8],  2416 ms
10) [12,10],  3345 ms
11) [12,12],  4428 ms
12) [11,12],  9010 ms
13) [9,7],  3616 ms
14) [8,6],  6084 ms
15) [11,5],  3176 ms
16) [11,7],  4794 ms
17) [7,6],  4038 ms
18) [12,4],  4410 ms
19) [12,6],  5006 ms
20) [8,5],  10047 ms
21) [10,7],  3659 ms
22) [10,12],  9739 ms
23) [10,13],  3092 ms
24) [7,9],  10012 ms
25) [8,9],  5000 ms
26) [11,13],  2989 ms
27) [9,11],  2946 ms
28) [15,6],  5561 ms
29) [14,7],  2057 ms
30) [10,4],  10026 ms
31) [9,5],  2545 ms
32) [14,8],  10003 ms
33) [15,8],  2319 ms
34) [13,6],  6622 ms
35) [15,7],  5012 ms
36) [16,7],  30 ms
37) [11,4],  1601 ms
38) [16,6],  9479 ms
39) [16,5],  4174 ms
40) [17,8],  674 ms
41) [18,9],  5012 ms
42) [14,6],  191 ms
43) [17,6],  28 ms
44) [13,5],  197 ms
45) [13,7],  3313 ms
46) [10,2],  261 ms
47) [11,3],  29 ms
48) [11,11],  33 ms
49) [13,9],  29 ms
50) [11,15],  35 ms
51) [11,14],  29 ms
52) [8,14],  29 ms
53) [9,13],  28 ms
54) [11,2],  30 ms
55) [12,2],  3301 ms
56) [9,12],  6960 ms
57) [14,5],  3157 ms
58) [8,3],  6244 ms
59) [8,4],  2264 ms
60) [10,5],  6031 ms
61) [10,3],  2178 ms
62) [8,13],  5088 ms
63) [8,12],  2087 ms
64) [7,14],  276 ms
65) [6,15],  5012 ms
66) [9,14],  185 ms
67) [6,14],  1730 ms
68) [10,15],  50 ms
69) [11,16],  1788 ms
70) [7,12],  42 ms
71) [6,11],  29 ms
72) [7,13],  46 ms
73) [7,15],  5006 ms
74) [9,15],  33 ms
75) [6,12],  3956 ms
76) [6,13],  29 ms
77) [12,15],  32 ms
78) [7,11],  30 ms
79) [7,10],  29 ms
80) [5,12],  41 ms
81) [8,15],  4449 ms
82) [10,16],  32 ms
83) [11,17],  30 ms
84) [5,13],  39 ms
85) [4,13],  29 ms
86) [5,14],  30 ms
87) [5,11],  29 ms
88) [4,15],  29 ms
89) [8,11],  29 ms
90) [3,16],  30 ms

pela 10.0 wins

pela 10.0:  3256 ms/turn
pela 5.0:  2230 ms/turn
