 0) [10,10],  30 ms
 1) [9,10],  188 ms
 2) [8,11],  30 ms
 3) [9,11],  33 ms
 4) [9,9],  34 ms
 5) [8,9],  31 ms
 6) [10,11],  33 ms
 7) [10,8],  5009 ms
 8) [10,13],  3423 ms
 9) [10,12],  1682 ms
10) [11,13],  5091 ms
11) [9,13],  1488 ms
12) [11,11],  2018 ms
13) [12,12],  4579 ms
14) [11,12],  492 ms
15) [11,14],  5010 ms
16) [11,10],  2180 ms
17) [11,9],  30 ms
18) [12,11],  766 ms
19) [13,10],  5008 ms
20) [14,13],  94 ms
21) [13,12],  4054 ms
22) [13,11],  32 ms
23) [14,11],  30 ms
24) [12,13],  31 ms
25) [13,13],  31 ms
26) [9,14],  63 ms
27) [8,15],  30 ms
28) [13,14],  32 ms
29) [14,15],  100 ms
30) [8,13],  97 ms
31) [12,9],  5032 ms
32) [15,12],  10012 ms
33) [10,7],  2048 ms
34) [11,8],  30 ms
35) [12,15],  2260 ms
36) [10,6],  5429 ms
37) [7,14],  5108 ms
38) [9,7],  10042 ms
39) [8,8],  3058 ms
40) [15,15],  10031 ms
41) [16,11],  2130 ms
42) [15,10],  9233 ms
43) [7,15],  3016 ms
44) [6,16],  9997 ms
45) [7,16],  35 ms
46) [7,17],  3076 ms
47) [9,16],  33 ms
48) [10,17],  10061 ms
49) [6,13],  45 ms
50) [5,12],  29 ms
51) [10,15],  33 ms
52) [9,15],  45 ms
53) [11,15],  31 ms
54) [13,15],  30 ms
55) [7,13],  32 ms
56) [7,12],  30 ms
57) [8,17],  33 ms
58) [7,18],  28 ms
59) [9,18],  31 ms
60) [6,15],  8141 ms
61) [8,16],  31 ms
62) [8,18],  31 ms
63) pbrain-pela:  I win !
63) [10,16],  32 ms
64) [11,16],  32 ms
65) [9,17],  65 ms
66) [12,14],  31 ms
67) [6,14],  31 ms
68) [10,18],  31 ms
69) [5,13],  32 ms

pela 5.0 wins

pela 10.0:  2593 ms/turn
pela 5.0:  1440 ms/turn
