 0) [9,8],  2042 ms
 1) [8,9],  30 ms
 2) [9,7],  28 ms
 3) [9,6],  29 ms
 4) [10,8],  3839 ms
 5) [11,8],  30 ms
 6) [11,6],  6114 ms
 7) [12,10],  2329 ms
 8) [12,9],  10046 ms
 9) [8,6],  5016 ms
10) [8,5],  10016 ms
11) [10,7],  4422 ms
12) [11,4],  7080 ms
13) [11,5],  1479 ms
14) [14,7],  7363 ms
15) [11,10],  5048 ms
16) [9,10],  10032 ms
17) [9,11],  5015 ms
18) [11,11],  6298 ms
19) [13,6],  2168 ms
20) [14,5],  10004 ms
21) [14,6],  3253 ms
22) [15,7],  4998 ms
23) [16,7],  5000 ms
24) [16,6],  4314 ms
25) [17,5],  2514 ms
26) [7,6],  10001 ms
27) [9,4],  1644 ms
28) [6,5],  7435 ms
29) [8,7],  4399 ms
30) [8,10],  10007 ms
31) [8,8],  5001 ms
32) [6,4],  10000 ms
33) [6,6],  1654 ms
34) [6,9],  3815 ms
35) [5,5],  1945 ms
36) [7,7],  8087 ms
37) [7,10],  5000 ms
38) [15,5],  3108 ms
39) [15,6],  1642 ms
40) [4,9],  5209 ms
41) [5,8],  5007 ms
42) [7,11],  844 ms
43) [9,9],  3180 ms
44) [5,9],  87 ms
45) [7,9],  4999 ms
46) [7,4],  30 ms
47) [7,8],  2482 ms
48) [7,5],  254 ms
49) [7,3],  29 ms
50) [3,9],  95 ms
51) [2,9],  28 ms
52) [4,8],  148 ms
53) [8,12],  69 ms
54) [10,10],  217 ms
55) [11,9],  1973 ms
56) [10,9],  32 ms
57) [4,7],  5003 ms
58) [3,7],  30 ms
59) [6,10],  29 ms
60) [3,8],  30 ms
61) [3,10],  5004 ms
62) [2,6],  31 ms
63) [1,5],  29 ms
64) [3,5],  30 ms
65) [3,6],  30 ms
66) [4,4],  29 ms
67) [5,3],  28 ms
68) [5,4],  28 ms
69) [8,4],  28 ms
70) [3,4],  27 ms

pela 10.0 wins

pela 10.0:  3937 ms/turn
pela 5.0:  2443 ms/turn
