 0) [12,9],  31 ms
 1) [11,9],  284 ms
 2) [13,8],  29 ms
 3) [11,10],  30 ms
 4) [11,8],  3052 ms
 5) [13,10],  30 ms
 6) [10,10],  7264 ms
 7) [12,7],  1611 ms
 8) [9,8],  6389 ms
 9) [10,8],  2951 ms
10) [12,10],  3448 ms
11) [12,12],  4610 ms
12) [11,12],  9009 ms
13) [9,7],  3749 ms
14) [8,6],  5756 ms
15) [11,5],  3021 ms
16) [11,7],  5083 ms
17) [7,6],  3947 ms
18) [12,4],  4337 ms
19) [11,4],  5021 ms
20) [10,12],  8985 ms
21) [10,13],  5047 ms
22) [9,11],  6404 ms
23) [9,13],  3418 ms
24) [12,13],  5394 ms
25) [9,10],  2995 ms
26) [7,11],  10043 ms
27) [6,11],  4772 ms
28) [12,8],  5061 ms
29) [13,9],  2022 ms
30) [13,13],  7853 ms
31) [12,14],  5046 ms
32) [8,13],  9149 ms
33) [11,13],  5015 ms
34) [10,14],  2946 ms
35) [8,12],  3901 ms
36) [10,15],  10012 ms
37) [9,16],  5001 ms
38) [9,15],  5301 ms
39) [11,16],  4546 ms
40) [10,16],  5884 ms
41) [8,14],  3899 ms
42) [11,3],  3507 ms
43) [10,2],  1500 ms
44) [12,3],  7864 ms
45) [12,2],  2305 ms
46) [9,2],  3814 ms
47) [10,3],  1793 ms
48) [10,5],  2106 ms
49) [9,5],  5014 ms
50) [9,4],  2017 ms
51) [11,6],  4873 ms
52) [6,8],  1895 ms
53) [10,17],  2305 ms
54) [11,18],  3710 ms
55) [6,13],  4694 ms
56) [6,14],  4805 ms
57) [7,12],  5008 ms
58) [8,11],  3202 ms
59) [5,12],  3817 ms
60) [6,12],  3668 ms
61) [8,10],  3948 ms
62) [4,13],  2743 ms
63) [10,11],  1507 ms
64) [5,10],  2740 ms
65) [4,10],  5000 ms
66) [4,14],  2015 ms
67) [7,14],  2712 ms
68) [8,15],  30 ms
69) [4,11],  5009 ms
70) [3,10],  30 ms
71) [7,15],  4041 ms
72) [7,16],  2055 ms
73) [4,16],  3066 ms
74) [5,8],  1325 ms
75) [5,17],  4999 ms
76) [6,16],  29 ms
77) [6,18],  2133 ms
78) [3,15],  1573 ms
79) [5,13],  29 ms
80) [4,8],  32 ms
81) [3,8],  3596 ms
82) [6,9],  31 ms
83) [7,10],  3302 ms
84) [6,7],  34 ms
85) [6,6],  3170 ms
86) [4,9],  31 ms
87) [2,11],  32 ms
88) [5,9],  31 ms
89) [5,7],  29 ms
90) [3,9],  29 ms
91) [7,9],  30 ms
92) [2,9],  29 ms

pela 10.0 wins

pela 10.0:  3633 ms/turn
pela 5.0:  3148 ms/turn
