 0) [11,9],  33 ms
 1) [10,10],  33 ms
 2) [12,10],  33 ms
 3) [10,8],  32 ms
 4) [12,11],  29 ms
 5) [11,8],  30 ms
 6) [10,11],  29 ms
 7) [12,8],  43 ms
 8) [9,8],  10006 ms
 9) [11,11],  2778 ms
10) [13,8],  9927 ms
11) [11,10],  4920 ms
12) [11,7],  5855 ms
13) [12,13],  5005 ms
14) [8,9],  10013 ms
15) [10,7],  3100 ms
16) [10,6],  6884 ms
17) [7,8],  4993 ms
18) [13,11],  8122 ms
19) [13,10],  1798 ms
20) [12,9],  8834 ms
21) [9,9],  2933 ms
22) [8,8],  5097 ms
23) [15,13],  2113 ms
24) [13,13],  4589 ms
25) [8,10],  5043 ms
26) [9,10],  6114 ms
27) [11,14],  5011 ms
28) [11,13],  3775 ms
29) [10,14],  5007 ms
30) [12,14],  3522 ms
31) [14,12],  5011 ms
32) [7,12],  10015 ms
33) [10,15],  3692 ms
34) [9,16],  2805 ms
35) [7,9],  1696 ms
36) [7,11],  7577 ms
37) [8,11],  5012 ms
38) [10,13],  10017 ms
39) [13,15],  5016 ms
40) [14,14],  9546 ms
41) [6,11],  1356 ms
42) [6,9],  8160 ms
43) [15,15],  2354 ms
44) [14,15],  3745 ms
45) [16,14],  4200 ms
46) [17,13],  5690 ms
47) [7,7],  1328 ms
48) [7,6],  4998 ms
49) [6,8],  36 ms
50) [9,11],  4948 ms
51) [9,5],  45 ms
52) [8,6],  1689 ms
53) [5,7],  34 ms
54) [4,6],  34 ms
55) [9,6],  4721 ms
56) [8,5],  1716 ms
57) [8,7],  33 ms
58) [6,7],  3749 ms
59) [5,8],  1727 ms
60) [4,8],  982 ms
61) [5,6],  2815 ms
62) [5,9],  2454 ms
63) [6,10],  1555 ms
64) [10,16],  2482 ms
65) [13,12],  2553 ms
66) [14,11],  33 ms
67) [10,5],  37 ms
68) [11,4],  33 ms
69) [5,4],  38 ms
70) [5,5],  33 ms
71) [9,4],  37 ms
72) [9,3],  815 ms
73) [8,3],  36 ms
74) [7,2],  777 ms
75) [12,7],  1617 ms
76) [11,6],  33 ms
77) [17,15],  1703 ms
78) [18,16],  33 ms
79) [11,12],  2336 ms
80) [12,12],  620 ms
81) [16,12],  2449 ms
82) [15,12],  671 ms
83) [16,11],  5005 ms
84) [16,13],  745 ms
85) [9,17],  1863 ms
86) [11,5],  47 ms
87) [11,3],  33 ms
88) [6,4],  35 ms
89) [7,3],  4826 ms
90) pbrain-pela:  I win !
90) [9,7],  33 ms
91) [12,4],  33 ms
92) [7,5],  34 ms
93) [5,3],  33 ms
94) [4,5],  33 ms
95) [6,5],  36 ms
96) [4,7],  28 ms
97) [4,9],  34 ms
98) [4,4],  33 ms

pela 10.0 wins

pela 10.0:  3350 ms/turn
pela 5.0:  2166 ms/turn
