 0) [10,8],  29 ms
 1) [10,9],  30 ms
 2) [9,7],  30 ms
 3) [11,9],  31 ms
 4) [12,9],  10000 ms
 5) [10,7],  5032 ms
 6) [8,8],  3838 ms
 7) [7,9],  3074 ms
 8) [8,10],  6468 ms
 9) [7,11],  2032 ms
10) [8,9],  6791 ms
11) [8,7],  4171 ms
12) [7,10],  6898 ms
13) [9,8],  5041 ms
14) [7,6],  7384 ms
15) [8,11],  2503 ms
16) [9,10],  10037 ms
17) [10,10],  3705 ms
18) [9,11],  10045 ms
19) [5,10],  3466 ms
20) [6,6],  6889 ms
21) [7,8],  5037 ms
22) [6,9],  10047 ms
23) [11,10],  2212 ms
24) [12,11],  29 ms
25) [5,6],  1978 ms
26) [7,7],  644 ms
27) [5,5],  1690 ms
28) [6,7],  294 ms
29) [6,8],  2076 ms
30) [9,12],  257 ms
31) [9,13],  2295 ms
32) [5,8],  484 ms
33) [4,9],  1983 ms
34) [4,7],  53 ms
35) [3,6],  30 ms
36) [5,7],  49 ms
37) [3,7],  29 ms
38) [7,5],  34 ms
39) [8,4],  4449 ms
40) [8,5],  30 ms
41) [9,4],  30 ms
42) [6,4],  29 ms
43) [8,6],  29 ms
44) [7,4],  30 ms
45) [7,3],  33 ms
46) [6,3],  29 ms
47) [6,5],  29 ms
48) [5,2],  30 ms
49) [9,6],  30 ms
50) [4,1],  30 ms

pela 10.0 wins

pela 10.0:  3095 ms/turn
pela 5.0:  2040 ms/turn
