 0) [12,8],  0 ms
 1) [11,8],  2746 ms
 2) [11,7],  32 ms
 3) [12,7],  31 ms
 4) [13,6],  33 ms
 5) [13,7],  35 ms
 6) [14,6],  32 ms
 7) [12,6],  33 ms
 8) [16,8],  33 ms
 9) [15,7],  2103 ms
10) [16,6],  4507 ms
11) [16,7],  4605 ms
12) [14,7],  28 ms
13) [14,8],  1806 ms
14) [11,5],  9405 ms
15) [11,4],  1728 ms
16) [10,6],  6872 ms
17) [9,5],  5032 ms
18) [15,10],  5461 ms
19) [14,10],  2482 ms
20) [16,9],  3738 ms
21) [15,8],  5013 ms
22) [13,10],  4775 ms
23) [12,4],  2278 ms
24) [13,4],  7251 ms
25) [9,4],  2463 ms
26) [9,6],  10026 ms
27) [10,4],  35 ms
28) [8,4],  29 ms
29) [12,3],  34 ms
30) [12,5],  28 ms
31) [12,2],  30 ms
32) [11,3],  5808 ms
33) [13,2],  32 ms
34) [14,1],  4642 ms
35) [11,2],  34 ms
36) [10,2],  31 ms
37) pbrain-pela:  I win !
37) [12,1],  38 ms
38) [12,0],  29 ms
39) [10,3],  29 ms
40) [13,0],  30 ms
41) [8,5],  29 ms

pela 5.0 wins

pela 10.0:  2990 ms/turn
pela 5.0:  1457 ms/turn
