 0) [12,9],  30 ms
 1) [11,9],  202 ms
 2) [12,10],  28 ms
 3) [12,11],  29 ms
 4) [13,9],  8605 ms
 5) [14,8],  4867 ms
 6) [16,9],  10003 ms
 7) [15,9],  4617 ms
 8) [13,7],  10009 ms
 9) [13,8],  3316 ms
10) [16,8],  10012 ms
11) [16,7],  1735 ms
12) [15,7],  7212 ms
13) [17,9],  3064 ms
14) [14,9],  3663 ms
15) [10,9],  2245 ms
16) [10,8],  4134 ms
17) [9,11],  3188 ms
18) [10,11],  10011 ms
19) [9,10],  5000 ms
20) [9,8],  9985 ms
21) [8,8],  2582 ms
22) [11,8],  4555 ms
23) [10,7],  5005 ms
24) [8,10],  10000 ms
25) [12,6],  4004 ms
26) [10,10],  3720 ms
27) [7,9],  1821 ms
28) [9,9],  10018 ms
29) [7,11],  3223 ms
30) [6,10],  10012 ms
31) [7,12],  3338 ms
32) [7,10],  4393 ms
33) [17,8],  3063 ms
34) [8,11],  6442 ms
35) [9,12],  5000 ms
36) [9,14],  4531 ms
37) [4,9],  5000 ms
38) [6,11],  7516 ms
39) [5,12],  2397 ms
40) [6,12],  4354 ms
41) [6,9],  1784 ms
42) [5,9],  3207 ms
43) [4,10],  4832 ms
44) [3,10],  4449 ms
45) [6,13],  5009 ms
46) [4,11],  2622 ms
47) [11,6],  4626 ms
48) [10,6],  1522 ms
49) [12,7],  3502 ms
50) [10,5],  3414 ms
51) [10,12],  3836 ms
52) [9,5],  2671 ms
53) [11,7],  4525 ms
54) [8,7],  3092 ms
55) [9,6],  5009 ms
56) [12,5],  2164 ms
57) [11,5],  2040 ms
58) [11,12],  1872 ms
59) [5,14],  5002 ms
60) [4,15],  1646 ms
61) [10,3],  3811 ms
62) [5,15],  1307 ms
63) [6,15],  5003 ms
64) [4,13],  1828 ms
65) [4,14],  1510 ms
66) [7,14],  506 ms
67) [15,11],  1627 ms
68) [17,11],  740 ms
69) [7,16],  2113 ms
70) [2,13],  751 ms
71) [3,12],  5003 ms
72) [11,3],  823 ms
73) [9,13],  2287 ms
74) [11,11],  540 ms
75) [12,12],  1713 ms
76) [18,8],  310 ms
77) [6,16],  5000 ms
78) [8,14],  1031 ms
79) [10,14],  2386 ms
80) [8,12],  895 ms
81) [8,13],  27 ms
82) [7,13],  770 ms
83) [9,15],  2443 ms
84) [11,13],  643 ms
85) [11,14],  1686 ms
86) [6,14],  376 ms
87) [4,16],  28 ms
88) [5,16],  240 ms
89) [3,14],  2131 ms
90) [3,13],  469 ms
91) [1,13],  4886 ms
92) [2,14],  411 ms
93) [2,15],  1609 ms
94) [10,15],  163 ms
95) [12,15],  5010 ms
96) [12,13],  328 ms
97) [15,12],  4346 ms
98) [5,11],  235 ms
99) [4,12],  31 ms
100) [3,11],  116 ms
101) [2,11],  30 ms
102) [15,13],  134 ms
103) [13,16],  44 ms
104) [10,13],  33 ms
105) [14,13],  48 ms
106) [13,14],  114 ms
107) [14,15],  31 ms
108) [14,17],  33 ms
109) pbrain-pela:  I win !
109) [15,10],  31 ms
110) [15,8],  31 ms
111) [13,12],  31 ms
112) [11,10],  31 ms
113) [15,14],  31 ms
114) [16,15],  31 ms
115) [14,12],  32 ms
116) [16,12],  33 ms
117) [12,17],  30 ms
118) [16,13],  32 ms
119) [11,18],  30 ms

pela 5.0 wins

pela 10.0:  2980 ms/turn
pela 5.0:  2614 ms/turn
