 0) [8,9],  28 ms
 1) [7,9],  263 ms
 2) [9,10],  28 ms
 3) [7,8],  28 ms
 4) [7,10],  10010 ms
 5) [9,8],  31 ms
 6) [6,8],  5908 ms
 7) [8,11],  1360 ms
 8) [5,10],  6554 ms
 9) [6,10],  3530 ms
10) [9,7],  3293 ms
11) [5,11],  2685 ms
12) [4,12],  4730 ms
13) [8,7],  4083 ms
14) [7,6],  6351 ms
15) [6,11],  3402 ms
16) [7,11],  5039 ms
17) [3,11],  1567 ms
18) [7,5],  6156 ms
19) [6,4],  5010 ms
20) [8,5],  9999 ms
21) [9,5],  5000 ms
22) [7,4],  10001 ms
23) [7,3],  3438 ms
24) [9,6],  10017 ms
25) [4,11],  4540 ms
26) [2,11],  32 ms
27) [10,7],  3587 ms
28) [5,6],  1522 ms
29) [8,4],  5030 ms
30) [10,6],  37 ms
31) [5,1],  2242 ms
32) [6,2],  91 ms
33) [8,6],  1942 ms
34) [5,2],  35 ms
35) [6,3],  32 ms
36) [6,7],  34 ms
37) [5,8],  1703 ms
38) [12,4],  42 ms
39) [11,5],  43 ms
40) [8,3],  60 ms
41) [6,5],  40 ms
42) [7,2],  43 ms
43) [4,2],  35 ms
44) [9,4],  38 ms
45) [10,3],  57 ms
46) [6,1],  35 ms
47) [10,5],  34 ms
48) [5,0],  34 ms

pela 10.0 wins

pela 10.0:  3204 ms/turn
pela 5.0:  2070 ms/turn
