 0) [9,8],  2556 ms
 1) [9,7],  30 ms
 2) [10,9],  30 ms
 3) [8,7],  29 ms
 4) [7,7],  4533 ms
 5) [9,9],  2832 ms
 6) [11,8],  4651 ms
 7) [12,7],  3436 ms
 8) [11,6],  6749 ms
 9) [12,5],  2011 ms
10) [11,7],  6729 ms
11) [11,9],  3486 ms
12) [12,6],  6061 ms
13) [10,8],  1770 ms
14) [12,10],  10052 ms
15) [11,5],  1616 ms
16) [10,6],  10000 ms
17) [9,6],  2914 ms
18) [10,5],  10009 ms
19) [13,6],  2211 ms
20) [9,10],  4306 ms
21) [10,10],  5063 ms
22) [8,9],  9984 ms
23) [10,7],  1914 ms
24) [10,11],  188 ms
25) [11,12],  4555 ms
26) [7,8],  90 ms
27) [6,7],  29 ms
28) [8,11],  49 ms
29) [7,12],  30 ms
30) [7,9],  59 ms
31) [7,10],  4141 ms
32) [12,8],  69 ms
33) [13,9],  4261 ms
34) [7,5],  30 ms
35) [7,6],  29 ms
36) [9,5],  31 ms
37) [8,4],  29 ms
38) [8,5],  31 ms
39) [6,5],  45 ms
40) [8,10],  31 ms
41) [8,12],  2990 ms
42) [9,11],  30 ms
43) [6,8],  31 ms
44) [7,11],  29 ms
45) [11,11],  29 ms
46) [6,11],  30 ms

pela 10.0 wins

pela 10.0:  3180 ms/turn
pela 5.0:  1890 ms/turn
