 0) [10,8],  31 ms
 1) [9,8],  48 ms
 2) [8,9],  31 ms
 3) [9,9],  31 ms
 4) [9,7],  31 ms
 5) [8,6],  30 ms
 6) [10,11],  9770 ms
 7) [10,9],  3165 ms
 8) [7,6],  5552 ms
 9) [7,7],  3919 ms
10) [9,4],  6534 ms
11) [9,10],  1858 ms
12) [10,10],  3474 ms
13) [11,11],  2369 ms
14) [8,11],  5941 ms
15) [11,10],  5006 ms
16) [12,11],  3746 ms
17) [11,9],  5005 ms
18) [11,12],  3504 ms
19) [13,9],  258 ms
20) [12,9],  29 ms
21) [10,13],  1756 ms
22) [11,7],  7074 ms
23) [11,5],  5004 ms
24) [9,5],  5248 ms
25) [9,3],  1900 ms
26) [8,4],  43 ms
27) [10,6],  5044 ms
28) [8,5],  32 ms
29) [10,3],  1510 ms
30) [12,10],  100 ms
31) [12,8],  5014 ms
32) [12,12],  44 ms
33) [12,13],  29 ms
34) [5,8],  33 ms
35) [6,7],  45 ms
36) [9,12],  34 ms
37) [8,12],  3551 ms
38) [12,6],  3216 ms
39) [7,4],  4171 ms
40) [11,3],  4887 ms
41) [13,5],  2090 ms
42) [14,5],  5709 ms
43) [13,12],  2602 ms
44) [11,14],  4858 ms
45) [14,11],  5014 ms
46) [14,9],  4001 ms
47) [15,8],  1942 ms
48) [16,9],  4679 ms
49) [15,7],  3545 ms
50) [16,8],  3985 ms
51) [16,10],  4986 ms
52) [15,11],  10005 ms
53) [13,3],  1369 ms
54) [13,6],  5557 ms
55) [12,7],  5012 ms
56) [14,2],  10000 ms
57) [6,9],  2250 ms
58) [6,8],  5361 ms
59) [7,8],  4269 ms
60) [10,7],  9512 ms
61) [10,4],  2067 ms
62) [10,5],  8152 ms
63) [9,6],  1560 ms
64) [11,13],  2554 ms
65) [11,15],  2408 ms
66) [15,10],  2799 ms
67) [10,14],  2825 ms
68) [9,13],  2449 ms
69) [14,6],  4525 ms
70) [15,5],  2636 ms
71) [8,3],  2124 ms
72) [8,2],  3086 ms
73) [6,3],  5005 ms
74) [7,3],  29 ms
75) [10,16],  4994 ms
76) [6,5],  2019 ms
77) [7,5],  33 ms
78) [10,15],  1632 ms
79) [5,3],  5008 ms
80) [5,10],  3413 ms
81) [5,9],  5010 ms
82) [4,2],  2438 ms
83) [5,4],  2880 ms
84) [5,5],  1475 ms
85) [6,4],  2799 ms
86) [3,4],  1336 ms
87) [6,2],  2155 ms
88) [7,1],  1365 ms
89) [12,16],  3384 ms
90) [13,17],  1367 ms
91) [9,15],  3797 ms
92) [12,14],  2895 ms
93) [15,12],  4814 ms
94) [13,10],  2468 ms
95) [13,14],  5000 ms
96) [13,15],  764 ms
97) [14,16],  5002 ms
98) [11,16],  2001 ms
99) [14,15],  4538 ms
100) [14,14],  1727 ms
101) [14,13],  1179 ms
102) [9,11],  1478 ms
103) [10,12],  28 ms
104) [7,11],  468 ms
105) [6,11],  30 ms
106) [16,11],  1207 ms
107) [15,16],  30 ms
108) [16,17],  28 ms
109) [16,16],  29 ms
110) [13,16],  29 ms
111) [17,16],  29 ms
112) [18,16],  29 ms
113) [15,14],  29 ms
114) [16,15],  29 ms
115) [15,13],  32 ms
116) [15,15],  32 ms
117) [16,13],  30 ms
118) [13,13],  30 ms
119) [17,14],  29 ms
120) [18,15],  29 ms
121) [17,13],  30 ms
122) [18,13],  31 ms
123) [17,12],  30 ms
124) [18,11],  30 ms
125) [17,15],  29 ms

pela 5.0 wins

pela 10.0:  2746 ms/turn
pela 5.0:  2448 ms/turn
