 0) [9,8],  2608 ms
 1) [10,9],  36 ms
 2) [9,7],  35 ms
 3) [9,6],  39 ms
 4) [8,8],  10036 ms
 5) [7,8],  33 ms
 6) [7,6],  6140 ms
 7) [10,6],  3194 ms
 8) [10,5],  7340 ms
 9) [7,5],  5018 ms
10) [8,7],  6912 ms
11) [8,9],  2885 ms
12) [10,11],  5460 ms
13) [6,5],  5017 ms
14) [6,7],  7954 ms
15) [7,7],  1928 ms
16) [5,5],  5145 ms
17) [9,5],  2309 ms
18) [11,7],  4347 ms
19) [12,7],  3708 ms
20) [11,8],  10047 ms
21) [10,8],  2518 ms
22) [10,7],  10013 ms
23) [8,4],  2763 ms
24) [9,4],  4330 ms
25) [8,5],  1874 ms
26) [8,6],  3486 ms
27) [6,6],  42 ms
28) [5,7],  10005 ms
29) [7,3],  36 ms
30) [6,2],  35 ms
31) [9,3],  36 ms
32) [10,2],  34 ms
33) [8,3],  57 ms
34) [6,3],  10007 ms
35) [8,1],  33 ms
36) [8,2],  33 ms
37) [9,2],  34 ms
38) [7,4],  32 ms
39) pbrain-pela:  I win !
39) [10,3],  33 ms
40) [11,3],  33 ms
41) [11,4],  35 ms
42) [12,5],  33 ms
43) [7,0],  33 ms

pela 5.0 wins

pela 10.0:  4730 ms/turn
pela 5.0:  1439 ms/turn
