 0) [11,9],  31 ms
 1) [10,9],  197 ms
 2) [10,8],  32 ms
 3) [11,8],  30 ms
 4) [12,10],  32 ms
 5) [13,11],  31 ms
 6) [14,10],  5728 ms
 7) [9,7],  4998 ms
 8) [12,7],  3604 ms
 9) [12,11],  2115 ms
10) [13,12],  3828 ms
11) [13,10],  1910 ms
12) [14,11],  10015 ms
13) [14,9],  5017 ms
14) [15,8],  10000 ms
15) [12,13],  5031 ms
16) [11,12],  4079 ms
17) [9,9],  4022 ms
18) [9,6],  7195 ms
19) [11,11],  3056 ms
20) [9,11],  3221 ms
21) [12,8],  5006 ms
22) [8,8],  4011 ms
23) [7,8],  2083 ms
24) [16,9],  5891 ms
25) [15,10],  5014 ms
26) [16,8],  6084 ms
27) [14,7],  2771 ms
28) [16,6],  1938 ms
29) [16,7],  4998 ms
30) [15,7],  41 ms
31) [14,8],  29 ms
32) [14,6],  28 ms
33) [17,9],  29 ms
34) [15,6],  29 ms
35) [15,5],  29 ms
36) [13,6],  27 ms
37) [17,6],  28 ms
38) [12,6],  29 ms

pela 10.0 wins

pela 10.0:  3292 ms/turn
pela 5.0:  2441 ms/turn
