 0) [9,12],  31 ms
 1) [10,12],  32 ms
 2) [9,11],  30 ms
 3) [9,10],  36 ms
 4) [10,9],  10014 ms
 5) [12,10],  5040 ms
 6) [11,11],  10037 ms
 7) [10,11],  5000 ms
 8) [11,9],  5205 ms
 9) [8,12],  1409 ms
10) [10,13],  5752 ms
11) [11,10],  3065 ms
12) [10,10],  4130 ms
13) [9,9],  5003 ms
14) [11,12],  10001 ms
15) [11,14],  4089 ms
16) [10,6],  10005 ms
17) [12,8],  5031 ms
18) [12,9],  4038 ms
19) [10,7],  5041 ms
20) [14,14],  10001 ms
21) [14,9],  1865 ms
22) [8,11],  10010 ms
23) [14,10],  3133 ms
24) [6,9],  6915 ms
25) [7,10],  30 ms
26) [12,12],  3113 ms
27) [13,13],  30 ms
28) [14,8],  10061 ms
29) [13,10],  32 ms
30) [15,10],  30 ms
31) [8,9],  36 ms
32) [9,8],  2858 ms
33) [7,8],  63 ms
34) [6,7],  30 ms
35) [7,11],  30 ms
36) [7,9],  46 ms
37) [6,10],  32 ms
38) [5,9],  30 ms
39) [8,10],  56 ms
40) [5,10],  69 ms
41) [6,12],  46 ms
42) [10,8],  31 ms
43) [5,13],  29 ms

pela 5.0 wins

pela 10.0:  4656 ms/turn
pela 5.0:  1778 ms/turn
