 0) [8,11],  29 ms
 1) [7,12],  29 ms
 2) [9,12],  28 ms
 3) [7,10],  31 ms
 4) [9,13],  28 ms
 5) [8,10],  28 ms
 6) [7,13],  27 ms
 7) [9,10],  29 ms
 8) [6,10],  5265 ms
 9) [8,13],  1553 ms
10) [10,10],  6360 ms
11) [8,12],  4033 ms
12) [8,9],  5712 ms
13) [9,15],  4852 ms
14) [5,11],  10026 ms
15) [7,9],  2788 ms
16) [7,8],  6091 ms
17) [4,10],  5044 ms
18) [10,13],  8144 ms
19) [10,12],  2260 ms
20) [9,11],  5830 ms
21) [6,11],  2646 ms
22) [5,10],  4536 ms
23) [12,15],  2169 ms
24) [10,15],  4548 ms
25) [5,12],  5009 ms
26) [6,12],  9749 ms
27) [8,7],  4432 ms
28) [4,14],  4638 ms
29) [3,13],  1608 ms
30) [4,15],  8613 ms
31) [4,16],  3712 ms
32) [9,16],  6136 ms
33) [8,17],  1518 ms
34) [5,9],  4440 ms
35) [5,8],  2613 ms
36) [7,15],  7761 ms
37) [5,13],  4173 ms
38) [4,13],  5631 ms
39) [3,12],  2523 ms
40) [3,10],  10009 ms
41) [7,17],  5000 ms
42) [6,18],  3862 ms
43) [5,7],  2538 ms
44) [4,6],  4493 ms
45) [12,18],  3118 ms
46) [11,17],  4844 ms
47) [10,16],  1527 ms
48) [3,14],  6028 ms
49) [5,14],  1937 ms
50) [5,16],  4136 ms
51) [6,17],  5003 ms
52) [9,17],  1938 ms
53) [10,18],  3682 ms
54) [5,18],  1805 ms
55) [4,18],  5013 ms
56) [9,18],  2330 ms
57) [3,8],  4999 ms
58) [4,8],  2415 ms
59) [3,7],  5008 ms
60) [3,6],  2412 ms
61) [4,5],  4421 ms
62) [2,7],  1471 ms
63) [6,5],  2170 ms
64) [4,12],  1337 ms
65) [4,11],  29 ms
66) [1,12],  4176 ms
67) [2,13],  29 ms
68) [5,6],  3596 ms
69) [2,6],  3586 ms
70) [7,6],  1856 ms
71) [6,6],  29 ms
72) [6,7],  2811 ms
73) [5,5],  2248 ms
74) [7,5],  842 ms
75) [4,4],  5004 ms
76) [7,7],  1967 ms
77) [7,4],  29 ms
78) [5,3],  1534 ms
79) [4,1],  1807 ms
80) [7,18],  1245 ms
81) [8,18],  32 ms
82) [5,2],  1621 ms
83) [2,5],  49 ms
84) [3,5],  30 ms
85) [2,2],  38 ms
86) [3,3],  29 ms
87) [2,3],  35 ms
88) [2,4],  29 ms
89) [3,2],  33 ms
90) [1,4],  591 ms
91) pbrain-pela:  I win !
91) [4,3],  29 ms
92) [4,2],  29 ms
93) [5,4],  28 ms
94) [2,1],  29 ms
95) [6,4],  29 ms
96) [8,4],  29 ms
97) [3,4],  29 ms

pela 5.0 wins

pela 10.0:  3491 ms/turn
pela 5.0:  2214 ms/turn
