 0) [9,12],  34 ms
 1) [8,12],  164 ms
 2) [9,11],  30 ms
 3) [9,10],  31 ms
 4) [8,9],  10000 ms
 5) [6,10],  3390 ms
 6) [7,11],  5926 ms
 7) [8,11],  2530 ms
 8) [10,9],  3111 ms
 9) [9,9],  2003 ms
10) [6,13],  6687 ms
11) [6,11],  2640 ms
12) [5,10],  4595 ms
13) [7,14],  4766 ms
14) [8,7],  3533 ms
15) [7,6],  3189 ms
16) [10,7],  5056 ms
17) [10,8],  4433 ms
18) [5,9],  10003 ms
19) [5,8],  1684 ms
20) [8,6],  3108 ms
21) [8,10],  3141 ms
22) [7,10],  9507 ms
23) [7,7],  2837 ms
24) [6,7],  3802 ms
25) [8,14],  1425 ms
26) [8,13],  29 ms
27) [8,8],  5015 ms
28) [6,6],  5044 ms
29) [7,13],  2037 ms
30) [7,9],  3508 ms
31) [7,8],  1489 ms
32) [6,8],  10001 ms
33) [6,5],  2171 ms
34) [7,15],  4455 ms
35) [12,7],  1528 ms
36) [12,6],  4957 ms
37) [13,8],  1857 ms
38) [9,8],  9269 ms
39) [11,6],  32 ms
40) [14,9],  3864 ms
41) [11,10],  5010 ms
42) [10,10],  8405 ms
43) [9,4],  4092 ms
44) [10,5],  30 ms
45) [13,7],  5005 ms
46) [14,7],  3143 ms
47) [14,8],  5013 ms
48) [12,8],  3051 ms
49) [9,15],  5012 ms
50) [10,16],  7264 ms
51) [10,14],  3630 ms
52) [4,9],  7373 ms
53) [6,9],  29 ms
54) [9,14],  5389 ms
55) [13,9],  32 ms
56) [13,10],  5360 ms
57) [11,13],  32 ms
58) [12,12],  30 ms
59) [11,11],  32 ms
60) [12,10],  30 ms
61) [11,12],  31 ms
62) [11,14],  30 ms
63) [11,9],  29 ms

pela 5.0 wins

pela 10.0:  4582 ms/turn
pela 5.0:  2322 ms/turn
