 0) [9,8],  322 ms
 1) [9,7],  32 ms
 2) [10,9],  29 ms
 3) [8,7],  29 ms
 4) [7,7],  10010 ms
 5) [9,9],  2445 ms
 6) [11,8],  4922 ms
 7) [12,7],  3674 ms
 8) [11,6],  6734 ms
 9) [12,5],  2061 ms
10) [11,7],  7007 ms
11) [11,9],  3773 ms
12) [12,6],  6391 ms
13) [10,8],  1802 ms
14) [12,10],  10015 ms
15) [11,5],  1637 ms
16) [10,6],  10006 ms
17) [9,6],  2835 ms
18) [10,5],  10018 ms
19) [13,6],  2351 ms
20) [9,10],  4233 ms
21) [10,10],  5040 ms
22) [8,9],  10051 ms
23) [10,7],  2399 ms
24) [10,11],  217 ms
25) [11,12],  5009 ms
26) [7,8],  102 ms
27) [6,7],  32 ms
28) [8,11],  61 ms
29) [7,12],  155 ms
30) [7,9],  141 ms
31) [7,10],  5025 ms
32) [12,8],  50 ms
33) [13,9],  4953 ms
34) [7,5],  38 ms
35) [7,6],  38 ms
36) [9,5],  36 ms
37) [8,4],  33 ms
38) [8,5],  40 ms
39) [6,5],  38 ms
40) [8,10],  74 ms
41) [8,12],  2316 ms
42) [9,11],  33 ms
43) [6,8],  32 ms
44) [7,11],  39 ms
45) [11,11],  32 ms
46) [6,11],  33 ms

pela 10.0 wins

pela 10.0:  3358 ms/turn
pela 5.0:  1988 ms/turn
