 0) [8,11],  0 ms
 1) [7,11],  168 ms
 2) [9,10],  32 ms
 3) [7,12],  33 ms
 4) [7,13],  10006 ms
 5) [9,11],  5021 ms
 6) [8,9],  10011 ms
 7) [7,8],  1917 ms
 8) [6,9],  4214 ms
 9) [5,8],  5021 ms
10) [7,9],  4791 ms
11) [9,9],  3302 ms
12) [6,8],  5181 ms
13) [8,10],  1700 ms
14) [10,8],  10065 ms
15) [5,9],  2177 ms
16) [6,10],  10027 ms
17) [6,11],  3427 ms
18) [5,10],  10011 ms
19) [6,7],  2653 ms
20) [10,11],  3751 ms
21) [10,10],  5034 ms
22) [9,12],  6646 ms
23) [7,10],  2138 ms
24) [11,10],  244 ms
25) [12,9],  5021 ms
26) [8,13],  74 ms
27) [7,14],  32 ms
28) [11,12],  142 ms
29) [12,13],  156 ms
30) [10,13],  125 ms
31) [11,13],  2102 ms
32) [6,13],  48 ms
33) [9,13],  69 ms
34) [8,15],  125 ms
35) [9,14],  5126 ms
36) [5,11],  41 ms
37) [4,12],  69 ms
38) pbrain-pela:  I win !
38) [8,14],  151 ms
39) [8,12],  32 ms
40) [6,12],  66 ms
41) [9,15],  110 ms
42) [4,10],  172 ms

pela 10.0 wins

pela 10.0:  3451 ms/turn
pela 5.0:  2157 ms/turn
