 0) [8,12],  30 ms
 1) [9,13],  31 ms
 2) [9,11],  30 ms
 3) [7,13],  33 ms
 4) [10,12],  29 ms
 5) [8,10],  31 ms
 6) [6,13],  10002 ms
 7) [11,12],  2060 ms
 8) [6,12],  7650 ms
 9) [7,12],  2235 ms
10) [7,10],  6547 ms
11) [6,11],  2942 ms
12) [9,14],  4803 ms
13) [12,13],  1745 ms
14) [13,14],  5502 ms
15) [10,14],  3897 ms
16) [12,12],  6741 ms
17) [9,15],  2018 ms
18) [11,15],  4971 ms
19) [13,15],  2053 ms
20) [7,15],  10012 ms
21) [11,17],  5000 ms
22) [10,16],  10015 ms
23) [9,17],  5016 ms
24) [11,11],  3289 ms
25) [12,11],  3507 ms
26) [5,13],  10034 ms
27) [4,14],  5005 ms
28) [11,16],  10011 ms
29) [13,13],  5031 ms
30) [15,13],  3526 ms
31) [7,16],  3710 ms
32) [8,17],  10016 ms
33) [12,16],  2783 ms
34) [10,18],  3730 ms
35) [10,15],  4836 ms
36) [5,12],  5128 ms
37) [5,11],  5009 ms
38) [11,13],  3888 ms
39) [4,11],  5003 ms
40) [3,11],  9141 ms
41) [4,9],  5015 ms
42) [4,12],  4579 ms
43) [6,14],  29 ms
44) [5,10],  3313 ms
45) [2,12],  5002 ms
46) [3,13],  2263 ms
47) [2,10],  1610 ms
48) [2,11],  2113 ms
49) [4,13],  3572 ms
50) [8,11],  3320 ms
51) [10,11],  4621 ms
52) [16,14],  1847 ms
53) [15,12],  5000 ms
54) [13,10],  2343 ms
55) [6,9],  1550 ms
56) [8,9],  4835 ms
57) [14,12],  5006 ms
58) [16,12],  3067 ms
59) [14,14],  2516 ms
60) [15,11],  1169 ms
61) [13,12],  2094 ms
62) [14,11],  1247 ms
63) [3,9],  92 ms
64) [5,9],  3534 ms
65) [12,15],  35 ms
66) [13,16],  1045 ms
67) [16,11],  2599 ms
68) [17,13],  2900 ms
69) [14,10],  4697 ms
70) [18,14],  1466 ms
71) [19,15],  29 ms
72) [18,12],  752 ms
73) [15,15],  5009 ms
74) [14,15],  2157 ms
75) [18,13],  5001 ms
76) [16,16],  1843 ms
77) [16,15],  4428 ms
78) [12,17],  740 ms
79) [15,14],  1641 ms
80) [14,13],  30 ms
81) [4,16],  4707 ms
82) [4,17],  1470 ms
83) [11,10],  5001 ms
84) [9,8],  742 ms
85) [9,9],  1461 ms
86) [5,15],  1156 ms
87) [5,16],  3774 ms
88) [6,16],  425 ms
89) [11,18],  2226 ms
90) [5,17],  935 ms
91) [4,18],  1798 ms
92) [10,8],  728 ms
93) [10,7],  2631 ms
94) [3,14],  687 ms
95) [3,12],  1684 ms
96) [6,15],  410 ms
97) [4,15],  3025 ms
98) [6,17],  199 ms
99) [7,17],  29 ms
100) [9,16],  239 ms
101) [11,8],  5004 ms
102) [12,9],  238 ms
103) [11,7],  2372 ms
104) [11,9],  239 ms
105) [13,9],  3382 ms
106) [10,6],  160 ms
107) [8,6],  2026 ms
108) [9,7],  260 ms
109) [8,5],  5016 ms
110) [4,8],  337 ms
111) [6,10],  1919 ms
112) [7,4],  300 ms
113) [11,5],  5011 ms
114) [11,4],  266 ms
115) [8,4],  5000 ms
116) [10,10],  201 ms
117) [12,8],  29 ms
118) [8,3],  70 ms
119) [9,2],  5001 ms
120) [6,7],  165 ms
121) [5,6],  3711 ms
122) [8,8],  155 ms
123) [14,8],  5022 ms
124) [13,7],  125 ms
125) [10,2],  5000 ms
126) [8,2],  109 ms
127) [9,5],  5000 ms
128) [7,5],  95 ms
129) [6,8],  5000 ms
130) [10,4],  33 ms
131) [15,10],  3728 ms
132) [14,9],  81 ms
133) [19,14],  463 ms
134) [17,12],  28 ms
135) [17,14],  79 ms
136) [19,12],  31 ms
137) [18,15],  30 ms
138) [17,15],  29 ms
139) [19,16],  28 ms
140) [16,13],  29 ms
141) [19,17],  29 ms
142) [19,18],  30 ms
143) [19,13],  30 ms

pela 5.0 wins

pela 10.0:  2494 ms/turn
pela 5.0:  2926 ms/turn
