 0) [11,12],  0 ms
 1) [10,12],  172 ms
 2) [11,11],  31 ms
 3) [11,10],  29 ms
 4) [10,9],  10007 ms
 5) [8,10],  4206 ms
 6) [9,11],  9423 ms
 7) [10,11],  4046 ms
 8) [12,9],  5084 ms
 9) [11,9],  3076 ms
10) [8,13],  8948 ms
11) [8,11],  3190 ms
12) [7,10],  5518 ms
13) [9,14],  5058 ms
14) [10,7],  3631 ms
15) [9,6],  3592 ms
16) [12,7],  5202 ms
17) [12,8],  4355 ms
18) [7,9],  10003 ms
19) [7,8],  1677 ms
20) [10,6],  10026 ms
21) [10,10],  3116 ms
22) [9,10],  9743 ms
23) [9,7],  2837 ms
24) [8,7],  3215 ms
25) [10,14],  5044 ms
26) [10,13],  30 ms
27) [10,8],  5001 ms
28) [8,6],  4559 ms
29) [9,13],  1886 ms
30) [9,9],  3227 ms
31) [9,8],  1502 ms
32) [8,8],  10015 ms
33) [8,5],  1887 ms
34) [9,15],  4786 ms
35) [14,7],  1551 ms
36) [14,6],  5669 ms
37) [15,8],  2255 ms
38) [11,8],  10008 ms
39) [13,6],  30 ms
40) [16,9],  5011 ms
41) [13,10],  1681 ms
42) [12,10],  2510 ms
43) [11,4],  5004 ms
44) [12,5],  29 ms
45) [15,7],  1955 ms
46) [16,7],  4074 ms
47) [16,8],  1683 ms
48) [14,8],  3896 ms
49) [11,15],  1798 ms
50) [12,16],  1928 ms
51) [12,14],  4733 ms
52) [6,9],  1775 ms
53) [8,9],  30 ms
54) [11,14],  5942 ms
55) [15,9],  32 ms
56) [15,10],  5124 ms
57) [13,13],  32 ms
58) [14,12],  27 ms
59) [13,11],  30 ms
60) [14,10],  28 ms
61) [13,12],  33 ms
62) [13,14],  31 ms
63) [13,9],  28 ms

pela 5.0 wins

pela 10.0:  4671 ms/turn
pela 5.0:  2235 ms/turn
