 0) [12,9],  31 ms
 1) [11,9],  173 ms
 2) [11,8],  30 ms
 3) [12,8],  31 ms
 4) [13,10],  30 ms
 5) [14,11],  30 ms
 6) [15,10],  5559 ms
 7) [10,7],  5014 ms
 8) [13,7],  3316 ms
 9) [13,11],  1752 ms
10) [14,12],  3950 ms
11) [14,10],  2132 ms
12) [15,11],  10065 ms
13) [15,9],  5001 ms
14) [16,8],  10000 ms
15) [13,8],  5047 ms
16) [16,10],  180 ms
17) [17,9],  1547 ms
18) [16,9],  49 ms
19) [16,7],  1937 ms
20) [16,12],  36 ms
21) [16,11],  30 ms
22) [15,12],  41 ms
23) [13,12],  1567 ms
24) [15,13],  34 ms
25) [15,14],  30 ms
26) [18,12],  30 ms
27) [17,12],  30 ms
28) [18,10],  32 ms
29) [17,11],  30 ms
30) [17,10],  30 ms
31) [19,10],  29 ms
32) [18,11],  28 ms
33) [18,13],  28 ms
34) [15,8],  28 ms
35) [19,12],  29 ms
36) [14,7],  28 ms

pela 10.0 wins

pela 10.0:  1763 ms/turn
pela 5.0:  1357 ms/turn
