 0) [8,11],  32 ms
 1) [7,11],  232 ms
 2) [9,10],  28 ms
 3) [7,12],  35 ms
 4) [7,13],  10015 ms
 5) [9,11],  5015 ms
 6) [8,9],  3868 ms
 7) [7,8],  3061 ms
 8) [6,9],  6918 ms
 9) [5,8],  2008 ms
10) [7,9],  6478 ms
11) [9,9],  3813 ms
12) [6,8],  6852 ms
13) [8,10],  1896 ms
14) [10,8],  10016 ms
15) [5,9],  2367 ms
16) [6,10],  10008 ms
17) [6,11],  3646 ms
18) [5,10],  10042 ms
19) [6,7],  2649 ms
20) [10,11],  3683 ms
21) [10,10],  5011 ms
22) [9,12],  6901 ms
23) [7,10],  2198 ms
24) [11,10],  216 ms
25) [12,9],  4999 ms
26) [8,13],  88 ms
27) [7,14],  29 ms
28) [11,12],  49 ms
29) [12,13],  29 ms
30) [10,13],  42 ms
31) [11,13],  2102 ms
32) [6,13],  44 ms
33) [9,13],  28 ms
34) [8,15],  38 ms
35) [9,14],  4842 ms
36) [5,11],  35 ms
37) [4,12],  27 ms
38) [8,14],  28 ms
39) [8,12],  27 ms
40) [6,12],  28 ms
41) [9,15],  27 ms
42) [4,10],  28 ms

pela 10.0 wins

pela 10.0:  3428 ms/turn
pela 5.0:  2097 ms/turn
