 0) [9,8],  182 ms
 1) [9,9],  30 ms
 2) [10,7],  31 ms
 3) [8,9],  31 ms
 4) [7,9],  10010 ms
 5) [9,7],  5010 ms
 6) [11,8],  10013 ms
 7) [12,9],  3157 ms
 8) [11,10],  5444 ms
 9) [12,11],  1585 ms
10) [11,9],  7027 ms
11) [11,7],  1937 ms
12) [12,10],  7410 ms
13) [10,8],  5023 ms
14) [12,6],  10016 ms
15) [11,11],  3225 ms
16) [10,10],  10009 ms
17) [9,10],  3284 ms
18) [10,11],  10014 ms
19) [13,10],  2368 ms
20) [9,6],  3895 ms
21) [10,6],  5004 ms
22) [8,7],  7477 ms
23) [10,9],  4615 ms
24) [10,5],  156 ms
25) [11,4],  2235 ms
26) [7,8],  112 ms
27) [6,9],  28 ms
28) [8,5],  51 ms
29) [7,4],  28 ms
30) [7,6],  41 ms
31) [7,5],  4501 ms
32) [7,10],  42 ms
33) [7,7],  30 ms
34) [5,8],  40 ms
35) [6,7],  3762 ms
36) [9,11],  38 ms
37) [8,12],  28 ms
38) pbrain-pela:  I win !
38) [6,8],  28 ms
39) [8,8],  28 ms
40) [8,10],  28 ms
41) [10,12],  55 ms
42) [5,7],  47 ms

pela 10.0 wins

pela 10.0:  3732 ms/turn
pela 5.0:  2188 ms/turn
