 0) [12,8],  30 ms
 1) [11,9],  28 ms
 2) [12,7],  29 ms
 3) [12,6],  29 ms
 4) [13,8],  10003 ms
 5) [14,8],  31 ms
 6) [14,6],  3713 ms
 7) [15,10],  5008 ms
 8) [15,9],  10014 ms
 9) [11,6],  4196 ms
10) [11,5],  10012 ms
11) [13,7],  4042 ms
12) [14,4],  6490 ms
13) [14,5],  5015 ms
14) [16,4],  6931 ms
15) [17,4],  4924 ms
16) [18,6],  2924 ms
17) [16,8],  1504 ms
18) [17,8],  6848 ms
19) [15,3],  5011 ms
20) [10,6],  6351 ms
21) [9,5],  3213 ms
22) [15,2],  4846 ms
23) [9,7],  1692 ms
24) [10,8],  10040 ms
25) [11,8],  2083 ms
26) [11,10],  3560 ms
27) [12,9],  1683 ms
28) [9,6],  6715 ms
29) [13,9],  2235 ms
30) [10,9],  3631 ms
31) [10,7],  3235 ms
32) [15,7],  3929 ms
33) [9,8],  4017 ms
34) [8,9],  3357 ms
35) [13,3],  1832 ms
36) [13,4],  8379 ms
37) [12,4],  4706 ms
38) [8,10],  8172 ms
39) [14,11],  4489 ms
40) [13,10],  30 ms
41) [13,12],  4410 ms
42) [12,13],  9141 ms
43) [8,7],  2846 ms
44) [7,7],  7867 ms
45) [10,10],  5038 ms
46) [7,11],  74 ms
47) [9,9],  1790 ms
48) [8,12],  163 ms
49) [8,11],  2473 ms
50) [9,13],  86 ms
51) [10,14],  2504 ms
52) [5,9],  45 ms
53) [6,10],  47 ms
54) [6,8],  45 ms
55) [4,10],  5011 ms
56) [7,9],  35 ms
57) [5,7],  56 ms
58) pbrain-pela:  I win !
58) [7,8],  29 ms
59) [7,10],  29 ms
60) [7,6],  29 ms
61) [7,5],  30 ms
62) [6,9],  29 ms
63) [4,9],  29 ms
64) [6,6],  29 ms
65) [8,6],  29 ms
66) [6,7],  29 ms
67) [6,5],  29 ms
68) [5,6],  32 ms
69) [9,10],  30 ms
70) [4,5],  30 ms

pela 10.0 wins

pela 10.0:  3712 ms/turn
pela 5.0:  2380 ms/turn
