 0) [10,11],  29 ms
 1) [9,10],  29 ms
 2) [10,12],  28 ms
 3) [10,13],  29 ms
 4) [11,11],  9990 ms
 5) [9,11],  29 ms
 6) [9,14],  7038 ms
 7) [8,14],  2526 ms
 8) [9,9],  3649 ms
 9) [10,10],  2243 ms
10) [7,13],  7554 ms
11) [8,16],  5036 ms
12) [11,10],  10028 ms
13) [11,9],  1671 ms
14) [12,8],  10005 ms
15) [12,9],  1902 ms
16) [8,13],  5949 ms
17) [9,12],  2943 ms
18) [13,9],  4574 ms
19) [12,10],  5027 ms
20) [11,7],  2237 ms
21) [10,6],  5010 ms
22) [7,12],  32 ms
23) [6,11],  5000 ms
24) [5,13],  33 ms
25) [6,13],  5029 ms
26) [7,11],  34 ms
27) [7,14],  1435 ms
28) [8,10],  29 ms
29) [10,8],  29 ms
30) [6,12],  29 ms

pela 10.0 wins

pela 10.0:  3827 ms/turn
pela 5.0:  2529 ms/turn
