 0) [10,8],  29 ms
 1) [10,9],  29 ms
 2) [9,7],  29 ms
 3) [11,9],  31 ms
 4) [12,9],  10007 ms
 5) [10,7],  5031 ms
 6) [8,8],  4681 ms
 7) [7,9],  3338 ms
 8) [8,10],  6851 ms
 9) [7,11],  1977 ms
10) [8,9],  6539 ms
11) [8,7],  3976 ms
12) [7,10],  6780 ms
13) [9,8],  5001 ms
14) [7,6],  7478 ms
15) [8,11],  2544 ms
16) [9,10],  10011 ms
17) [10,10],  3337 ms
18) [9,11],  10007 ms
19) [5,10],  2553 ms
20) [6,6],  4961 ms
21) [7,8],  5002 ms
22) [6,9],  9697 ms
23) [11,10],  2550 ms
24) [12,11],  29 ms
25) [5,6],  2513 ms
26) [7,7],  382 ms
27) [5,5],  5005 ms
28) [6,7],  189 ms
29) [6,8],  4393 ms
30) [9,12],  179 ms
31) [9,13],  4706 ms
32) [5,8],  301 ms
33) [4,9],  4615 ms
34) [4,7],  53 ms
35) [3,6],  29 ms
36) [5,7],  49 ms
37) [3,7],  29 ms
38) [7,5],  34 ms
39) [8,4],  2929 ms
40) [8,5],  32 ms
41) [9,4],  31 ms
42) [6,4],  33 ms
43) [8,6],  30 ms
44) [7,4],  29 ms
45) [7,3],  30 ms
46) [6,3],  30 ms
47) [6,5],  29 ms
48) [5,2],  29 ms
49) [9,6],  32 ms
50) [4,1],  29 ms

pela 10.0 wins

pela 10.0:  3018 ms/turn
pela 5.0:  2389 ms/turn
