 0) [9,9],  29 ms
 1) [8,9],  1194 ms
 2) [7,8],  30 ms
 3) [8,8],  36 ms
 4) [8,10],  29 ms
 5) [7,10],  29 ms
 6) [9,8],  30 ms
 7) [9,11],  5011 ms
 8) [9,6],  3668 ms
 9) [9,7],  2125 ms
10) [10,6],  5926 ms
11) [8,6],  1732 ms
12) [10,8],  2280 ms
13) [11,7],  5011 ms
14) [10,7],  471 ms
15) [10,5],  5015 ms
16) [10,9],  2093 ms
17) [10,10],  28 ms
18) [11,8],  684 ms
19) [12,9],  5023 ms
20) [13,6],  93 ms
21) [12,7],  4205 ms
22) [12,8],  33 ms
23) [13,8],  30 ms
24) [11,6],  30 ms
25) [12,6],  30 ms
26) [10,11],  5283 ms
27) [13,4],  1580 ms
28) [8,5],  9730 ms
29) [7,4],  30 ms
30) [12,3],  10004 ms
31) [10,4],  5001 ms
32) [13,7],  10000 ms
33) [5,11],  4040 ms
34) [7,13],  2984 ms
35) [6,4],  4982 ms
36) [5,3],  5265 ms
37) [9,5],  255 ms
38) [11,3],  4217 ms
39) [8,4],  198 ms
40) [9,4],  29 ms
41) [7,6],  122 ms
42) [5,4],  5034 ms
43) [6,10],  34 ms
44) [7,9],  28 ms
45) [6,8],  31 ms
46) [7,7],  82 ms
47) [6,9],  32 ms
48) [6,11],  5611 ms
49) [6,7],  30 ms
50) [6,6],  77 ms
51) [5,8],  31 ms
52) [4,7],  29 ms
53) pbrain-pela:  I win !
53) [3,10],  30 ms
54) [4,9],  30 ms
55) [5,10],  29 ms
56) [4,10],  30 ms
57) [5,9],  29 ms
58) [5,12],  30 ms
59) [5,7],  31 ms

pela 5.0 wins

pela 10.0:  2461 ms/turn
pela 5.0:  1531 ms/turn
