 0) [12,11],  32 ms
 1) [11,11],  2278 ms
 2) [12,10],  28 ms
 3) [12,9],  64 ms
 4) [11,8],  10048 ms
 5) [9,9],  5002 ms
 6) [10,10],  10015 ms
 7) [11,10],  4332 ms
 8) [13,8],  5064 ms
 9) [12,8],  2865 ms
10) [9,12],  8783 ms
11) [9,10],  2925 ms
12) [8,9],  5798 ms
13) [10,13],  4917 ms
14) [11,6],  3800 ms
15) [10,5],  3586 ms
16) [13,6],  5093 ms
17) [13,7],  4218 ms
18) [8,8],  10029 ms
19) [8,7],  1719 ms
20) [11,5],  3144 ms
21) [11,9],  3307 ms
22) [10,9],  9861 ms
23) [10,6],  2625 ms
24) [9,6],  3158 ms
25) [11,13],  4999 ms
26) [11,12],  29 ms
27) [11,7],  4892 ms
28) [9,5],  3150 ms
29) [10,12],  5009 ms
30) [10,8],  8926 ms
31) [10,7],  4512 ms
32) [9,7],  7677 ms
33) [9,4],  5016 ms
34) [10,14],  3846 ms
35) [15,6],  5009 ms
36) [15,5],  4285 ms
37) [16,7],  1790 ms
38) [12,7],  8514 ms
39) [14,5],  29 ms
40) [17,8],  3642 ms
41) [14,9],  5006 ms
42) [13,9],  7106 ms
43) [12,3],  3720 ms
44) [13,4],  29 ms
45) [16,6],  5005 ms
46) [17,6],  8267 ms
47) [17,7],  5000 ms
48) [9,8],  7094 ms
49) [7,8],  28 ms
50) [16,8],  6083 ms
51) [14,8],  2760 ms
52) [14,7],  1708 ms
53) [14,3],  4256 ms
54) [10,3],  1819 ms
55) [13,3],  2159 ms
56) [15,3],  2242 ms
57) [11,4],  1825 ms
58) [9,13],  4388 ms
59) [8,12],  1616 ms
60) [16,4],  3759 ms
61) [15,4],  4786 ms
62) [13,2],  1201 ms
63) [17,3],  4999 ms
64) [12,14],  3047 ms
65) [13,14],  5001 ms
66) [16,9],  2071 ms
67) [15,8],  1613 ms
68) [10,4],  2316 ms
69) [13,1],  4999 ms
70) [16,12],  1985 ms
71) [16,10],  4621 ms
72) [15,9],  1395 ms
73) [12,12],  5000 ms
74) [11,15],  574 ms
75) [12,16],  5005 ms
76) [9,3],  565 ms
77) [8,2],  3032 ms
78) [17,5],  977 ms
79) [18,6],  5004 ms
80) [8,4],  944 ms
81) [8,6],  3175 ms
82) [17,9],  520 ms
83) [19,9],  4987 ms
84) [14,14],  460 ms
85) [14,12],  2718 ms
86) [9,15],  853 ms
87) [9,14],  5000 ms
88) [14,2],  305 ms
89) [10,16],  1836 ms
90) [13,16],  689 ms
91) [17,11],  2751 ms
92) [14,15],  445 ms
93) [14,17],  4375 ms
94) [18,7],  382 ms
95) [15,10],  1675 ms
96) [14,10],  429 ms
97) [17,13],  5004 ms
98) [16,2],  230 ms
99) [15,2],  3634 ms
100) [13,5],  271 ms
101) [14,4],  1881 ms
102) [19,11],  354 ms
103) [18,10],  5006 ms
104) [17,10],  228 ms
105) [12,17],  3241 ms
106) [12,15],  154 ms
107) [10,15],  4766 ms
108) [11,16],  181 ms
109) [7,2],  2246 ms
110) [7,3],  130 ms
111) [8,3],  1901 ms
112) [6,1],  28 ms
113) [11,1],  2180 ms
114) [10,0],  141 ms
115) [18,13],  2331 ms
116) [17,12],  239 ms
117) [10,2],  4553 ms
118) [9,2],  122 ms
119) [15,15],  2277 ms
120) [15,13],  125 ms
121) [16,15],  5002 ms
122) [17,14],  114 ms
123) [7,9],  2010 ms
124) [8,10],  110 ms
125) [14,13],  4830 ms
126) [12,13],  117 ms
127) [6,2],  3442 ms
128) [5,2],  73 ms
129) [14,1],  1522 ms
130) [12,1],  111 ms
131) [17,4],  1672 ms
132) [16,3],  57 ms
133) [16,1],  2145 ms
134) [17,1],  54 ms
135) [7,12],  1632 ms
136) [6,11],  51 ms
137) [6,13],  3745 ms
138) [5,11],  67 ms
139) [4,11],  3937 ms
140) [6,9],  70 ms
141) [5,12],  1504 ms
142) [7,14],  58 ms
143) [4,12],  3059 ms
144) [6,12],  29 ms
145) [3,10],  3725 ms
146) [2,9],  28 ms
147) [4,10],  5004 ms
148) [4,13],  31 ms
149) pbrain-pela:  I win !
149) [8,11],  30 ms
150) [5,14],  29 ms
151) [4,8],  28 ms
152) [4,9],  29 ms
153) [7,11],  27 ms
154) [7,10],  30 ms
155) [5,9],  28 ms
156) [6,10],  29 ms
157) [6,8],  29 ms
158) [7,7],  28 ms
159) [3,8],  28 ms
160) [5,8],  29 ms
161) [3,11],  28 ms
162) [2,12],  29 ms
163) [3,9],  31 ms
164) [3,12],  31 ms
165) [3,7],  29 ms

pela 5.0 wins

pela 10.0:  2168 ms/turn
pela 5.0:  3054 ms/turn
