 0) [9,9],  29 ms
 1) [8,10],  29 ms
 2) [10,10],  30 ms
 3) [8,8],  29 ms
 4) [10,11],  29 ms
 5) [9,8],  30 ms
 6) [8,11],  29 ms
 7) [10,8],  28 ms
 8) [7,8],  5339 ms
 9) [9,11],  1613 ms
10) [11,8],  7277 ms
11) [9,10],  4894 ms
12) [9,7],  5756 ms
13) [10,13],  4657 ms
14) [6,9],  9989 ms
15) [8,7],  2859 ms
16) [8,6],  6287 ms
17) [5,8],  5027 ms
18) [11,11],  7606 ms
19) [11,10],  1848 ms
20) [10,9],  8931 ms
21) [7,9],  3004 ms
22) [6,8],  4840 ms
23) [13,13],  1999 ms
24) [11,13],  5865 ms
25) [6,10],  4735 ms
26) [7,10],  4353 ms
27) [9,5],  4506 ms
28) [5,12],  4989 ms
29) [4,11],  1677 ms
30) [12,12],  10012 ms
31) [13,11],  2132 ms
32) [13,12],  3318 ms
33) [14,12],  3192 ms
34) [12,10],  10003 ms
35) [12,9],  2125 ms
36) [12,14],  4600 ms
37) [11,14],  2846 ms
38) [7,6],  3727 ms
39) [9,14],  4999 ms
40) [5,13],  10000 ms
41) [5,14],  5001 ms
42) [7,16],  9564 ms
43) [10,15],  2988 ms
44) [9,12],  2364 ms
45) [10,12],  3692 ms
46) [10,14],  5206 ms
47) [8,14],  5000 ms
48) [7,14],  3358 ms
49) [8,13],  5002 ms
50) [7,12],  2947 ms
51) [7,15],  5006 ms
52) [8,15],  2537 ms
53) [7,13],  3158 ms
54) [6,12],  4132 ms
55) [8,12],  30 ms
56) [9,13],  2922 ms
57) [8,16],  5003 ms
58) [5,11],  4844 ms
59) [5,9],  5001 ms
60) [9,16],  3821 ms
61) [6,13],  29 ms
62) [12,17],  2130 ms
63) [12,16],  2399 ms
64) [11,18],  1107 ms
65) [10,17],  29 ms
66) [4,12],  1090 ms
67) [3,12],  28 ms
68) [6,14],  2992 ms
69) [11,16],  2364 ms
70) [12,15],  2574 ms
71) [15,13],  2346 ms
72) [14,14],  1349 ms
73) [12,13],  5008 ms
74) [14,13],  796 ms
75) [15,14],  3075 ms
76) [15,11],  584 ms
77) [7,5],  3405 ms
78) [4,8],  970 ms
79) [3,11],  2574 ms
80) [3,10],  819 ms
81) [8,4],  5013 ms
82) [9,3],  1547 ms
83) [3,13],  5000 ms
84) [3,14],  1201 ms
85) [15,16],  3270 ms
86) [15,15],  721 ms
87) [9,4],  2049 ms
88) [10,5],  1056 ms
89) [5,5],  5001 ms
90) [8,5],  297 ms
91) [6,6],  2866 ms
92) [7,4],  832 ms
93) [6,3],  1798 ms
94) [10,6],  699 ms
95) [9,6],  2142 ms
96) [4,13],  518 ms
97) [6,11],  27 ms
98) [1,16],  539 ms
99) [2,15],  28 ms
100) [4,4],  495 ms
101) [6,4],  83 ms
102) [6,5],  178 ms
103) [7,3],  33 ms
104) [4,6],  227 ms
105) [5,6],  28 ms
106) [5,7],  28 ms
107) [6,2],  29 ms
108) [5,1],  30 ms
109) [6,0],  28 ms
110) [6,1],  29 ms
111) [4,5],  5011 ms
112) [7,2],  222 ms
113) [4,15],  1721 ms
114) [3,16],  235 ms
115) [10,4],  2025 ms
116) [14,16],  281 ms
117) [14,15],  1605 ms
118) [13,14],  143 ms
119) [15,17],  4655 ms
120) [11,5],  125 ms
121) [16,17],  1972 ms
122) [16,14],  204 ms
123) [17,13],  2283 ms
124) [4,3],  170 ms
125) [2,4],  2282 ms
126) [14,5],  121 ms
127) [12,5],  1923 ms
128) [12,4],  74 ms
129) [13,3],  27 ms
130) [9,1],  136 ms
131) [13,6],  5000 ms
132) [14,6],  109 ms
133) [14,4],  5000 ms
134) [12,2],  71 ms
135) [4,1],  5008 ms
136) [15,7],  32 ms
137) [18,19],  3347 ms
138) [17,18],  28 ms
139) [13,5],  1850 ms
140) [13,4],  42 ms
141) [15,6],  2714 ms
142) [14,7],  37 ms
143) [14,8],  3083 ms
144) [12,6],  46 ms
145) [2,12],  5009 ms
146) [2,16],  32 ms
147) [4,16],  4999 ms
148) [16,11],  36 ms
149) [15,12],  28 ms
150) [12,18],  46 ms
151) [13,17],  28 ms
152) [7,1],  35 ms
153) [8,1],  28 ms
154) [3,2],  34 ms
155) [5,4],  28 ms
156) [5,15],  35 ms
157) [16,13],  41 ms
158) [17,12],  29 ms
159) [14,17],  29 ms
160) [17,17],  28 ms
161) [14,11],  29 ms
162) [13,10],  28 ms
163) [17,14],  28 ms
164) [18,15],  29 ms
165) [16,15],  29 ms
166) [18,13],  29 ms
167) [13,18],  28 ms

pela 5.0 wins

pela 10.0:  2142 ms/turn
pela 5.0:  2387 ms/turn
