 0) [11,11],  0 ms
 1) [10,11],  2476 ms
 2) [9,12],  30 ms
 3) [10,12],  47 ms
 4) [10,13],  33 ms
 5) [11,13],  30 ms
 6) [9,11],  30 ms
 7) [9,14],  1717 ms
 8) [9,9],  5078 ms
 9) [9,10],  2351 ms
10) [8,9],  6013 ms
11) [10,9],  1839 ms
12) [8,11],  2264 ms
13) [7,10],  5014 ms
14) [8,10],  523 ms
15) [8,8],  5002 ms
16) [8,12],  2154 ms
17) [8,13],  29 ms
18) [7,11],  851 ms
19) [6,12],  5014 ms
20) [5,9],  59 ms
21) [6,10],  2534 ms
22) [6,11],  32 ms
23) [5,11],  29 ms
24) [7,9],  28 ms
25) [6,9],  28 ms
26) [10,8],  29 ms
27) [11,7],  28 ms
28) [6,8],  30 ms
29) [5,7],  28 ms
30) [11,9],  29 ms
31) [7,13],  5021 ms
32) [4,10],  5972 ms
33) [9,15],  2110 ms
34) [8,14],  29 ms
35) [7,7],  5014 ms
36) [9,16],  4776 ms
37) [11,14],  5019 ms
38) [11,16],  9873 ms
39) [12,10],  5007 ms
40) [12,8],  8023 ms
41) [10,10],  29 ms
42) [11,10],  10043 ms
43) [11,8],  1520 ms
44) [3,11],  7326 ms
45) [2,12],  32 ms
46) [6,6],  10017 ms
47) [12,7],  246 ms
48) [13,6],  29 ms
49) [10,7],  55 ms
50) [9,7],  8228 ms
51) [12,12],  44 ms
52) [8,6],  10016 ms
53) [7,5],  30 ms
54) [10,14],  40 ms
55) [12,13],  31 ms
56) [12,11],  30 ms
57) pbrain-pela:  I win !
57) [11,12],  30 ms
58) [13,14],  29 ms
59) [13,12],  30 ms
60) [14,12],  29 ms
61) [14,11],  30 ms
62) [15,10],  29 ms
63) [10,15],  30 ms

pela 5.0 wins

pela 10.0:  2864 ms/turn
pela 5.0:  1576 ms/turn
