 0) [9,10],  29 ms
 1) [8,10],  1108 ms
 2) [7,11],  29 ms
 3) [8,11],  44 ms
 4) [8,9],  29 ms
 5) [7,9],  29 ms
 6) [9,11],  29 ms
 7) [9,8],  5044 ms
 8) [9,13],  4495 ms
 9) [9,12],  2256 ms
10) [10,13],  6988 ms
11) [8,13],  1624 ms
12) [10,11],  2298 ms
13) [11,12],  4883 ms
14) [10,12],  516 ms
15) [10,14],  5010 ms
16) [10,10],  2260 ms
17) [10,9],  29 ms
18) [11,11],  901 ms
19) [12,10],  5017 ms
20) [13,13],  62 ms
21) [12,12],  4518 ms
22) [12,11],  32 ms
23) [13,11],  31 ms
24) [11,13],  31 ms
25) [12,13],  30 ms
26) [8,14],  31 ms
27) [7,15],  30 ms
28) [12,14],  32 ms
29) [13,15],  31 ms
30) [7,13],  32 ms
31) [11,9],  5016 ms
32) [14,12],  3170 ms
33) [9,7],  2191 ms
34) [10,8],  31 ms
35) [11,15],  2278 ms
36) [9,6],  5115 ms
37) [6,14],  5029 ms
38) [8,7],  10010 ms
39) [7,8],  3401 ms
40) [14,15],  10005 ms
41) [15,11],  2312 ms
42) [14,10],  9807 ms
43) [6,15],  3112 ms
44) [5,16],  10029 ms
45) [6,16],  34 ms
46) [6,17],  3425 ms
47) [8,16],  33 ms
48) [9,17],  10039 ms
49) [5,13],  33 ms
50) [4,12],  31 ms
51) [9,15],  61 ms
52) [8,15],  31 ms
53) [10,15],  33 ms
54) [12,15],  31 ms
55) [6,13],  33 ms
56) [6,12],  31 ms
57) [7,17],  35 ms
58) [6,18],  34 ms
59) [8,18],  33 ms
60) [5,15],  8190 ms
61) [7,16],  32 ms
62) [7,18],  40 ms
63) pbrain-pela:  I win !
63) [9,16],  36 ms
64) [10,16],  30 ms
65) [8,17],  76 ms
66) [11,14],  31 ms
67) [5,14],  31 ms
68) [9,18],  28 ms
69) [4,13],  29 ms

pela 5.0 wins

pela 10.0:  2511 ms/turn
pela 5.0:  1529 ms/turn
