 0) [8,10],  30 ms
 1) [8,11],  30 ms
 2) [7,11],  29 ms
 3) [7,10],  30 ms
 4) [6,12],  30 ms
 5) [5,13],  29 ms
 6) [6,14],  4419 ms
 7) [9,9],  5013 ms
 8) [9,12],  10001 ms
 9) [5,12],  4999 ms
10) [4,13],  3715 ms
11) [6,13],  1982 ms
12) [5,14],  9992 ms
13) [7,14],  5000 ms
14) [8,15],  10001 ms
15) [4,11],  1720 ms
16) [3,10],  28 ms
17) [3,12],  5018 ms
18) [5,10],  6480 ms
19) [8,12],  5005 ms
20) [3,9],  891 ms
21) [5,11],  4310 ms
22) [2,10],  170 ms
23) [6,10],  5019 ms
24) [1,10],  77 ms
25) [4,10],  28 ms
26) [3,8],  166 ms
27) [3,11],  35 ms
28) [1,11],  33 ms
29) [4,8],  2497 ms
30) [4,9],  30 ms
31) [2,7],  32 ms
32) [2,9],  29 ms
33) [1,9],  28 ms
34) [4,7],  28 ms
35) [5,6],  67 ms
36) [0,11],  33 ms

pela 10.0 wins

pela 10.0:  2430 ms/turn
pela 5.0:  2269 ms/turn
