 0) [9,8],  0 ms
 1) [8,8],  172 ms
 2) [8,9],  31 ms
 3) [9,9],  32 ms
 4) [7,7],  30 ms
 5) [7,8],  31 ms
 6) [6,7],  30 ms
 7) [8,7],  30 ms
 8) [4,9],  30 ms
 9) [5,8],  5011 ms
10) [4,8],  2905 ms
11) [4,10],  5016 ms
12) [6,9],  10032 ms
13) [6,10],  3072 ms
14) [5,11],  4413 ms
15) [5,9],  4516 ms
16) [4,7],  3416 ms
17) [5,7],  5021 ms
18) [5,6],  6958 ms
19) [6,5],  2687 ms
20) [3,8],  6766 ms
21) [2,7],  2131 ms
22) [3,10],  4045 ms
23) [3,11],  5021 ms
24) [2,12],  3710 ms
25) [2,9],  3893 ms
26) [4,6],  4224 ms
27) [4,5],  32 ms
28) [2,11],  3932 ms
29) [1,12],  5021 ms
30) [5,14],  6500 ms
31) [5,12],  5005 ms
32) [4,14],  10048 ms
33) [2,14],  5016 ms
34) [4,13],  33 ms
35) [3,12],  3509 ms
36) [5,15],  31 ms
37) [3,13],  2906 ms
38) [5,16],  32 ms
39) [5,17],  5035 ms
40) [4,16],  30 ms
41) [4,15],  31 ms
42) [6,14],  30 ms
43) [7,13],  31 ms
44) [7,14],  30 ms
45) [8,14],  29 ms
46) [3,14],  28 ms

pela 10.0 wins

pela 10.0:  2803 ms/turn
pela 5.0:  2749 ms/turn
