 0) [11,10],  30 ms
 1) [10,10],  1529 ms
 2) [9,9],  30 ms
 3) [10,9],  46 ms
 4) [10,11],  51 ms
 5) [9,11],  82 ms
 6) [11,9],  58 ms
 7) [11,12],  6589 ms
 8) [11,7],  3739 ms
 9) [11,8],  10036 ms
10) [8,11],  5012 ms
11) [10,8],  10000 ms
12) [10,7],  5032 ms
13) [9,12],  4833 ms
14) [9,14],  4394 ms
15) [11,14],  10008 ms
16) [11,13],  3527 ms
17) [12,15],  10022 ms
18) [10,13],  3401 ms
19) [9,13],  4356 ms
20) [8,12],  1742 ms
21) [8,9],  3850 ms
22) [13,8],  3847 ms
23) [14,7],  4295 ms
24) [13,9],  1757 ms
25) [13,7],  6975 ms
26) [14,8],  2377 ms
27) [12,10],  10019 ms
28) [9,15],  1537 ms
29) [10,14],  3560 ms
30) [13,14],  3742 ms
31) [12,12],  10005 ms
32) [13,12],  2170 ms
33) [13,11],  10003 ms
34) [16,7],  4999 ms
35) [17,8],  5997 ms
36) [12,14],  2281 ms
37) [13,15],  6905 ms
38) [14,15],  5006 ms
39) [14,13],  3121 ms
40) [14,12],  1662 ms
41) [15,11],  7053 ms
42) [11,11],  4799 ms
43) [12,7],  7242 ms
44) [13,6],  4999 ms
45) [12,8],  5394 ms
46) [12,9],  2411 ms
47) [8,15],  5446 ms
48) [8,14],  2120 ms
49) [8,10],  1866 ms
50) [8,8],  1897 ms
51) [12,16],  1519 ms
52) [13,17],  5005 ms
53) [14,9],  3375 ms
54) [16,6],  4923 ms
55) [17,5],  1219 ms
56) [7,7],  4720 ms
57) [6,6],  3529 ms
58) [6,8],  2474 ms
59) [8,7],  2569 ms
60) [11,17],  1894 ms
61) [10,16],  1206 ms
62) [9,16],  5014 ms
63) [9,17],  2469 ms
64) [15,14],  2373 ms
65) [12,17],  2128 ms
66) [16,13],  1477 ms
67) [17,12],  1820 ms
68) [16,11],  3762 ms
69) [16,14],  497 ms
70) [5,11],  5006 ms
71) [12,19],  60 ms
72) [12,18],  30 ms
73) [5,8],  1473 ms
74) [4,10],  33 ms
75) [5,9],  551 ms
76) [6,12],  33 ms
77) [7,13],  30 ms
78) [6,10],  33 ms
79) [7,9],  621 ms
80) [6,13],  41 ms
81) [6,11],  1096 ms
82) [7,12],  35 ms
83) [5,14],  664 ms
84) [3,10],  33 ms
85) [5,10],  30 ms
86) [5,12],  30 ms
87) [4,12],  31 ms
88) [4,11],  30 ms
89) [7,14],  31 ms
90) [2,9],  31 ms

pela 5.0 wins

pela 5.0:  2382 ms/turn
pela 10.0:  3870 ms/turn
