 0) [10,11],  31 ms
 1) [9,11],  320 ms
 2) [8,12],  30 ms
 3) [9,12],  30 ms
 4) [9,10],  30 ms
 5) [8,10],  30 ms
 6) [10,12],  30 ms
 7) [10,9],  5870 ms
 8) [10,14],  3845 ms
 9) [10,13],  10001 ms
10) [7,10],  5001 ms
11) [9,13],  10000 ms
12) [9,14],  3198 ms
13) [8,9],  9281 ms
14) [8,7],  5052 ms
15) [10,8],  3241 ms
16) [9,9],  5026 ms
17) [9,7],  4102 ms
18) [11,9],  3258 ms
19) [10,6],  10016 ms
20) [10,7],  5000 ms
21) [9,6],  8077 ms
22) [9,5],  1625 ms
23) [12,8],  5474 ms
24) [12,6],  5012 ms
25) [14,10],  3566 ms
26) [11,5],  4221 ms
27) [12,13],  1462 ms
28) [11,13],  1713 ms
29) [11,14],  627 ms
30) [12,15],  4919 ms
31) [14,11],  377 ms
32) [13,12],  3825 ms
33) [14,12],  47 ms
34) [14,9],  5026 ms
35) [15,11],  32 ms
36) [13,9],  2535 ms
37) [13,13],  32 ms
38) [16,10],  3466 ms
39) [12,11],  36 ms
40) [13,11],  2263 ms
41) pbrain-pela:  I win !
41) [14,14],  31 ms
42) [14,13],  33 ms
43) [12,14],  34 ms
44) [11,15],  30 ms
45) [12,12],  30 ms
46) [12,10],  31 ms
47) [11,11],  31 ms
48) [15,15],  30 ms
49) [10,10],  31 ms

pela 10.0 wins

pela 5.0:  2609 ms/turn
pela 10.0:  2911 ms/turn
