 0) [9,9],  31 ms
 1) [8,9],  982 ms
 2) [7,8],  30 ms
 3) [8,8],  30 ms
 4) [8,10],  97 ms
 5) [7,10],  90 ms
 6) [9,8],  93 ms
 7) [9,11],  7302 ms
 8) [9,6],  4413 ms
 9) [9,7],  10008 ms
10) [6,10],  5002 ms
11) [8,7],  3237 ms
12) [8,6],  1427 ms
13) [7,11],  5184 ms
14) [7,13],  5026 ms
15) [9,13],  3256 ms
16) [9,12],  4248 ms
17) [10,14],  10029 ms
18) [8,12],  4133 ms
19) [7,12],  5203 ms
20) [6,11],  2369 ms
21) [6,8],  5528 ms
22) [11,7],  5002 ms
23) [12,6],  6084 ms
24) [11,8],  2455 ms
25) [11,6],  10030 ms
26) [14,6],  3178 ms
27) [8,5],  5936 ms
28) [5,7],  5019 ms
29) [7,6],  4177 ms
30) [6,7],  1537 ms
31) [6,13],  6106 ms
32) [5,14],  1555 ms
33) [11,10],  6889 ms
34) [10,6],  1712 ms
35) [12,8],  4882 ms
36) [12,10],  2993 ms
37) [11,13],  8058 ms
38) [10,13],  3522 ms
39) [11,14],  10029 ms
40) [11,12],  5015 ms
41) [12,12],  37 ms
42) [9,15],  2817 ms
43) [13,11],  34 ms
44) [14,10],  31 ms
45) [13,14],  34 ms
46) [12,14],  4629 ms
47) [13,13],  32 ms
48) [13,12],  1737 ms
49) [11,11],  32 ms
50) [14,14],  4714 ms
51) pbrain-pela:  I win !
51) [10,11],  30 ms
52) [12,11],  30 ms
53) [8,11],  30 ms

pela 10.0 wins

pela 5.0:  2696 ms/turn
pela 10.0:  4195 ms/turn
