 0) [11,11],  32 ms
 1) [10,11],  177 ms
 2) [12,10],  30 ms
 3) [10,12],  30 ms
 4) [10,10],  2657 ms
 5) [12,12],  30 ms
 6) [9,12],  5010 ms
 7) [11,9],  10032 ms
 8) [8,10],  5000 ms
 9) [9,10],  3044 ms
10) [11,12],  3467 ms
11) [11,14],  4467 ms
12) [10,14],  4344 ms
13) [8,9],  3723 ms
14) [7,8],  1620 ms
15) [10,7],  3290 ms
16) [10,9],  4509 ms
17) [6,8],  3952 ms
18) [11,6],  4240 ms
19) [10,6],  10003 ms
20) [9,14],  5035 ms
21) [9,15],  5897 ms
22) [8,13],  5005 ms
23) [8,15],  3908 ms
24) [11,15],  5015 ms
25) [8,12],  3418 ms
26) [6,13],  2241 ms
27) [5,13],  5483 ms
28) [11,10],  5015 ms
29) [12,11],  10001 ms
30) [12,15],  5015 ms
31) [11,16],  7160 ms
32) [7,15],  2343 ms
33) [10,15],  7986 ms
34) [9,16],  3770 ms
35) [7,14],  5462 ms
36) [8,5],  5015 ms
37) [9,4],  9530 ms
38) [10,4],  2498 ms
39) [9,7],  5744 ms
40) [8,7],  4180 ms
41) [7,6],  7173 ms
42) [11,5],  1963 ms
43) [8,6],  3573 ms
44) [9,6],  4556 ms
45) [10,5],  9407 ms
46) [7,5],  1680 ms
47) [11,7],  8070 ms
48) [5,9],  3713 ms
49) [6,9],  2162 ms
50) [13,7],  4649 ms
51) [12,6],  1987 ms
52) [6,10],  3746 ms
53) [4,6],  2959 ms
54) [6,6],  4998 ms
55) [5,7],  5892 ms
56) [3,5],  5023 ms
57) [8,4],  5078 ms
58) [9,5],  3709 ms
59) [5,5],  4324 ms
60) [6,4],  2604 ms
61) [4,7],  3722 ms
62) [5,8],  1500 ms
63) [3,7],  3188 ms
64) [2,7],  3431 ms
65) [14,10],  2480 ms
66) [12,8],  3848 ms
67) [14,11],  1834 ms
68) [13,12],  5004 ms
69) [5,14],  2109 ms
70) [4,14],  2283 ms
71) [12,16],  1811 ms
72) [4,9],  5016 ms
73) [5,10],  1544 ms
74) [5,11],  1884 ms
75) [4,12],  1268 ms
76) [6,16],  5008 ms
77) [5,17],  571 ms
78) [13,8],  3770 ms
79) [14,8],  775 ms
80) [14,9],  5010 ms
81) [3,12],  315 ms
82) [2,11],  5013 ms
83) [3,10],  371 ms
84) [3,11],  3146 ms
85) [4,11],  550 ms
86) [2,13],  28 ms
87) [2,12],  343 ms
88) [5,12],  5000 ms
89) [15,10],  338 ms
90) [5,15],  2970 ms
91) [7,17],  257 ms
92) [15,9],  1671 ms
93) [13,9],  332 ms
94) [7,13],  5010 ms
95) [6,12],  236 ms
96) [14,7],  5015 ms
97) [15,6],  562 ms
98) [5,3],  5016 ms
99) [6,3],  197 ms
100) [6,17],  5006 ms
101) [6,14],  364 ms
102) [11,3],  5009 ms
103) [12,2],  301 ms
104) [16,9],  1576 ms
105) [13,6],  324 ms
106) [16,6],  5002 ms
107) [16,7],  277 ms
108) [14,5],  3049 ms
109) [11,2],  293 ms
110) [10,2],  2996 ms
111) [6,2],  239 ms
112) [12,4],  2753 ms
113) [13,5],  215 ms
114) [14,4],  5001 ms
115) [14,6],  105 ms
116) [2,6],  4994 ms
117) [4,2],  72 ms
118) [4,15],  3915 ms
119) [3,14],  153 ms
120) [13,4],  1591 ms
121) [11,4],  32 ms
122) [14,3],  5018 ms
123) [14,1],  77 ms
124) [15,4],  5002 ms
125) [16,4],  29 ms
126) [13,3],  2943 ms
127) [12,3],  106 ms
128) [13,2],  29 ms
129) [16,5],  96 ms
130) [8,0],  30 ms
131) [9,1],  38 ms
132) [15,5],  30 ms
133) [17,7],  30 ms
134) [11,0],  35 ms
135) [12,1],  29 ms
136) [15,1],  30 ms
137) [14,2],  31 ms
138) [15,2],  29 ms
139) [12,5],  30 ms
140) [15,3],  29 ms

pela 5.0 wins

pela 5.0:  3329 ms/turn
pela 10.0:  2565 ms/turn
