 0) [9,8],  1860 ms
 1) [8,8],  1887 ms
 2) [10,9],  30 ms
 3) [8,7],  29 ms
 4) [8,6],  4067 ms
 5) [10,8],  10000 ms
 6) [9,10],  4316 ms
 7) [8,11],  3137 ms
 8) [7,10],  1450 ms
 9) [6,11],  8725 ms
10) [8,10],  5045 ms
11) [10,10],  3842 ms
12) [7,11],  2104 ms
13) [9,9],  7502 ms
14) [11,11],  2932 ms
15) [6,10],  10025 ms
16) [7,9],  3452 ms
17) [7,8],  3579 ms
18) [6,9],  2399 ms
19) [7,13],  4713 ms
20) [11,12],  5001 ms
21) [9,11],  9985 ms
22) [8,12],  2852 ms
23) [7,7],  4964 ms
24) [6,6],  29 ms
25) [11,13],  4974 ms
26) [10,11],  562 ms
27) [12,13],  8867 ms
28) [10,12],  277 ms
29) [9,12],  9786 ms
30) [5,9],  258 ms
31) [4,9],  8806 ms
32) [9,13],  541 ms
33) [8,14],  7177 ms
34) [10,14],  53 ms
35) [11,15],  29 ms
36) [10,13],  51 ms
37) [10,15],  29 ms
38) [12,11],  34 ms
39) [13,10],  4065 ms
40) pbrain-pela:  I win !
40) [12,10],  30 ms
41) [13,9],  29 ms
42) [13,12],  31 ms
43) [11,10],  30 ms
44) [13,11],  29 ms
45) [14,11],  30 ms
46) [14,12],  29 ms
47) [12,12],  30 ms
48) [15,13],  30 ms
49) [16,14],  32 ms
50) [11,9],  28 ms

pela 5.0 wins

pela 5.0:  1441 ms/turn
pela 10.0:  4490 ms/turn
