 0) [9,8],  31 ms
 1) [8,8],  2679 ms
 2) [8,9],  29 ms
 3) [9,9],  29 ms
 4) [10,10],  29 ms
 5) [10,9],  29 ms
 6) [11,10],  28 ms
 7) [9,10],  29 ms
 8) [13,8],  29 ms
 9) [12,9],  10007 ms
10) [13,10],  5016 ms
11) [13,9],  5403 ms
12) [11,9],  29 ms
13) [11,8],  10006 ms
14) [8,11],  1803 ms
15) [8,12],  8926 ms
16) [7,10],  5007 ms
17) [6,11],  8699 ms
18) [12,6],  5005 ms
19) [10,7],  10015 ms
20) [13,5],  4483 ms
21) [14,6],  3825 ms
22) [13,3],  5006 ms
23) [15,3],  10001 ms
24) [11,5],  5046 ms
25) [12,5],  10001 ms
26) [12,4],  5031 ms
27) [10,6],  4791 ms
28) [13,6],  5007 ms
29) [13,7],  8553 ms
30) [11,7],  2322 ms
31) [10,8],  2672 ms
32) [10,5],  31 ms
33) [13,2],  10032 ms
34) [16,4],  5001 ms
35) [12,10],  6365 ms
36) [9,13],  5010 ms
37) [10,13],  4384 ms
38) [6,12],  5007 ms
39) [14,8],  2953 ms
40) [15,7],  1582 ms
41) [14,10],  6399 ms
42) [14,9],  1813 ms
43) [12,7],  3439 ms
44) [12,8],  4690 ms
45) [14,2],  2653 ms
46) [15,2],  5000 ms
47) [16,7],  3768 ms
48) [14,4],  5047 ms
49) [13,4],  6032 ms
50) [17,4],  3610 ms
51) [15,4],  3197 ms
52) [14,3],  2482 ms
53) [15,9],  5048 ms
54) [16,8],  5021 ms
55) [12,2],  3681 ms
56) [11,11],  5008 ms
57) [11,12],  2549 ms
58) [16,3],  1722 ms
59) [18,5],  1053 ms
60) [17,5],  2213 ms
61) [17,7],  3260 ms
62) [11,2],  2137 ms
63) [11,3],  2186 ms
64) [9,14],  1738 ms
65) [12,12],  2471 ms
66) [12,13],  4987 ms
67) [14,12],  786 ms
68) [13,12],  3199 ms
69) [16,10],  318 ms
70) [17,11],  28 ms
71) [15,11],  78 ms
72) [13,0],  4998 ms
73) [14,1],  28 ms
74) [17,9],  5019 ms
75) pbrain-pela:  I win !
75) [13,11],  28 ms
76) [11,13],  29 ms
77) [17,13],  28 ms
78) [16,12],  29 ms
79) [13,13],  29 ms
80) [12,14],  27 ms
81) [15,13],  43 ms
82) [16,14],  45 ms
83) [15,12],  28 ms
84) [15,10],  28 ms
85) [14,13],  28 ms
86) [16,13],  28 ms
87) [15,15],  44 ms
88) [15,14],  28 ms
89) [14,14],  28 ms
90) [16,16],  28 ms
91) [14,11],  28 ms

pela 10.0 wins

pela 5.0:  2597 ms/turn
pela 10.0:  3622 ms/turn
