 0) [9,8],  165 ms
 1) [8,8],  17520 ms
 2) [10,9],  31 ms
 3) [8,7],  30 ms
 4) [8,6],  4329 ms
 5) [10,8],  10007 ms
 6) [9,10],  4780 ms
 7) [8,11],  3827 ms
 8) [7,10],  1523 ms
 9) [6,11],  8860 ms
10) [8,10],  5011 ms
11) [10,10],  3724 ms
12) [7,11],  2053 ms
13) [9,9],  7521 ms
14) [11,11],  2814 ms
15) [6,10],  10031 ms
16) [7,9],  3527 ms
17) [7,8],  3866 ms
18) [6,9],  2443 ms
19) [7,13],  4625 ms
20) [11,12],  5023 ms
21) [9,11],  10001 ms
22) [8,12],  2799 ms
23) [7,7],  5216 ms
24) [6,6],  29 ms
25) [11,13],  4761 ms
26) [10,11],  637 ms
27) [12,13],  9044 ms
28) [10,12],  300 ms
29) [9,12],  9755 ms
30) [5,9],  271 ms
31) [4,9],  8269 ms
32) [9,13],  460 ms
33) [8,14],  6978 ms
34) [10,14],  51 ms
35) [11,15],  28 ms
36) [10,13],  58 ms
37) [10,15],  28 ms
38) [12,11],  33 ms
39) [13,10],  4053 ms
40) pbrain-pela:  I win !
40) [12,10],  28 ms
41) [13,9],  28 ms
42) [13,12],  28 ms
43) [11,10],  28 ms
44) [13,11],  29 ms
45) [14,11],  27 ms
46) [14,12],  28 ms
47) [12,12],  29 ms
48) [15,13],  28 ms
49) [16,14],  28 ms
50) [11,9],  28 ms

pela 5.0 wins

pela 5.0:  1404 ms/turn
pela 10.0:  5131 ms/turn
