 0) [9,10],  30 ms
 1) [10,11],  30 ms
 2) [8,11],  30 ms
 3) [10,9],  30 ms
 4) [8,12],  30 ms
 5) [9,9],  31 ms
 6) [10,12],  30 ms
 7) [8,9],  31 ms
 8) [7,9],  2132 ms
 9) [8,10],  10008 ms
10) [9,12],  368 ms
11) [7,12],  10036 ms
12) [11,12],  89 ms
13) [12,12],  30 ms
14) [10,13],  40 ms
15) [11,14],  3738 ms
16) [9,14],  31 ms
17) [11,9],  3151 ms
18) [12,9],  31 ms
19) [8,15],  3937 ms
20) [9,13],  34 ms
21) [9,11],  66 ms
22) [11,13],  55 ms
23) [8,13],  9172 ms
24) [7,11],  48 ms
25) [6,10],  8020 ms
26) [9,15],  37 ms
27) [9,16],  31 ms
28) [8,14],  36 ms
29) [7,15],  30 ms
30) [10,14],  30 ms
31) [11,15],  32 ms
32) [10,16],  31 ms
33) [10,15],  31 ms
34) [7,13],  30 ms
35) [11,17],  31 ms
36) [6,12],  30 ms

pela 5.0 wins

pela 5.0:  165 ms/turn
pela 10.0:  2690 ms/turn
