 0) [11,9],  31 ms
 1) [10,10],  33 ms
 2) [10,8],  30 ms
 3) [12,10],  30 ms
 4) [9,8],  31 ms
 5) [12,9],  33 ms
 6) [9,10],  32 ms
 7) [12,8],  31 ms
 8) [12,7],  1701 ms
 9) [11,8],  9993 ms
10) [9,9],  482 ms
11) [9,7],  10009 ms
12) [9,11],  111 ms
13) [9,12],  33 ms
14) [8,10],  118 ms
15) [7,11],  5386 ms
16) [7,9],  56 ms
17) [12,11],  4044 ms
18) [12,12],  30 ms
19) [6,8],  10023 ms
20) [8,9],  38 ms
21) [10,9],  30 ms
22) [11,7],  33 ms
23) [12,6],  30 ms
24) [10,7],  33 ms
25) [7,10],  2998 ms
26) [6,9],  29 ms
27) [5,9],  30 ms
28) [11,6],  40 ms
29) [12,5],  43 ms
30) [7,8],  73 ms
31) [10,11],  5058 ms
32) [5,6],  29 ms
33) [6,7],  28 ms
34) [10,12],  29 ms
35) [11,13],  29 ms
36) [11,10],  3642 ms
37) [8,7],  6162 ms
38) [7,7],  4146 ms
39) [7,6],  6450 ms
40) [13,10],  2514 ms
41) [10,5],  3572 ms
42) [11,5],  1599 ms
43) [11,4],  4594 ms
44) [12,4],  2520 ms
45) [12,3],  3541 ms
46) [9,6],  29 ms
47) [10,3],  2080 ms
48) [14,7],  4049 ms
49) [13,7],  30 ms
50) [9,2],  1730 ms
51) [13,2],  677 ms
52) [14,1],  30 ms
53) [13,3],  160 ms
54) [11,3],  4315 ms
55) [13,4],  72 ms
56) [13,1],  3392 ms
57) [14,5],  35 ms
58) [11,2],  5007 ms
59) [13,5],  40 ms
60) [13,6],  28 ms
61) [16,5],  31 ms
62) [15,5],  29 ms
63) [14,3],  31 ms
64) [15,4],  2199 ms
65) [15,6],  28 ms
66) [16,7],  30 ms
67) [15,2],  29 ms
68) [16,1],  28 ms
69) [15,3],  29 ms
70) [16,3],  28 ms
71) [16,2],  29 ms
72) [14,4],  28 ms
73) [14,2],  28 ms
74) [17,2],  29 ms
75) [12,2],  28 ms

pela 10.0 wins

pela 5.0:  1007 ms/turn
pela 10.0:  1987 ms/turn
