 0) [11,10],  30 ms
 1) [11,11],  30 ms
 2) [12,12],  31 ms
 3) [12,11],  57 ms
 4) [10,11],  32 ms
 5) [9,12],  31 ms
 6) [14,10],  4804 ms
 7) [12,10],  3018 ms
 8) [9,13],  4840 ms
 9) [10,13],  4234 ms
10) [7,11],  5035 ms
11) [13,11],  10061 ms
12) [13,10],  2889 ms
13) [15,11],  10015 ms
14) [14,11],  32 ms
15) [12,9],  6316 ms
16) [14,12],  2132 ms
17) [14,13],  10041 ms
18) [12,7],  4640 ms
19) [14,9],  4274 ms
20) [13,9],  5025 ms
21) [12,15],  5549 ms
22) [11,14],  1583 ms
23) [13,12],  9946 ms
24) [15,14],  5012 ms
25) [6,12],  7541 ms
26) [6,11],  3522 ms
27) [8,11],  10049 ms
28) [13,6],  2289 ms
29) [13,7],  9482 ms
30) [16,13],  3605 ms
31) [17,14],  10003 ms
32) [12,6],  4504 ms
33) [14,6],  10013 ms
34) [14,5],  5000 ms
35) [7,10],  9916 ms
36) [6,9],  38 ms
37) [11,8],  8493 ms
38) [12,5],  3189 ms
39) [12,4],  2271 ms
40) [13,5],  5010 ms
41) [15,5],  4188 ms
42) [12,8],  2687 ms
43) [10,6],  442 ms
44) [11,4],  3364 ms
45) [10,3],  6288 ms
46) [11,5],  2647 ms
47) [10,5],  32 ms
48) [10,4],  4925 ms
49) [11,3],  1686 ms
50) [8,3],  1949 ms
51) [9,6],  5152 ms
52) [10,7],  2475 ms
53) [15,8],  2983 ms
54) [5,10],  5012 ms
55) [7,8],  4000 ms
56) [14,4],  1463 ms
57) [15,3],  1756 ms
58) [10,8],  642 ms
59) [11,7],  31 ms
60) [7,12],  92 ms
61) [16,4],  248 ms
62) [17,3],  30 ms
63) [8,13],  175 ms
64) [4,9],  38 ms
65) [3,8],  30 ms
66) [5,9],  38 ms
67) [3,9],  1249 ms
68) [6,10],  30 ms
69) [8,12],  32 ms
70) [10,9],  31 ms
71) [10,10],  31 ms
72) [6,7],  31 ms
73) [6,8],  30 ms
74) [8,9],  29 ms
75) [7,9],  29 ms
76) [9,8],  29 ms
77) [11,6],  29 ms
78) [7,6],  29 ms
79) [8,7],  29 ms
80) [5,8],  37 ms
81) [8,5],  28 ms
82) [3,10],  30 ms

pela 5.0 wins

pela 5.0:  2115 ms/turn
pela 10.0:  3897 ms/turn
