 0) [9,12],  31 ms
 1) [8,12],  182 ms
 2) [9,11],  29 ms
 3) [9,10],  30 ms
 4) [10,12],  5007 ms
 5) [11,13],  3780 ms
 6) [13,12],  2056 ms
 7) [12,12],  3825 ms
 8) [10,14],  3310 ms
 9) [10,13],  4715 ms
10) [13,13],  4530 ms
11) [13,14],  3550 ms
12) [14,12],  1526 ms
13) [15,11],  6277 ms
14) [14,15],  4045 ms
15) [14,13],  5417 ms
16) [12,15],  5014 ms
17) [11,15],  4507 ms
18) [11,12],  5011 ms
19) [15,13],  8375 ms
20) [15,10],  3438 ms
21) [13,10],  6064 ms
22) [11,8],  1583 ms
23) [12,16],  8127 ms
24) [11,17],  2846 ms
25) [13,16],  10002 ms
26) [11,16],  4299 ms
27) [10,17],  9998 ms
28) [9,14],  2456 ms
29) [8,14],  9094 ms
30) [8,11],  3538 ms
31) [11,11],  10007 ms
32) [8,13],  2378 ms
33) [10,15],  10011 ms
34) [13,9],  2567 ms
35) [14,11],  3301 ms
36) [16,11],  1413 ms
37) [14,9],  5654 ms
38) [17,12],  5003 ms
39) [7,14],  4136 ms
40) [11,7],  2559 ms
41) [10,10],  8209 ms
42) [11,10],  1629 ms
43) [12,9],  4768 ms
44) [12,11],  5012 ms
45) [10,9],  2858 ms
46) [16,12],  5001 ms
47) [15,12],  29 ms
48) [16,13],  29 ms
49) [16,14],  3516 ms
50) [15,14],  5004 ms
51) [18,11],  30 ms
52) [12,8],  5017 ms
53) [10,6],  6218 ms
54) [10,8],  2275 ms
55) [13,8],  5335 ms
56) [11,6],  41 ms
57) [11,9],  30 ms
58) [11,5],  31 ms
59) [11,4],  30 ms
60) [9,9],  30 ms
61) [12,6],  37 ms
62) [7,11],  30 ms
63) [8,10],  46 ms
64) [6,11],  31 ms
65) [10,11],  32 ms
66) [5,11],  31 ms

pela 5.0 wins

pela 5.0:  2552 ms/turn
pela 10.0:  4490 ms/turn
