 0) [12,12],  0 ms
 1) [11,12],  204 ms
 2) [11,13],  30 ms
 3) [12,13],  31 ms
 4) [13,14],  32 ms
 5) [13,13],  29 ms
 6) [14,14],  31 ms
 7) [12,14],  30 ms
 8) [16,12],  30 ms
 9) [15,13],  4121 ms
10) [16,14],  2959 ms
11) [16,13],  10001 ms
12) [14,13],  28 ms
13) [14,12],  4364 ms
14) [11,15],  1600 ms
15) [11,16],  4923 ms
16) [10,14],  5008 ms
17) [9,15],  8136 ms
18) [15,10],  5036 ms
19) [14,10],  6502 ms
20) [15,14],  2973 ms
21) [17,14],  29 ms
22) [16,11],  3606 ms
23) [15,12],  4811 ms
24) [18,15],  2776 ms
25) [9,13],  10040 ms
26) [9,16],  3660 ms
27) [8,14],  10028 ms
28) [8,13],  4948 ms
29) [10,12],  636 ms
30) [11,11],  5009 ms
31) [7,13],  1078 ms
32) [10,16],  5017 ms
33) [7,15],  58 ms
34) [6,16],  30 ms
35) [7,12],  1836 ms
36) [7,16],  3341 ms
37) [8,16],  32 ms
38) [6,14],  5000 ms
39) pbrain-pela:  I win !
39) [5,11],  30 ms
40) [6,12],  30 ms
41) [8,12],  30 ms
42) [9,12],  30 ms
43) [7,11],  31 ms
44) [7,14],  32 ms
45) [7,9],  30 ms
46) [7,10],  31 ms
47) [6,10],  32 ms
48) [5,9],  30 ms
49) [4,12],  30 ms
50) [8,8],  30 ms
51) [3,13],  29 ms

pela 10.0 wins

pela 5.0:  1972 ms/turn
pela 10.0:  2580 ms/turn
