 0) [11,10],  0 ms
 1) [10,10],  1042 ms
 2) [11,9],  30 ms
 3) [11,8],  37 ms
 4) [10,7],  1896 ms
 5) [8,8],  4961 ms
 6) [9,9],  4481 ms
 7) [10,9],  4911 ms
 8) [12,7],  5004 ms
 9) [11,7],  10002 ms
10) [8,11],  2090 ms
11) [8,9],  3030 ms
12) [7,8],  5004 ms
13) [9,12],  5281 ms
14) [10,5],  4230 ms
15) [9,4],  3745 ms
16) [12,5],  5031 ms
17) [12,6],  4709 ms
18) [7,7],  2527 ms
19) [7,6],  3898 ms
20) [10,4],  3162 ms
21) [10,8],  3364 ms
22) [9,8],  1674 ms
23) [9,5],  3578 ms
24) [8,5],  4155 ms
25) [10,12],  7120 ms
26) [10,11],  29 ms
27) [10,6],  6348 ms
28) [8,4],  5043 ms
29) [9,11],  10032 ms
30) [9,7],  3654 ms
31) [9,6],  7564 ms
32) [8,6],  3782 ms
33) [8,3],  10001 ms
34) [8,12],  5002 ms
35) [8,13],  6037 ms
36) [9,14],  2207 ms
37) [14,5],  4073 ms
38) [13,6],  3003 ms
39) [13,4],  3617 ms
40) [14,4],  5024 ms
41) [14,7],  10000 ms
42) [12,8],  5017 ms
43) [12,12],  2873 ms
44) [13,12],  1935 ms
45) [11,13],  3310 ms
46) [12,14],  3357 ms
47) [13,11],  7106 ms
48) [14,10],  4221 ms
49) [15,10],  3376 ms
50) [15,5],  3083 ms
51) [14,6],  4282 ms
52) [14,8],  5020 ms
53) [16,6],  1916 ms
54) [16,7],  5006 ms
55) [15,11],  2796 ms
56) [10,14],  1790 ms
57) [11,14],  4862 ms
58) [10,13],  1662 ms
59) [7,11],  4065 ms
60) [9,3],  5014 ms
61) [11,1],  2418 ms
62) [15,8],  5003 ms
63) [13,8],  3568 ms
64) [7,5],  1834 ms
65) [6,6],  2962 ms
66) [15,6],  5012 ms
67) [15,7],  2226 ms
68) [17,9],  5009 ms
69) [6,7],  2984 ms
70) [6,5],  5001 ms
71) [6,4],  2547 ms
72) [18,9],  1421 ms
73) [17,8],  1713 ms
74) [11,15],  3318 ms
75) [8,10],  806 ms
76) [7,9],  28 ms
77) [14,9],  1857 ms
78) [16,11],  5030 ms
79) [12,15],  1577 ms
80) [10,16],  122 ms
81) [9,17],  1347 ms
82) [12,16],  30 ms
83) [9,13],  29 ms
84) [13,13],  31 ms
85) [14,12],  29 ms
86) [15,12],  32 ms
87) [17,10],  29 ms
88) [10,17],  32 ms
89) [10,15],  29 ms
90) [12,11],  32 ms
91) [11,12],  384 ms
92) [14,13],  32 ms
93) [15,14],  28 ms
94) [12,10],  31 ms
95) [12,9],  28 ms
96) [13,16],  32 ms
97) [9,16],  44 ms
98) [14,18],  29 ms
99) [13,17],  29 ms
100) [13,15],  34 ms
101) [13,14],  28 ms
102) [14,16],  28 ms
103) [11,16],  29 ms
104) [15,17],  29 ms
105) [16,18],  29 ms
106) [16,16],  28 ms
107) [15,16],  29 ms
108) [17,15],  29 ms
109) [18,14],  29 ms
110) [13,19],  28 ms

pela 5.0 wins

pela 5.0:  2417 ms/turn
pela 10.0:  3140 ms/turn
