 0) [12,9],  31 ms
 1) [11,9],  1953 ms
 2) [11,10],  43 ms
 3) [12,10],  98 ms
 4) [10,11],  29 ms
 5) [9,12],  29 ms
 6) [10,13],  4996 ms
 7) [13,8],  10018 ms
 8) [13,11],  3662 ms
 9) [9,11],  10008 ms
10) [8,12],  4496 ms
11) [10,12],  8184 ms
12) [9,13],  1505 ms
13) [11,13],  6759 ms
14) [12,14],  5009 ms
15) [7,11],  9607 ms
16) [8,10],  3142 ms
17) [11,8],  3438 ms
18) [14,8],  1968 ms
19) [9,10],  10001 ms
20) [9,8],  3253 ms
21) [12,11],  10013 ms
22) [12,7],  5000 ms
23) [12,6],  9274 ms
24) [11,15],  5007 ms
25) [10,14],  4051 ms
26) [12,15],  1455 ms
27) [9,15],  5201 ms
28) [8,16],  4068 ms
29) [12,16],  3511 ms
30) [13,13],  60 ms
31) [14,12],  3513 ms
32) [13,14],  64 ms
33) [13,12],  6175 ms
34) [11,16],  38 ms
35) [10,17],  10004 ms
36) [8,13],  47 ms
37) [8,11],  31 ms
38) pbrain-pela:  I win !
38) [10,16],  30 ms
39) [9,17],  31 ms
40) [8,15],  31 ms
41) [8,14],  32 ms
42) [7,16],  31 ms
43) [9,16],  31 ms
44) [9,14],  30 ms
45) [11,12],  32 ms
46) [6,17],  31 ms

pela 5.0 wins

pela 5.0:  1834 ms/turn
pela 10.0:  4869 ms/turn
