 0) [8,12],  30 ms
 1) [7,12],  175 ms
 2) [9,11],  30 ms
 3) [7,13],  31 ms
 4) [7,14],  2660 ms
 5) [9,12],  6632 ms
 6) [8,10],  3491 ms
 7) [7,9],  10016 ms
 8) [6,10],  5026 ms
 9) [5,9],  6876 ms
10) [7,10],  5040 ms
11) [9,10],  3170 ms
12) [6,9],  5009 ms
13) [8,11],  6510 ms
14) [10,9],  2649 ms
15) [5,10],  10029 ms
16) [6,11],  2224 ms
17) [6,12],  3065 ms
18) [5,11],  2251 ms
19) [6,8],  4450 ms
20) [10,12],  3080 ms
21) [10,11],  10009 ms
22) [9,13],  4889 ms
23) [7,11],  4842 ms
24) [11,11],  136 ms
25) [12,10],  4338 ms
26) [8,14],  118 ms
27) [7,15],  29 ms
28) [11,13],  52 ms
29) [12,14],  31 ms
30) [10,14],  43 ms
31) [11,14],  7613 ms
32) [6,14],  46 ms
33) [9,14],  29 ms
34) [8,16],  39 ms
35) [9,15],  10025 ms
36) [5,12],  35 ms
37) [4,13],  29 ms
38) [8,15],  29 ms
39) [8,13],  29 ms
40) [6,13],  28 ms
41) [9,16],  29 ms
42) [4,11],  29 ms

pela 5.0 wins

pela 5.0:  1678 ms/turn
pela 10.0:  4188 ms/turn
