 0) [10,8],  30 ms
 1) [9,8],  1029 ms
 2) [8,9],  30 ms
 3) [9,9],  30 ms
 4) [9,10],  54 ms
 5) [10,10],  30 ms
 6) [8,8],  31 ms
 7) [8,11],  6232 ms
 8) [8,6],  4279 ms
 9) [8,7],  10003 ms
10) [11,10],  5011 ms
11) [9,7],  10032 ms
12) [9,6],  5008 ms
13) [10,11],  6747 ms
14) [10,13],  5012 ms
15) [5,7],  9847 ms
16) [6,7],  2353 ms
17) [5,6],  4965 ms
18) [5,5],  1932 ms
19) [8,5],  8025 ms
20) [11,13],  2458 ms
21) [11,12],  5619 ms
22) [12,12],  3075 ms
23) [9,13],  4285 ms
24) [7,11],  2328 ms
25) [10,14],  9623 ms
26) [8,14],  5015 ms
27) [4,6],  10001 ms
28) [6,6],  4961 ms
29) [4,4],  3495 ms
30) [4,7],  3282 ms
31) [9,11],  10013 ms
32) [12,11],  5000 ms
33) [14,13],  6404 ms
34) [6,12],  4605 ms
35) [7,13],  10007 ms
36) [8,12],  1608 ms
37) [7,6],  9080 ms
38) [6,5],  1650 ms
39) [6,8],  4930 ms
40) [3,5],  4303 ms
41) [4,5],  7089 ms
42) [6,13],  3174 ms
43) [5,12],  6079 ms
44) [3,4],  3087 ms
45) [6,10],  4389 ms
46) [3,6],  3919 ms
47) [3,3],  2232 ms
48) [12,10],  5012 ms
49) [12,9],  4266 ms
50) [14,10],  2749 ms
51) [13,11],  3642 ms
52) [15,11],  2712 ms
53) [12,13],  3131 ms
54) [13,14],  5017 ms
55) [2,5],  1770 ms
56) [13,9],  5011 ms
57) [4,3],  1017 ms
58) [4,2],  30 ms
59) [7,9],  1247 ms
60) [8,10],  30 ms
61) [16,12],  2098 ms
62) [15,10],  188 ms
63) [13,10],  29 ms
64) [15,12],  4153 ms
65) [15,9],  1802 ms
66) [15,14],  610 ms
67) [15,13],  30 ms
68) [14,14],  100 ms
69) [12,14],  835 ms
70) [11,7],  84 ms
71) [12,8],  30 ms
72) [13,13],  52 ms
73) [11,9],  782 ms
74) [13,7],  31 ms
75) [15,15],  940 ms
76) [13,16],  37 ms
77) [13,15],  1147 ms
78) [6,4],  37 ms
79) [6,3],  30 ms
80) [17,14],  30 ms
81) [16,14],  30 ms
82) [3,8],  31 ms
83) [3,7],  32 ms
84) [4,14],  30 ms
85) [5,13],  30 ms
86) [5,3],  1894 ms
87) [7,5],  30 ms
88) [16,15],  5008 ms
89) [5,10],  343 ms
90) [5,9],  5010 ms
91) [4,10],  36 ms
92) [3,1],  3482 ms
93) [2,0],  29 ms
94) [3,10],  2524 ms
95) pbrain-pela:  I win !
95) [7,8],  29 ms
96) [7,7],  29 ms
97) [5,11],  29 ms
98) [5,14],  31 ms
99) [4,11],  30 ms
100) [6,9],  31 ms
101) [4,12],  30 ms
102) [3,13],  30 ms
103) [4,9],  31 ms
104) [4,13],  29 ms
105) [4,8],  29 ms

pela 10.0 wins

pela 5.0:  2192 ms/turn
pela 10.0:  3277 ms/turn
