 0) [9,11],  32 ms
 1) [8,11],  274 ms
 2) [7,12],  31 ms
 3) [8,12],  30 ms
 4) [8,10],  32 ms
 5) [7,10],  31 ms
 6) [9,12],  34 ms
 7) [9,9],  6337 ms
 8) [9,14],  4096 ms
 9) [9,13],  10030 ms
10) [6,10],  5009 ms
11) [8,13],  10041 ms
12) [8,14],  2563 ms
13) [7,9],  7570 ms
14) [7,7],  4850 ms
15) [9,8],  10031 ms
16) [8,9],  5009 ms
17) [8,7],  3646 ms
18) [10,9],  2832 ms
19) [9,6],  10008 ms
20) [9,7],  5016 ms
21) [8,6],  5367 ms
22) [8,5],  5008 ms
23) [11,8],  3470 ms
24) [11,6],  5014 ms
25) [12,9],  10010 ms
26) [13,10],  5000 ms
27) [7,8],  10001 ms
28) [6,9],  5016 ms
29) [6,12],  4055 ms
30) [10,5],  1920 ms
31) [9,4],  9629 ms
32) [13,11],  5006 ms
33) [10,14],  10016 ms
34) [11,15],  5016 ms
35) [13,12],  9922 ms
36) [10,8],  4565 ms
37) [10,7],  5079 ms
38) [12,10],  989 ms
39) [11,9],  32 ms
40) [14,10],  946 ms
41) [15,10],  6439 ms
42) [15,9],  112 ms
43) [12,12],  5006 ms
44) [11,11],  42 ms
45) [10,12],  1870 ms
46) [10,13],  4492 ms
47) [11,12],  5867 ms
48) [14,12],  31 ms
49) [14,11],  5032 ms
50) [12,13],  31 ms
51) [13,13],  1924 ms
52) [13,8],  963 ms
53) [16,9],  3570 ms
54) [17,8],  32 ms
55) [14,8],  3543 ms
56) [13,7],  771 ms
57) [13,9],  29 ms
58) [17,7],  240 ms
59) [16,8],  30 ms
60) [14,9],  421 ms
61) [12,7],  31 ms
62) [11,10],  301 ms
63) [10,10],  31 ms
64) [16,7],  95 ms
65) [15,8],  1205 ms
66) [10,11],  70 ms
67) [12,11],  30 ms
68) [15,6],  67 ms
69) [14,5],  1051 ms
70) [14,7],  36 ms
71) [15,7],  31 ms
72) [17,6],  52 ms
73) [17,5],  928 ms
74) [16,6],  30 ms
75) [14,6],  769 ms
76) [17,9],  30 ms
77) [17,10],  35 ms
78) [18,6],  34 ms
79) [19,6],  30 ms
80) [18,8],  31 ms
81) [15,5],  30 ms
82) [18,9],  31 ms
83) [19,10],  29 ms
84) [18,7],  29 ms
85) [18,10],  28 ms
86) [18,5],  31 ms

pela 5.0 wins

pela 5.0:  1726 ms/turn
pela 10.0:  3793 ms/turn
