 0) [11,11],  34 ms
 1) [10,11],  262 ms
 2) [9,12],  31 ms
 3) [10,12],  30 ms
 4) [10,13],  29 ms
 5) [11,13],  31 ms
 6) [9,11],  29 ms
 7) [9,14],  3954 ms
 8) [9,9],  2775 ms
 9) [9,10],  10030 ms
10) [12,13],  5032 ms
11) [10,10],  10016 ms
12) [10,9],  5015 ms
13) [11,14],  6441 ms
14) [11,16],  4903 ms
15) [6,10],  8698 ms
16) [7,10],  2712 ms
17) [6,9],  5145 ms
18) [6,8],  2164 ms
19) [9,8],  8646 ms
20) [12,16],  2661 ms
21) [13,16],  4251 ms
22) [7,11],  2237 ms
23) [7,9],  4212 ms
24) [5,9],  2666 ms
25) [7,7],  4928 ms
26) [9,7],  5046 ms
27) [11,9],  2933 ms
28) [7,8],  5010 ms
29) [4,8],  4832 ms
30) [8,14],  2708 ms
31) [7,13],  5276 ms
32) [12,10],  5008 ms
33) [13,15],  7362 ms
34) [12,14],  5013 ms
35) [12,15],  10016 ms
36) [14,17],  1464 ms
37) [2,10],  10005 ms
38) [4,12],  5002 ms
39) [8,10],  10015 ms
40) [15,16],  5000 ms
41) [12,12],  9001 ms
42) [4,13],  5000 ms
43) [5,12],  4482 ms
44) [3,9],  4990 ms
45) [6,13],  4622 ms
46) [14,15],  3763 ms
47) [13,14],  6396 ms
48) [13,13],  1786 ms
49) [14,18],  5495 ms
50) [13,17],  5000 ms
51) [14,12],  1437 ms
52) [10,14],  5002 ms
53) [11,15],  2781 ms
54) [6,11],  1406 ms
55) [4,11],  4094 ms
56) [3,10],  2537 ms
57) [8,11],  2620 ms
58) [5,14],  3137 ms
59) [3,12],  2397 ms
60) [5,8],  4830 ms
61) [5,6],  1459 ms
62) [4,14],  5005 ms
63) [6,14],  2579 ms
64) [8,15],  4367 ms
65) [4,16],  2226 ms
66) [5,15],  2748 ms
67) [13,12],  1894 ms
68) [11,12],  30 ms
69) [15,12],  1626 ms
70) [16,12],  30 ms
71) [14,13],  804 ms
72) [16,11],  30 ms
73) [9,16],  587 ms
74) [9,15],  3686 ms
75) [7,15],  1201 ms
76) [4,9],  37 ms
77) [2,11],  922 ms
78) [2,9],  31 ms
79) [1,9],  29 ms
80) [16,17],  35 ms
81) [15,17],  863 ms
82) [16,13],  33 ms
83) [16,14],  396 ms
84) [5,10],  38 ms
85) [3,8],  31 ms
86) [8,13],  32 ms
87) [7,12],  30 ms
88) [8,16],  29 ms
89) [8,17],  31 ms
90) [8,12],  30 ms

pela 5.0 wins

pela 5.0:  2568 ms/turn
pela 10.0:  3890 ms/turn
