 0) [12,9],  32 ms
 1) [11,10],  34 ms
 2) [12,8],  33 ms
 3) [12,7],  33 ms
 4) [13,9],  2454 ms
 5) [14,9],  33 ms
 6) [14,7],  4758 ms
 7) [14,10],  9066 ms
 8) [15,10],  5045 ms
 9) [15,6],  10020 ms
10) [13,6],  1834 ms
11) [12,5],  10010 ms
12) [15,7],  5016 ms
13) [14,8],  10019 ms
14) [16,7],  4132 ms
15) [17,7],  9994 ms
16) [14,12],  3094 ms
17) [15,12],  5744 ms
18) [10,5],  3533 ms
19) [10,6],  4570 ms
20) [9,8],  2851 ms
21) [9,9],  10002 ms
22) [13,7],  2891 ms
23) [13,8],  7106 ms
24) [16,8],  1686 ms
25) [14,6],  7559 ms
26) [12,12],  4999 ms
27) [12,11],  7646 ms
28) [13,10],  5011 ms
29) [13,13],  7581 ms
30) [16,9],  2191 ms
31) [16,10],  7362 ms
32) [8,7],  4971 ms
33) [7,8],  4544 ms
34) [15,8],  1862 ms
35) [17,10],  31 ms
36) [14,13],  1860 ms
37) [14,11],  3473 ms
38) [8,9],  5009 ms
39) [10,7],  8253 ms
40) [15,5],  5013 ms
41) [7,7],  4906 ms
42) [10,10],  5017 ms
43) [15,11],  5784 ms
44) [13,11],  2216 ms
45) [11,9],  6594 ms
46) [11,7],  5001 ms
47) [15,15],  2810 ms
48) [17,11],  2472 ms
49) [6,8],  2932 ms
50) [8,6],  1740 ms
51) [8,8],  2557 ms
52) [7,9],  3213 ms
53) [12,4],  1422 ms
54) [12,3],  5011 ms
55) [11,4],  4281 ms
56) [13,3],  2346 ms
57) [16,6],  2456 ms
58) [5,8],  2342 ms
59) [13,4],  2912 ms
60) [14,4],  5007 ms
61) [15,3],  2729 ms
62) [18,6],  5007 ms
63) [7,6],  1808 ms
64) [9,4],  5004 ms
65) [8,3],  1364 ms
66) [6,6],  3275 ms
67) [7,3],  986 ms
68) [7,5],  5016 ms
69) [9,3],  1054 ms
70) [10,3],  5009 ms
71) [14,3],  1212 ms
72) [11,6],  30 ms
73) [6,4],  1463 ms
74) [8,2],  2075 ms
75) [14,14],  1377 ms
76) [15,14],  3067 ms
77) [16,15],  1183 ms
78) [16,16],  1692 ms
79) [11,2],  739 ms
80) [6,9],  5006 ms
81) [4,9],  792 ms
82) [11,12],  5005 ms
83) [10,12],  782 ms
84) [17,5],  1731 ms
85) [4,10],  675 ms
86) [5,7],  1487 ms
87) [4,8],  537 ms
88) [4,7],  5011 ms
89) [7,10],  505 ms
90) [3,11],  5010 ms
91) [3,6],  438 ms
92) [2,6],  3922 ms
93) [16,5],  376 ms
94) [13,2],  2485 ms
95) [3,9],  327 ms
96) [5,10],  1492 ms
97) [5,9],  159 ms
98) [5,11],  4414 ms
99) [6,11],  251 ms
100) [3,12],  5018 ms
101) [2,13],  218 ms
102) [3,13],  1403 ms
103) [2,9],  130 ms
104) [1,9],  30 ms
105) [4,12],  120 ms
106) [4,11],  30 ms
107) [3,14],  78 ms
108) [6,3],  2389 ms
109) [2,11],  55 ms
110) [2,14],  5000 ms
111) [16,14],  125 ms
112) [14,15],  5000 ms
113) [13,15],  110 ms
114) [17,13],  1754 ms
115) [13,16],  106 ms
116) [13,14],  4257 ms
117) [12,13],  39 ms
118) [11,13],  4985 ms
119) [10,15],  63 ms
120) [11,14],  2488 ms
121) [11,15],  69 ms
122) [11,1],  5005 ms
123) [12,2],  31 ms
124) [12,16],  5001 ms
125) [10,14],  46 ms
126) [10,13],  5002 ms
127) [9,15],  31 ms
128) [12,15],  31 ms
129) [7,15],  32 ms
130) [8,15],  31 ms
131) [7,11],  34 ms
132) [6,10],  31 ms
133) pbrain-pela:  I win !
133) [9,13],  32 ms
134) [8,12],  31 ms
135) [8,14],  30 ms
136) [11,11],  30 ms
137) [6,16],  30 ms

pela 10.0 wins

pela 5.0:  3128 ms/turn
pela 10.0:  2606 ms/turn
