 0) [9,11],  31 ms
 1) [10,11],  30 ms
 2) [9,10],  32 ms
 3) [9,9],  30 ms
 4) [8,11],  1807 ms
 5) [7,12],  5253 ms
 6) [5,11],  3986 ms
 7) [6,11],  9666 ms
 8) [8,13],  4266 ms
 9) [8,12],  6472 ms
10) [6,12],  4081 ms
11) [4,10],  6128 ms
12) [4,9],  2860 ms
13) [7,10],  4913 ms
14) [7,9],  3023 ms
15) [6,10],  4332 ms
16) [5,10],  1611 ms
17) [5,9],  10015 ms
18) [7,11],  5000 ms
19) [10,12],  8471 ms
20) [10,10],  2067 ms
21) [11,10],  10010 ms
22) [9,12],  1745 ms
23) [5,13],  10006 ms
24) [4,13],  5000 ms
25) [9,15],  3744 ms
26) [6,7],  2834 ms
27) [9,13],  6459 ms
28) [8,14],  5011 ms
29) [7,8],  5572 ms
30) [9,8],  2796 ms
31) [7,6],  10007 ms
32) [12,8],  5018 ms
33) [13,7],  4174 ms
34) [3,12],  5044 ms
35) [2,11],  3806 ms
36) [7,14],  5007 ms
37) [6,15],  5805 ms
38) [8,6],  2766 ms
39) [8,16],  9305 ms
40) [6,14],  2760 ms
41) [5,14],  3274 ms
42) [10,14],  5009 ms
43) [9,14],  29 ms
44) [9,16],  1627 ms
45) [11,8],  5425 ms
46) [11,9],  2123 ms
47) [9,7],  4595 ms
48) [2,12],  5002 ms
49) [5,12],  3838 ms
50) [5,16],  5013 ms
51) [2,13],  2618 ms
52) [14,7],  3891 ms
53) [12,6],  4577 ms
54) [13,5],  2292 ms
55) [11,7],  55 ms
56) [10,7],  5012 ms
57) [11,5],  30 ms
58) [10,4],  29 ms
59) [10,6],  30 ms
60) [12,4],  29 ms
61) [11,6],  28 ms
62) [11,4],  28 ms
63) [13,6],  29 ms
64) [14,6],  28 ms
65) [9,6],  28 ms

pela 10.0 wins

pela 5.0:  2934 ms/turn
pela 10.0:  4507 ms/turn
