 0) [12,10],  53 ms
 1) [11,10],  1943 ms
 2) [12,11],  31 ms
 3) [12,12],  30 ms
 4) [13,10],  2289 ms
 5) [14,9],  8059 ms
 6) [16,10],  4322 ms
 7) [15,10],  7331 ms
 8) [13,8],  4858 ms
 9) [13,9],  5243 ms
10) [16,9],  4437 ms
11) [16,8],  10028 ms
12) [15,8],  5001 ms
13) [17,10],  4795 ms
14) [14,10],  5002 ms
15) [10,10],  3543 ms
16) [10,9],  5027 ms
17) [9,12],  4710 ms
18) [10,12],  1977 ms
19) [9,11],  10010 ms
20) [9,9],  5015 ms
21) [8,9],  9821 ms
22) [11,9],  3319 ms
23) [10,8],  3604 ms
24) [8,11],  5001 ms
25) [12,7],  8393 ms
26) [10,11],  2670 ms
27) [7,10],  4844 ms
28) [9,10],  1494 ms
29) [7,12],  8626 ms
30) [6,11],  1497 ms
31) [7,13],  2746 ms
32) [7,11],  3318 ms
33) [17,9],  9953 ms
34) [8,12],  5008 ms
35) [9,13],  4101 ms
36) [9,15],  3484 ms
37) [4,10],  10009 ms
38) [6,12],  5001 ms
39) [5,13],  8891 ms
40) [6,13],  3586 ms
41) [6,10],  7618 ms
42) [5,10],  3095 ms
43) [4,11],  4922 ms
44) [3,11],  4354 ms
45) [6,14],  4477 ms
46) [4,12],  2990 ms
47) [11,7],  2667 ms
48) [10,7],  5011 ms
49) [12,8],  3402 ms
50) [10,6],  3383 ms
51) [10,13],  3813 ms
52) [9,6],  2651 ms
53) [11,8],  3768 ms
54) [8,8],  3091 ms
55) [9,7],  1191 ms
56) [12,6],  1918 ms
57) [11,6],  1874 ms
58) [11,13],  1801 ms
59) [5,15],  1433 ms
60) [4,16],  5005 ms
61) [10,4],  2594 ms
62) [5,16],  4783 ms
63) [10,3],  1021 ms
64) [11,4],  3126 ms
65) [7,15],  1096 ms
66) [7,16],  5005 ms
67) [6,16],  1730 ms
68) [5,17],  2546 ms
69) [5,12],  593 ms
70) [5,14],  4941 ms
71) [4,13],  1030 ms
72) [8,16],  2385 ms
73) [7,17],  1344 ms
74) [8,18],  5003 ms
75) [3,13],  955 ms
76) [4,14],  30 ms
77) [2,13],  1124 ms
78) [1,13],  30 ms
79) [3,15],  780 ms
80) [2,15],  5002 ms
81) [8,17],  319 ms
82) [10,16],  4873 ms
83) [11,16],  809 ms
84) [15,7],  3263 ms
85) [15,6],  675 ms
86) [17,8],  3213 ms
87) [8,13],  288 ms
88) [10,15],  4999 ms
89) [11,15],  293 ms
90) [4,17],  5004 ms
91) [3,16],  269 ms
92) [3,14],  5013 ms
93) [4,18],  350 ms
94) [13,11],  4296 ms
95) [14,11],  161 ms
96) [6,6],  2113 ms
97) [7,7],  204 ms
98) [6,3],  5001 ms
99) [7,6],  185 ms
100) [7,8],  3986 ms
101) [10,5],  329 ms
102) [9,4],  3996 ms
103) [8,7],  227 ms
104) [6,7],  5012 ms
105) [6,4],  168 ms
106) [8,6],  2862 ms
107) [7,3],  220 ms
108) [7,4],  3976 ms
109) [8,5],  28 ms
110) [8,2],  3699 ms
111) [17,12],  189 ms
112) [18,13],  5000 ms
113) [14,12],  78 ms
114) [15,12],  5000 ms
115) [14,14],  70 ms
116) [1,14],  5008 ms
117) [2,14],  31 ms
118) [13,13],  1907 ms
119) [6,15],  48 ms
120) [4,15],  29 ms
121) [6,17],  48 ms
122) [6,18],  29 ms
123) [10,17],  37 ms
124) [9,17],  28 ms
125) [13,14],  34 ms
126) [12,15],  3248 ms
127) [15,14],  33 ms
128) [16,14],  29 ms
129) pbrain-pela:  I win !
129) [14,15],  30 ms
130) [14,13],  31 ms
131) [16,13],  29 ms
132) [18,11],  28 ms
133) [13,16],  30 ms

pela 10.0 wins

pela 5.0:  3286 ms/turn
pela 10.0:  2676 ms/turn
