 0) [11,11],  33 ms
 1) [10,11],  199 ms
 2) [12,10],  30 ms
 3) [10,12],  30 ms
 4) [10,10],  2718 ms
 5) [12,12],  30 ms
 6) [9,12],  5005 ms
 7) [11,9],  10001 ms
 8) [8,10],  1656 ms
 9) [9,10],  2973 ms
10) [11,12],  3309 ms
11) [11,14],  4242 ms
12) [10,14],  4541 ms
13) [8,9],  3699 ms
14) [7,8],  5019 ms
15) [10,7],  3083 ms
16) [10,9],  4455 ms
17) [6,8],  3974 ms
18) [11,6],  4212 ms
19) [10,6],  10047 ms
20) [9,14],  5011 ms
21) [9,15],  5748 ms
22) [8,13],  5049 ms
23) [8,15],  4157 ms
24) [11,15],  5031 ms
25) [8,12],  3711 ms
26) [6,13],  2336 ms
27) [5,13],  5388 ms
28) [11,10],  5012 ms
29) [12,11],  10007 ms
30) [12,15],  5017 ms
31) [11,16],  7296 ms
32) [7,15],  2253 ms
33) [10,15],  7689 ms
34) [9,16],  3632 ms
35) [7,14],  5444 ms
36) [8,5],  5031 ms
37) [9,4],  9275 ms
38) [10,4],  2495 ms
39) [9,7],  5664 ms
40) [8,7],  4102 ms
41) [7,6],  6769 ms
42) [11,5],  1942 ms
43) [8,6],  3619 ms
44) [9,6],  4444 ms
45) [10,5],  9564 ms
46) [7,5],  1865 ms
47) [11,7],  8202 ms
48) [5,9],  3752 ms
49) [6,9],  7029 ms
50) [13,7],  4460 ms
51) [12,6],  1896 ms
52) [6,10],  3477 ms
53) [4,6],  2750 ms
54) [6,6],  5033 ms
55) [5,7],  5382 ms
56) [3,5],  4764 ms
57) [8,4],  4628 ms
58) [9,5],  3789 ms
59) [5,5],  3929 ms
60) [6,4],  2714 ms
61) [4,7],  3365 ms
62) [5,8],  4987 ms
63) [3,7],  889 ms
64) [2,7],  3388 ms
65) [14,10],  2503 ms
66) [12,8],  3789 ms
67) [14,11],  1697 ms
68) [13,12],  5000 ms
69) [5,14],  2157 ms
70) [4,14],  1991 ms
71) [12,16],  1853 ms
72) [4,9],  5000 ms
73) [5,10],  1524 ms
74) [5,11],  1879 ms
75) [4,12],  1280 ms
76) [6,16],  5018 ms
77) [5,17],  559 ms
78) [13,8],  3737 ms
79) [14,8],  779 ms
80) [14,9],  5015 ms
81) [3,12],  992 ms
82) [2,11],  4999 ms
83) [3,10],  365 ms
84) [3,11],  3165 ms
85) [4,11],  556 ms
86) [2,13],  28 ms
87) [2,12],  327 ms
88) [5,12],  5013 ms
89) [15,10],  322 ms
90) [5,15],  2872 ms
91) [7,17],  242 ms
92) [15,9],  5002 ms
93) [13,9],  329 ms
94) [7,13],  5015 ms
95) [6,12],  234 ms
96) [14,7],  5000 ms
97) [15,6],  516 ms
98) [5,3],  4997 ms
99) [6,3],  194 ms
100) [6,17],  5010 ms
101) [6,14],  363 ms
102) [11,3],  5022 ms
103) [12,2],  304 ms
104) [16,9],  1563 ms
105) [13,6],  320 ms
106) [16,6],  5016 ms
107) [16,7],  266 ms
108) [14,5],  3064 ms
109) [11,2],  248 ms
110) [10,2],  2972 ms
111) [6,2],  200 ms
112) [12,4],  2749 ms
113) [13,5],  70 ms
114) [14,4],  4999 ms
115) [14,6],  106 ms
116) [2,6],  5004 ms
117) [4,2],  73 ms
118) [4,15],  3910 ms
119) [3,14],  126 ms
120) [13,4],  1564 ms
121) [11,4],  29 ms
122) [14,3],  5002 ms
123) [14,1],  86 ms
124) [15,4],  5008 ms
125) [16,4],  29 ms
126) [13,3],  2845 ms
127) [12,3],  94 ms
128) [13,2],  30 ms
129) [16,5],  33 ms
130) [8,0],  30 ms
131) [9,1],  30 ms
132) [15,5],  33 ms
133) [17,7],  29 ms
134) [11,0],  29 ms
135) [12,1],  30 ms
136) [15,1],  30 ms
137) [14,2],  29 ms
138) [15,2],  30 ms
139) [12,5],  29 ms
140) [15,3],  30 ms

pela 5.0 wins

pela 5.0:  3408 ms/turn
pela 10.0:  2565 ms/turn
