 0) [9,8],  1920 ms
 1) [8,8],  3256 ms
 2) [10,9],  29 ms
 3) [8,7],  29 ms
 4) [8,6],  4874 ms
 5) [10,8],  10038 ms
 6) [9,10],  4203 ms
 7) [8,11],  3344 ms
 8) [7,10],  1494 ms
 9) [6,11],  8532 ms
10) [8,10],  1561 ms
11) [10,10],  3823 ms
12) [7,11],  2149 ms
13) [9,9],  7704 ms
14) [11,11],  3017 ms
15) [6,10],  10050 ms
16) [7,9],  3580 ms
17) [7,8],  3449 ms
18) [6,9],  2476 ms
19) [7,13],  4558 ms
20) [11,12],  5001 ms
21) [9,11],  9985 ms
22) [8,12],  2803 ms
23) [7,7],  4900 ms
24) [6,6],  30 ms
25) [11,13],  5126 ms
26) [10,11],  557 ms
27) [12,13],  8490 ms
28) [10,12],  328 ms
29) [9,12],  9561 ms
30) [5,9],  315 ms
31) [4,9],  8897 ms
32) [9,13],  576 ms
33) [8,14],  6842 ms
34) [10,14],  54 ms
35) [11,15],  29 ms
36) [10,13],  50 ms
37) [10,15],  30 ms
38) [12,11],  34 ms
39) [13,10],  3935 ms
40) pbrain-pela:  I win !
40) [12,10],  34 ms
41) [13,9],  28 ms
42) [13,12],  28 ms
43) [11,10],  28 ms
44) [13,11],  29 ms
45) [14,11],  28 ms
46) [14,12],  28 ms
47) [12,12],  28 ms
48) [15,13],  28 ms
49) [16,14],  28 ms
50) [11,9],  27 ms

pela 5.0 wins

pela 5.0:  1354 ms/turn
pela 10.0:  4508 ms/turn
