 0) [8,8],  0 ms
 1) [7,8],  2371 ms
 2) [6,9],  28 ms
 3) [7,9],  29 ms
 4) [7,10],  29 ms
 5) [8,10],  28 ms
 6) [6,8],  28 ms
 7) [6,11],  7265 ms
 8) [6,6],  5030 ms
 9) [6,7],  10009 ms
10) [9,10],  1545 ms
11) [7,7],  10004 ms
12) [7,6],  1460 ms
13) [8,11],  7012 ms
14) [8,13],  5012 ms
15) [3,7],  10015 ms
16) [4,7],  2646 ms
17) [3,6],  5583 ms
18) [3,5],  2245 ms
19) [6,5],  6103 ms
20) [9,13],  3547 ms
21) [9,12],  6720 ms
22) [10,12],  3408 ms
23) [7,13],  5060 ms
24) [5,11],  2443 ms
25) [8,14],  3669 ms
26) [6,14],  2111 ms
27) [7,15],  4243 ms
28) [7,16],  5002 ms
29) [5,5],  6051 ms
30) [4,5],  5012 ms
31) [4,6],  5063 ms
32) [6,4],  4073 ms
33) [8,16],  10005 ms
34) [6,15],  1526 ms
35) [6,17],  10006 ms
36) [5,17],  3109 ms
37) [8,17],  6236 ms
38) [8,18],  5014 ms
39) [11,14],  9233 ms
40) [9,15],  5001 ms
41) [11,15],  7891 ms
42) [12,15],  5000 ms
43) [2,8],  2253 ms
44) [1,9],  29 ms
45) [3,8],  6436 ms
46) [2,6],  2746 ms
47) [4,4],  2406 ms
48) [11,16],  5004 ms
49) [9,18],  3130 ms
50) [12,13],  1512 ms
51) [3,10],  4750 ms
52) [3,9],  29 ms
53) [11,13],  1659 ms
54) [9,14],  5014 ms
55) [10,15],  1463 ms
56) [11,12],  43 ms
57) [9,16],  1534 ms
58) [7,18],  29 ms
59) [10,11],  3400 ms
60) [12,11],  360 ms
61) [7,11],  1244 ms
62) [9,11],  29 ms
63) [8,15],  884 ms
64) [12,12],  30 ms
65) [12,14],  30 ms
66) [13,10],  30 ms
67) [10,13],  29 ms
68) [12,10],  30 ms
69) [12,9],  30 ms
70) [14,9],  30 ms
71) [15,8],  29 ms
72) [11,10],  30 ms
73) [10,10],  30 ms
74) [13,12],  29 ms
75) [14,12],  30 ms
76) [14,13],  29 ms
77) [15,14],  29 ms
78) [10,9],  30 ms

pela 5.0 wins

pela 5.0:  1957 ms/turn
pela 10.0:  4152 ms/turn
