 0) [12,12],  33 ms
 1) [11,12],  215 ms
 2) [12,13],  32 ms
 3) [12,14],  35 ms
 4) [13,12],  5011 ms
 5) [14,11],  8087 ms
 6) [16,12],  4682 ms
 7) [15,12],  7030 ms
 8) [13,10],  4816 ms
 9) [13,11],  5823 ms
10) [16,11],  5026 ms
11) [16,10],  8914 ms
12) [15,10],  5025 ms
13) [17,12],  4212 ms
14) [14,12],  4520 ms
15) [10,12],  9991 ms
16) [10,11],  5028 ms
17) [9,14],  3978 ms
18) [10,14],  1642 ms
19) [9,13],  10006 ms
20) [9,11],  5040 ms
21) [8,11],  8361 ms
22) [11,11],  2595 ms
23) [10,10],  10005 ms
24) [8,13],  5016 ms
25) [12,9],  6792 ms
26) [10,13],  2453 ms
27) [7,12],  4601 ms
28) [9,12],  5010 ms
29) [7,14],  8372 ms
30) [6,13],  5003 ms
31) [7,15],  10015 ms
32) [7,13],  2870 ms
33) [17,11],  8821 ms
34) [8,14],  5015 ms
35) [9,15],  4169 ms
36) [9,17],  2464 ms
37) [4,12],  8649 ms
38) [6,14],  1867 ms
39) [5,15],  3276 ms
40) [6,15],  5013 ms
41) [6,12],  6955 ms
42) [5,12],  2788 ms
43) [4,13],  4514 ms
44) [3,13],  3514 ms
45) [5,17],  3355 ms
46) [4,16],  3394 ms
47) [15,14],  3573 ms
48) [17,14],  5004 ms
49) [15,9],  4327 ms
50) [18,12],  4170 ms
51) [17,10],  3705 ms
52) [17,9],  1482 ms
53) [18,11],  3175 ms
54) [16,13],  3352 ms
55) [14,8],  1100 ms
56) [13,7],  30 ms
57) [15,8],  961 ms
58) [16,9],  4394 ms
59) [13,8],  172 ms
60) [16,8],  1857 ms
61) [15,6],  78 ms
62) [14,7],  2227 ms
63) [15,7],  35 ms
64) [15,5],  34 ms
65) [13,9],  36 ms
66) [16,6],  32 ms
67) pbrain-pela:  I win !
67) [11,8],  32 ms
68) [12,8],  32 ms
69) [10,9],  32 ms
70) [9,10],  34 ms
71) [11,9],  32 ms
72) [14,9],  33 ms
73) [9,9],  35 ms

pela 10.0 wins

pela 5.0:  2987 ms/turn
pela 10.0:  4418 ms/turn
