 0) [9,9],  29 ms
 1) [9,10],  30 ms
 2) [10,8],  30 ms
 3) [8,10],  30 ms
 4) [7,10],  2102 ms
 5) [9,8],  7619 ms
 6) [11,9],  3458 ms
 7) [12,10],  3252 ms
 8) [11,11],  1484 ms
 9) [12,12],  10013 ms
10) [11,10],  1655 ms
11) [11,8],  8291 ms
12) [12,11],  2158 ms
13) [10,9],  5598 ms
14) [12,7],  2386 ms
15) [11,12],  3273 ms
16) [10,11],  2701 ms
17) [9,11],  3104 ms
18) [10,12],  2268 ms
19) [14,11],  4475 ms
20) [13,7],  5014 ms
21) [12,9],  10021 ms
22) [13,10],  2612 ms
23) [8,11],  4598 ms
24) [7,12],  30 ms
25) [14,7],  10022 ms
26) [12,8],  616 ms
27) [14,6],  8324 ms
28) [13,8],  274 ms
29) [13,9],  7795 ms
30) [10,13],  297 ms
31) [10,14],  8884 ms
32) [14,9],  570 ms
33) [15,10],  8851 ms
34) [15,8],  54 ms
35) [16,7],  31 ms
36) [14,8],  51 ms
37) [16,8],  29 ms
38) [12,6],  36 ms
39) [11,5],  6017 ms
40) [11,6],  28 ms
41) [10,5],  29 ms
42) [13,5],  29 ms
43) [11,7],  29 ms
44) [12,5],  29 ms
45) [12,4],  29 ms
46) [13,4],  28 ms
47) [13,6],  29 ms
48) [14,3],  29 ms
49) [15,2],  84 ms
50) [10,7],  183 ms

pela 5.0 wins

pela 5.0:  1082 ms/turn
pela 10.0:  4418 ms/turn
