 0) [11,12],  36 ms
 1) [10,12],  2101 ms
 2) [11,11],  63 ms
 3) [11,10],  34 ms
 4) [12,12],  2138 ms
 5) [13,13],  5795 ms
 6) [15,12],  3145 ms
 7) [14,12],  6077 ms
 8) [12,14],  4979 ms
 9) [12,13],  6625 ms
10) [15,13],  4568 ms
11) [15,14],  10017 ms
12) [14,14],  5031 ms
13) [16,12],  5637 ms
14) [13,12],  2838 ms
15) [9,12],  10026 ms
16) [9,13],  1553 ms
17) [8,10],  5112 ms
18) [10,11],  1737 ms
19) [11,15],  10051 ms
20) [7,10],  1923 ms
21) [12,11],  5074 ms
22) [7,11],  3705 ms
23) [8,11],  6081 ms
24) [8,12],  3225 ms
25) [6,10],  7316 ms
26) [7,13],  3414 ms
27) [7,12],  7415 ms
28) [9,10],  5021 ms
29) [16,11],  3749 ms
30) [16,10],  4158 ms
31) [16,13],  4233 ms
32) [17,12],  1623 ms
33) [12,15],  5022 ms
34) [16,15],  5013 ms
35) [15,11],  3745 ms
36) [10,13],  4052 ms
37) [8,13],  6706 ms
38) [6,11],  4668 ms
39) [8,9],  9879 ms
40) [13,11],  2773 ms
41) [7,9],  32 ms
42) [9,11],  30 ms
43) pbrain-pela:  I win !
43) [8,8],  31 ms
44) [8,7],  31 ms
45) [5,11],  30 ms
46) [9,7],  30 ms
47) [4,12],  30 ms

pela 10.0 wins

pela 5.0:  2739 ms/turn
pela 10.0:  5034 ms/turn
