 0) [9,8],  246 ms
 1) [8,7],  31 ms
 2) [9,9],  30 ms
 3) [9,10],  30 ms
 4) [10,8],  2049 ms
 5) [8,8],  30 ms
 6) [8,11],  5011 ms
 7) [7,11],  10016 ms
 8) [8,6],  3599 ms
 9) [9,7],  7288 ms
10) [6,10],  1836 ms
11) [7,13],  5323 ms
12) [10,7],  1775 ms
13) [10,6],  6225 ms
14) [11,5],  3918 ms
15) [11,6],  8417 ms
16) [7,10],  5030 ms
17) [8,9],  10015 ms
18) [9,5],  1858 ms
19) [7,7],  3049 ms
20) [7,8],  3487 ms
21) [6,9],  10014 ms
22) [13,5],  2500 ms
23) [12,6],  10000 ms
24) [13,6],  31 ms
25) [12,5],  4728 ms
26) [11,3],  3211 ms
27) [13,4],  7802 ms
28) [13,3],  1542 ms
29) [12,2],  7523 ms
30) [11,8],  5040 ms
31) [12,8],  10017 ms
32) [12,7],  2041 ms
33) [14,5],  5484 ms
34) [12,3],  1985 ms
35) [10,3],  5936 ms
36) [14,3],  2968 ms
37) [15,3],  30 ms
38) [13,9],  4936 ms
39) [13,7],  6329 ms
40) [12,9],  1991 ms
41) [13,10],  2624 ms
42) [11,9],  5005 ms
43) [10,9],  30 ms
44) [11,11],  3225 ms
45) [11,10],  8090 ms
46) [12,10],  4984 ms
47) [6,7],  2590 ms
48) [5,7],  30 ms
49) [14,8],  2630 ms
50) [13,11],  37 ms
51) [14,12],  31 ms
52) [8,5],  1117 ms
53) [9,6],  31 ms
54) [7,5],  1111 ms
55) [10,5],  31 ms
56) [5,5],  275 ms
57) [6,5],  30 ms
58) [6,6],  1134 ms
59) [15,9],  2244 ms
60) [16,10],  31 ms
61) [8,4],  3839 ms
62) [4,10],  35 ms
63) [5,10],  3334 ms
64) [3,9],  32 ms
65) [4,8],  31 ms
66) [2,8],  34 ms
67) [1,7],  3944 ms
68) [4,6],  37 ms
69) [3,7],  32 ms
70) pbrain-pela:  I win !
70) [5,6],  29 ms
71) [7,6],  30 ms
72) [5,4],  29 ms
73) [5,8],  29 ms
74) [5,3],  28 ms

pela 5.0 wins

pela 5.0:  1901 ms/turn
pela 10.0:  3996 ms/turn
