 0) [9,11],  0 ms
 1) [8,11],  1472 ms
 2) [10,12],  30 ms
 3) [8,10],  45 ms
 4) [8,9],  5005 ms
 5) [10,11],  10017 ms
 6) [9,13],  4527 ms
 7) [8,14],  3555 ms
 8) [7,13],  1617 ms
 9) [6,14],  9213 ms
10) [8,13],  5026 ms
11) [10,13],  3798 ms
12) [7,14],  2106 ms
13) [9,12],  7515 ms
14) [11,14],  2907 ms
15) [6,13],  9811 ms
16) [7,12],  3792 ms
17) [7,11],  3127 ms
18) [6,12],  2446 ms
19) [7,16],  4451 ms
20) [11,15],  4516 ms
21) [9,14],  10034 ms
22) [8,15],  2404 ms
23) [7,10],  4908 ms
24) [6,9],  30 ms
25) [11,16],  4651 ms
26) [10,14],  543 ms
27) [12,16],  8521 ms
28) [10,15],  307 ms
29) [9,15],  5874 ms
30) [5,12],  232 ms
31) [4,12],  3413 ms
32) [9,16],  434 ms
33) [8,17],  3442 ms
34) [10,17],  49 ms
35) [11,18],  30 ms
36) [10,16],  43 ms
37) [10,18],  30 ms
38) [12,14],  34 ms
39) [13,13],  10009 ms
40) [12,13],  28 ms
41) [13,12],  28 ms
42) [13,15],  29 ms
43) [11,13],  29 ms
44) [13,14],  50 ms
45) [14,14],  28 ms
46) [14,15],  28 ms
47) [12,15],  28 ms
48) [15,16],  28 ms
49) [16,17],  30 ms
50) [11,12],  28 ms

pela 5.0 wins

pela 5.0:  1393 ms/turn
pela 10.0:  4162 ms/turn
