 0) [8,8],  29 ms
 1) [8,7],  30 ms
 2) [7,8],  29 ms
 3) [6,8],  31 ms
 4) [5,7],  5011 ms
 5) [6,5],  3285 ms
 6) [7,6],  2994 ms
 7) [7,7],  10010 ms
 8) [5,9],  4045 ms
 9) [5,8],  9536 ms
10) [9,5],  1994 ms
11) [7,5],  10004 ms
12) [6,4],  5001 ms
13) [10,6],  4021 ms
14) [5,4],  3603 ms
15) [4,4],  10017 ms
16) [4,5],  3123 ms
17) [5,6],  6672 ms
18) [6,3],  4826 ms
19) [7,2],  10004 ms
20) [7,4],  2538 ms
21) [9,4],  9681 ms
22) [11,6],  2998 ms
23) [3,6],  7172 ms
24) [4,7],  5001 ms
25) [3,7],  6562 ms
26) [2,6],  5006 ms
27) [6,9],  4403 ms
28) [11,8],  3501 ms
29) [10,8],  6451 ms
30) [10,7],  5014 ms
31) [11,7],  4790 ms
32) [2,5],  2131 ms
33) [8,5],  6555 ms
34) [8,3],  2978 ms
35) [7,3],  6072 ms
36) [6,10],  2092 ms
37) [5,11],  6365 ms
38) [4,9],  5002 ms
39) [4,8],  2446 ms
40) [3,8],  2433 ms
41) [2,7],  4510 ms
42) [9,10],  3458 ms
43) [8,9],  5606 ms
44) [10,9],  5000 ms
45) [8,11],  3712 ms
46) [9,12],  5006 ms
47) [6,6],  2013 ms
48) [6,7],  31 ms
49) [3,3],  5723 ms
50) [5,5],  30 ms
51) [3,5],  1501 ms
52) [3,4],  30 ms
53) [12,9],  4297 ms
54) [8,10],  469 ms
55) [7,10],  3233 ms
56) [9,11],  88 ms
57) [9,13],  3220 ms
58) [10,12],  63 ms
59) [11,13],  1020 ms
60) [11,12],  53 ms
61) [8,12],  1367 ms
62) [9,8],  33 ms
63) [9,9],  32 ms
64) [13,12],  37 ms
65) [12,12],  31 ms
66) [10,13],  37 ms
67) [12,11],  2475 ms
68) [10,11],  31 ms
69) [10,10],  31 ms
70) [10,15],  31 ms
71) [10,14],  30 ms
72) [12,13],  30 ms
73) [13,14],  31 ms
74) [11,14],  31 ms
75) [14,11],  31 ms
76) [9,16],  30 ms

pela 5.0 wins

pela 5.0:  2149 ms/turn
pela 10.0:  4288 ms/turn
