 0) [11,9],  29 ms
 1) [10,9],  30 ms
 2) [9,10],  30 ms
 3) [10,10],  30 ms
 4) [10,11],  30 ms
 5) [11,11],  31 ms
 6) [9,9],  29 ms
 7) [9,12],  4027 ms
 8) [9,7],  2817 ms
 9) [9,8],  9696 ms
10) [12,11],  5014 ms
11) [10,8],  10047 ms
12) [10,7],  1416 ms
13) [11,12],  7194 ms
14) [11,14],  5015 ms
15) [6,8],  10048 ms
16) [7,8],  2782 ms
17) [6,7],  6251 ms
18) [6,6],  2310 ms
19) [9,6],  10001 ms
20) [12,14],  3113 ms
21) [13,14],  5730 ms
22) [7,9],  2564 ms
23) [7,7],  4768 ms
24) [5,7],  3053 ms
25) [7,5],  5043 ms
26) [9,5],  5013 ms
27) [11,7],  10000 ms
28) [7,6],  4999 ms
29) [4,6],  3169 ms
30) [8,12],  4467 ms
31) [7,11],  10023 ms
32) [12,13],  5000 ms
33) [12,12],  10000 ms
34) [13,12],  5001 ms
35) [14,11],  5476 ms
36) [14,13],  183 ms
37) [15,14],  9778 ms
38) [13,13],  392 ms
39) [11,13],  2520 ms
40) [11,15],  138 ms
41) [10,16],  8029 ms
42) [10,15],  80 ms
43) [9,16],  31 ms
44) [12,15],  81 ms
45) [13,15],  5702 ms
46) [12,17],  50 ms
47) [12,16],  31 ms
48) [11,16],  29 ms
49) [9,14],  6059 ms
50) [11,17],  30 ms
51) [11,18],  31 ms
52) [14,12],  31 ms
53) [15,11],  30 ms
54) [15,13],  32 ms
55) [16,13],  30 ms
56) [13,11],  30 ms
57) [12,10],  31 ms
58) [9,15],  2659 ms
59) [8,15],  29 ms
60) [10,17],  3487 ms
61) [13,17],  2873 ms
62) [16,14],  2115 ms
63) [17,15],  30 ms
64) [9,18],  5016 ms
65) [8,19],  30 ms
66) [7,16],  1946 ms
67) [8,17],  2451 ms
68) [13,9],  3436 ms
69) [13,10],  31 ms
70) [15,12],  5013 ms
71) [14,10],  129 ms
72) [11,10],  31 ms
73) [17,12],  61 ms
74) [13,18],  34 ms
75) [14,19],  32 ms
76) [18,11],  4203 ms
77) [15,10],  43 ms
78) [16,10],  37 ms
79) [17,14],  36 ms
80) [17,13],  5006 ms
81) [18,13],  34 ms
82) [16,11],  32 ms
83) [14,15],  32 ms
84) [13,16],  32 ms
85) [16,15],  31 ms
86) [15,15],  32 ms
87) [15,16],  31 ms
88) [19,12],  32 ms
89) [14,17],  35 ms

pela 10.0 wins

pela 5.0:  1930 ms/turn
pela 10.0:  3327 ms/turn
