 0) [9,9],  32 ms
 1) [10,9],  31 ms
 2) [8,10],  30 ms
 3) [10,8],  31 ms
 4) [10,7],  2132 ms
 5) [8,9],  8385 ms
 6) [9,11],  3726 ms
 7) [10,12],  3000 ms
 8) [11,11],  4989 ms
 9) [12,12],  10015 ms
10) [10,11],  5021 ms
11) [8,11],  10007 ms
12) [11,12],  5016 ms
13) [9,10],  4895 ms
14) [7,12],  2396 ms
15) [12,11],  10018 ms
16) [11,10],  2685 ms
17) [11,9],  10023 ms
18) [12,10],  2235 ms
19) [11,13],  3592 ms
20) [7,9],  3508 ms
21) [7,10],  10041 ms
22) [8,8],  5016 ms
23) [10,10],  5930 ms
24) [6,10],  194 ms
25) [5,11],  4831 ms
26) [9,7],  110 ms
27) [10,6],  31 ms
28) [6,8],  91 ms
29) [5,7],  204 ms
30) [7,7],  131 ms
31) [6,7],  5179 ms
32) [11,7],  45 ms
33) [8,7],  31 ms
34) [9,5],  42 ms
35) [8,6],  4462 ms
36) [12,9],  42 ms
37) [13,8],  30 ms
38) [9,6],  31 ms
39) [9,8],  31 ms
40) [11,8],  31 ms
41) [13,10],  31 ms
42) [8,5],  31 ms

pela 5.0 wins

pela 5.0:  1706 ms/turn
pela 10.0:  4323 ms/turn
