 0) [9,9],  30 ms
 1) [9,10],  30 ms
 2) [10,8],  30 ms
 3) [8,10],  31 ms
 4) [7,10],  2161 ms
 5) [9,8],  8948 ms
 6) [11,9],  3922 ms
 7) [12,10],  4507 ms
 8) [11,11],  1736 ms
 9) [12,12],  10021 ms
10) [11,10],  1806 ms
11) [11,8],  8356 ms
12) [12,11],  2066 ms
13) [10,9],  5779 ms
14) [12,7],  2449 ms
15) [11,12],  3384 ms
16) [10,11],  3065 ms
17) [9,11],  3506 ms
18) [10,12],  2544 ms
19) [14,11],  4691 ms
20) [13,7],  5016 ms
21) [12,9],  10017 ms
22) [13,10],  3052 ms
23) [8,11],  4967 ms
24) [7,12],  31 ms
25) [14,7],  10063 ms
26) [12,8],  561 ms
27) [14,6],  8291 ms
28) [13,8],  285 ms
29) [13,9],  7623 ms
30) [10,13],  262 ms
31) [10,14],  8431 ms
32) [14,9],  501 ms
33) [15,10],  8258 ms
34) [15,8],  55 ms
35) [16,7],  30 ms
36) [14,8],  52 ms
37) [16,8],  32 ms
38) [12,6],  35 ms
39) [11,5],  5686 ms
40) pbrain-pela:  I win !
40) [11,6],  30 ms
41) [10,5],  31 ms
42) [13,5],  30 ms
43) [11,7],  31 ms
44) [12,5],  30 ms
45) [12,4],  30 ms
46) [13,4],  31 ms
47) [13,6],  30 ms
48) [14,3],  30 ms
49) [15,2],  62 ms
50) [10,7],  62 ms

pela 5.0 wins

pela 5.0:  1148 ms/turn
pela 10.0:  4513 ms/turn
