 0) [10,10],  31 ms
 1) [9,9],  30 ms
 2) [10,11],  30 ms
 3) [10,12],  30 ms
 4) [11,10],  2876 ms
 5) [12,10],  33 ms
 6) [12,12],  5026 ms
 7) [13,8],  9994 ms
 8) [13,9],  2481 ms
 9) [9,12],  6565 ms
10) [9,13],  2406 ms
11) [11,11],  4255 ms
12) [12,14],  1597 ms
13) [12,13],  9270 ms
14) [15,11],  1673 ms
15) [12,8],  8487 ms
16) [10,8],  3046 ms
17) [10,7],  4361 ms
18) [12,7],  1773 ms
19) [14,12],  10029 ms
20) [15,13],  2718 ms
21) [15,12],  6435 ms
22) [16,11],  3276 ms
23) [17,11],  3668 ms
24) [17,12],  2443 ms
25) [18,13],  4572 ms
26) [8,12],  5021 ms
27) [10,14],  10001 ms
28) [7,13],  4438 ms
29) [9,11],  7518 ms
30) [9,8],  3769 ms
31) [9,10],  8755 ms
32) [7,14],  4416 ms
33) [7,12],  4827 ms
34) [7,9],  2196 ms
35) [6,13],  10003 ms
36) [8,11],  5000 ms
37) [8,8],  7640 ms
38) [16,13],  3510 ms
39) [16,12],  9068 ms
40) [5,9],  1834 ms
41) [6,10],  7776 ms
42) [8,7],  1241 ms
43) [10,9],  5566 ms
44) [6,9],  135 ms
45) [8,9],  2355 ms
46) [8,14],  33 ms
47) [8,10],  5545 ms
48) [8,13],  1641 ms
49) [8,15],  29 ms
50) [4,9],  248 ms
51) [3,9],  28 ms
52) [5,10],  981 ms
53) [9,6],  86 ms
54) [11,8],  337 ms
55) [12,9],  1457 ms
56) [11,9],  30 ms
57) [5,11],  3079 ms
58) [4,11],  32 ms
59) [7,8],  30 ms
60) [4,10],  33 ms
61) [4,8],  1362 ms
62) [3,12],  32 ms
63) [2,13],  30 ms
64) [5,14],  34 ms
65) [6,14],  30 ms
66) [4,13],  30 ms
67) [4,12],  30 ms
68) [2,11],  30 ms
69) [6,15],  29 ms
70) [1,10],  30 ms

pela 5.0 wins

pela 5.0:  1789 ms/turn
pela 10.0:  4370 ms/turn
