 0) [12,12],  32 ms
 1) [11,12],  177 ms
 2) [11,13],  33 ms
 3) [12,13],  32 ms
 4) [13,14],  32 ms
 5) [13,13],  32 ms
 6) [14,14],  32 ms
 7) [12,14],  32 ms
 8) [16,12],  32 ms
 9) [15,13],  4196 ms
10) [16,14],  3156 ms
11) [16,13],  10014 ms
12) [14,13],  30 ms
13) [14,12],  4278 ms
14) [11,15],  5005 ms
15) [11,16],  4360 ms
16) [10,14],  5025 ms
17) [9,15],  7174 ms
18) [15,10],  4115 ms
19) [14,10],  4937 ms
20) [15,14],  2472 ms
21) [17,14],  32 ms
22) [16,11],  2788 ms
23) [15,12],  3813 ms
24) [18,15],  2122 ms
25) [9,13],  9089 ms
26) [9,16],  2611 ms
27) [8,14],  8377 ms
28) [8,13],  3874 ms
29) [10,12],  494 ms
30) [11,11],  5006 ms
31) [7,13],  1022 ms
32) [10,16],  1949 ms
33) [7,15],  59 ms
34) [6,16],  45 ms
35) [7,12],  1816 ms
36) [7,16],  3495 ms
37) [8,16],  31 ms
38) [6,14],  5005 ms
39) pbrain-pela:  I win !
39) [5,11],  31 ms
40) [6,12],  32 ms
41) [8,12],  33 ms
42) [9,12],  31 ms
43) [7,11],  32 ms
44) [7,14],  45 ms
45) [7,9],  102 ms
46) [7,10],  31 ms
47) [6,10],  32 ms
48) [5,9],  32 ms
49) [4,12],  37 ms
50) [8,8],  31 ms
51) [3,13],  32 ms

pela 10.0 wins

pela 5.0:  1810 ms/turn
pela 10.0:  2317 ms/turn
