 0) [12,8],  0 ms
 1) [11,8],  237 ms
 2) [11,7],  33 ms
 3) [12,7],  30 ms
 4) [13,6],  29 ms
 5) [13,7],  30 ms
 6) [14,6],  29 ms
 7) [12,6],  30 ms
 8) [16,8],  30 ms
 9) [15,7],  4919 ms
10) [16,6],  3490 ms
11) [16,7],  3816 ms
12) [14,7],  28 ms
13) [14,8],  8055 ms
14) [11,5],  2182 ms
15) [11,4],  5538 ms
16) [10,6],  5039 ms
17) [9,5],  7756 ms
18) [15,10],  5010 ms
19) [14,10],  8529 ms
20) [16,9],  3679 ms
21) [15,8],  6699 ms
22) [13,10],  4613 ms
23) [12,4],  10013 ms
24) [13,4],  1498 ms
25) [9,4],  2546 ms
26) [9,6],  1949 ms
27) [10,4],  40 ms
28) [8,4],  75 ms
29) [12,3],  35 ms
30) [12,5],  30 ms
31) [12,2],  32 ms
32) [11,3],  1771 ms
33) [13,2],  31 ms
34) [14,1],  2346 ms
35) [11,2],  31 ms
36) [10,2],  33 ms
37) pbrain-pela:  I win !
37) [12,1],  33 ms
38) [12,0],  32 ms
39) [10,3],  30 ms
40) [13,0],  129 ms
41) [8,5],  122 ms

pela 10.0 wins

pela 5.0:  1525 ms/turn
pela 10.0:  2788 ms/turn
