 0) [12,9],  30 ms
 1) [11,9],  169 ms
 2) [11,10],  29 ms
 3) [12,10],  29 ms
 4) [13,11],  30 ms
 5) [13,10],  31 ms
 6) [14,11],  31 ms
 7) [12,11],  30 ms
 8) [16,9],  32 ms
 9) [15,10],  4290 ms
10) [16,11],  2915 ms
11) [16,10],  10040 ms
12) [14,10],  30 ms
13) [14,9],  9675 ms
14) [11,12],  1594 ms
15) [11,13],  5792 ms
16) [10,11],  5020 ms
17) [9,12],  7859 ms
18) [15,7],  5078 ms
19) [14,7],  10020 ms
20) [15,11],  3447 ms
21) [17,11],  59 ms
22) [16,8],  4162 ms
23) [15,9],  6926 ms
24) [18,12],  2579 ms
25) [16,12],  4750 ms
26) [13,7],  3258 ms
27) [13,5],  7461 ms
28) [15,8],  3791 ms
29) [14,5],  10009 ms
30) [14,6],  5010 ms
31) [16,6],  7027 ms
32) [16,5],  5036 ms
33) [18,10],  7852 ms
34) [15,13],  5009 ms
35) [17,8],  6215 ms
36) [17,10],  4627 ms
37) [14,13],  5490 ms
38) [12,6],  3359 ms
39) [11,5],  10005 ms
40) [12,5],  4085 ms
41) [12,8],  9494 ms
42) [15,4],  1885 ms
43) [14,3],  8099 ms
44) [10,10],  2110 ms
45) [9,10],  4129 ms
46) [9,13],  2415 ms
47) [8,11],  6394 ms
48) [7,12],  1930 ms
49) [18,9],  5476 ms
50) [13,3],  5041 ms
51) [10,12],  4664 ms
52) [12,14],  5022 ms
53) [8,10],  2295 ms
54) [18,11],  2849 ms
55) [19,12],  30 ms
56) [15,6],  2719 ms
57) [15,5],  30 ms
58) [11,6],  3127 ms
59) [13,6],  30 ms
60) [9,11],  3246 ms
61) [10,8],  1424 ms
62) [8,8],  4737 ms
63) [7,7],  1037 ms
64) [8,6],  5001 ms
65) [9,6],  1783 ms
66) [7,10],  3565 ms
67) [7,13],  1470 ms
68) [15,14],  3870 ms
69) [15,12],  1727 ms
70) [14,12],  4956 ms
71) [14,14],  2164 ms
72) [8,13],  2381 ms
73) [11,15],  896 ms
74) [7,9],  3060 ms
75) [7,11],  1474 ms
76) [9,9],  2052 ms
77) [9,14],  1380 ms
78) [17,4],  4259 ms
79) [9,15],  1762 ms
80) [16,14],  1929 ms
81) [17,15],  29 ms
82) [19,2],  3898 ms
83) [18,3],  29 ms
84) [12,12],  2946 ms
85) [11,11],  30 ms
86) [12,15],  3357 ms
87) [12,13],  1502 ms
88) [10,13],  5000 ms
89) [15,15],  1296 ms
90) [17,17],  5000 ms
91) [10,15],  1112 ms
92) [5,11],  2319 ms
93) [6,10],  682 ms
94) [9,16],  1689 ms
95) [8,14],  46 ms
96) [10,16],  5013 ms
97) [7,14],  36 ms
98) [10,14],  5011 ms
99) [6,14],  36 ms
100) [5,14],  30 ms
101) [7,15],  50 ms
102) [8,15],  30 ms
103) [5,13],  36 ms
104) [8,16],  5006 ms
105) pbrain-pela:  I win !
105) [6,12],  29 ms
106) [4,14],  30 ms
107) [3,11],  30 ms
108) [4,12],  29 ms
109) [6,11],  30 ms
110) [6,13],  31 ms
111) [6,8],  29 ms
112) [6,9],  29 ms
113) [5,9],  30 ms
114) [4,10],  30 ms
115) [4,8],  29 ms
116) [8,12],  30 ms
117) [3,7],  30 ms

pela 10.0 wins

pela 5.0:  2792 ms/turn
pela 10.0:  2958 ms/turn
