 0) [10,12],  35 ms
 1) [9,12],  255 ms
 2) [9,11],  30 ms
 3) [10,11],  32 ms
 4) [8,13],  31 ms
 5) [8,12],  31 ms
 6) [7,13],  32 ms
 7) [9,13],  32 ms
 8) [5,11],  31 ms
 9) [6,12],  5813 ms
10) [5,12],  3237 ms
11) [5,10],  6729 ms
12) [7,11],  3471 ms
13) [7,10],  10006 ms
14) [6,9],  4246 ms
15) [6,11],  4620 ms
16) [5,13],  2726 ms
17) [6,13],  4703 ms
18) [6,14],  2380 ms
19) [7,15],  8294 ms
20) [4,12],  1989 ms
21) [3,13],  7127 ms
22) [5,14],  2342 ms
23) [5,15],  31 ms
24) [3,12],  1679 ms
25) [4,9],  5605 ms
26) [3,8],  3543 ms
27) [2,11],  5233 ms
28) [2,12],  1596 ms
29) [1,12],  32 ms
30) [3,10],  2359 ms
31) [3,11],  9997 ms
32) [5,8],  2638 ms
33) [8,10],  10004 ms
34) [6,10],  2002 ms
35) [4,8],  10014 ms
36) [3,6],  2625 ms
37) [4,7],  5110 ms
38) [4,6],  2316 ms
39) [5,6],  3618 ms
40) [3,7],  5004 ms
41) [3,9],  31 ms
42) [1,11],  4596 ms
43) [3,5],  8766 ms
44) [4,10],  2432 ms
45) [2,5],  10025 ms
46) [4,5],  2724 ms
47) [1,8],  3570 ms
48) [6,6],  2274 ms
49) [5,5],  7499 ms
50) [4,3],  1997 ms
51) [6,3],  2539 ms
52) [6,15],  4633 ms
53) [4,13],  3111 ms
54) [9,14],  1832 ms
55) [7,14],  3565 ms
56) [10,13],  2081 ms
57) [11,12],  4561 ms
58) [10,14],  2058 ms
59) [10,15],  4020 ms
60) [11,10],  1891 ms
61) [12,14],  5003 ms
62) [12,13],  5016 ms
63) [7,4],  4296 ms
64) [6,5],  5001 ms
65) [7,3],  1208 ms
66) [7,5],  3760 ms
67) [6,8],  3517 ms
68) [5,2],  2353 ms
69) [4,2],  1720 ms
70) [8,4],  1747 ms
71) [9,3],  1371 ms
72) [8,3],  4640 ms
73) [8,8],  851 ms
74) [8,9],  4864 ms
75) [8,5],  914 ms
76) [9,6],  5010 ms
77) [7,6],  1280 ms
78) [10,4],  4503 ms
79) [11,4],  2123 ms
80) [9,15],  2504 ms
81) [9,9],  818 ms
82) [11,7],  3742 ms
83) [11,13],  1718 ms
84) [8,6],  1684 ms
85) [9,5],  1194 ms
86) [10,6],  2611 ms
87) [10,7],  1260 ms
88) [11,11],  1886 ms
89) [11,9],  588 ms
90) [1,9],  5012 ms
91) [2,4],  496 ms
92) [1,5],  2812 ms
93) [10,8],  538 ms
94) [7,8],  3242 ms
95) [12,6],  605 ms
96) [10,9],  5013 ms
97) [10,5],  300 ms
98) [12,5],  2896 ms
99) [12,8],  736 ms
100) [11,8],  5016 ms
101) [11,2],  657 ms
102) [10,3],  1692 ms
103) [7,18],  264 ms
104) [7,17],  3765 ms
105) [6,18],  481 ms
106) [2,6],  1452 ms
107) [13,2],  439 ms
108) [10,2],  5000 ms
109) [11,15],  376 ms
110) [11,16],  3063 ms
111) [13,15],  327 ms
112) [14,12],  5016 ms
113) [14,13],  254 ms
114) [14,15],  5013 ms
115) [13,14],  250 ms
116) [13,16],  4999 ms
117) [15,14],  149 ms
118) [14,14],  3031 ms
119) [13,12],  72 ms
120) [16,15],  2102 ms
121) [14,17],  133 ms
122) [13,11],  4891 ms
123) [17,15],  125 ms
124) [1,6],  2457 ms
125) [0,6],  31 ms
126) [16,16],  5010 ms
127) [16,14],  113 ms
128) [15,17],  2169 ms
129) [15,15],  97 ms
130) [15,12],  2616 ms
131) [17,13],  94 ms
132) [18,12],  2434 ms
133) [17,14],  40 ms
134) [17,12],  3143 ms
135) [16,12],  31 ms
136) [18,14],  5014 ms
137) [8,18],  66 ms
138) [9,18],  5012 ms
139) [7,16],  32 ms
140) [5,18],  5000 ms
141) [13,17],  51 ms
142) [14,16],  30 ms
143) [15,16],  52 ms
144) [18,13],  5008 ms
145) [18,11],  30 ms
146) [15,10],  2023 ms
147) [16,11],  40 ms
148) [15,11],  2238 ms
149) [12,3],  44 ms
150) [14,1],  29 ms
151) [16,10],  33 ms
152) [16,13],  30 ms
153) [16,9],  32 ms
154) [16,8],  30 ms
155) [15,9],  31 ms
156) [18,15],  30 ms
157) [18,16],  30 ms
158) [14,11],  30 ms
159) [12,11],  30 ms
160) [13,10],  30 ms
161) [12,9],  30 ms
162) [10,16],  29 ms
163) [12,16],  30 ms
164) [12,10],  32 ms
165) [14,10],  31 ms
166) [9,10],  29 ms
167) [10,10],  29 ms
168) [8,11],  30 ms
169) [12,7],  29 ms
170) [7,12],  30 ms

pela 5.0 wins

pela 5.0:  2635 ms/turn
pela 10.0:  2118 ms/turn
