 0) [9,9],  30 ms
 1) [9,10],  30 ms
 2) [10,8],  31 ms
 3) [8,10],  31 ms
 4) [7,10],  2123 ms
 5) [9,8],  7996 ms
 6) [11,9],  3585 ms
 7) [12,10],  3514 ms
 8) [11,11],  1425 ms
 9) [12,12],  10013 ms
10) [11,10],  1648 ms
11) [11,8],  7979 ms
12) [12,11],  2244 ms
13) [10,9],  5340 ms
14) [12,7],  2340 ms
15) [11,12],  3244 ms
16) [10,11],  2828 ms
17) [9,11],  3161 ms
18) [10,12],  2436 ms
19) [14,11],  4491 ms
20) [13,7],  5010 ms
21) [12,9],  10018 ms
22) [13,10],  2511 ms
23) [8,11],  4341 ms
24) [7,12],  30 ms
25) [14,7],  10008 ms
26) [12,8],  580 ms
27) [14,6],  8464 ms
28) [13,8],  365 ms
29) [13,9],  7869 ms
30) [10,13],  261 ms
31) [10,14],  8918 ms
32) [14,9],  625 ms
33) [15,10],  8771 ms
34) [15,8],  52 ms
35) [16,7],  29 ms
36) [14,8],  49 ms
37) [16,8],  29 ms
38) [12,6],  36 ms
39) [11,5],  5782 ms
40) [11,6],  30 ms
41) [10,5],  30 ms
42) [13,5],  31 ms
43) [11,7],  31 ms
44) [12,5],  31 ms
45) [12,4],  31 ms
46) [13,4],  30 ms
47) [13,6],  31 ms
48) [14,3],  32 ms
49) [15,2],  31 ms
50) [10,7],  31 ms

pela 5.0 wins

pela 5.0:  1092 ms/turn
pela 10.0:  4407 ms/turn
