 0) [9,8],  435 ms
 1) [8,8],  205 ms
 2) [10,9],  29 ms
 3) [8,7],  30 ms
 4) [8,6],  2523 ms
 5) [10,8],  5960 ms
 6) [9,10],  2899 ms
 7) [8,11],  9999 ms
 8) [7,10],  1448 ms
 9) [6,11],  8944 ms
10) [8,10],  5054 ms
11) [10,10],  3172 ms
12) [7,11],  5047 ms
13) [9,9],  6320 ms
14) [11,11],  2364 ms
15) [6,10],  9212 ms
16) [7,9],  3136 ms
17) [7,8],  3004 ms
18) [6,9],  2190 ms
19) [7,13],  10011 ms
20) [11,12],  5015 ms
21) [9,11],  10017 ms
22) [8,12],  2336 ms
23) [7,7],  4348 ms
24) [6,6],  31 ms
25) [11,13],  8272 ms
26) [10,11],  523 ms
27) [12,13],  7667 ms
28) [10,12],  271 ms
29) [9,12],  8296 ms
30) [5,9],  244 ms
31) [4,9],  6830 ms
32) [9,13],  418 ms
33) [8,14],  6146 ms
34) [10,14],  55 ms
35) [11,15],  31 ms
36) [10,13],  56 ms
37) [10,15],  31 ms
38) [12,11],  35 ms
39) [13,10],  4074 ms
40) pbrain-pela:  I win !
40) [12,10],  30 ms
41) [13,9],  30 ms
42) [13,12],  31 ms
43) [11,10],  31 ms
44) [13,11],  30 ms
45) [14,11],  32 ms
46) [14,12],  32 ms
47) [12,12],  30 ms
48) [15,13],  30 ms
49) [16,14],  30 ms
50) [11,9],  29 ms

pela 5.0 wins

pela 5.0:  1318 ms/turn
pela 10.0:  4508 ms/turn
