 0) [9,11],  1 ms
 1) [8,11],  2013 ms
 2) [8,10],  30 ms
 3) [9,10],  30 ms
 4) [10,9],  31 ms
 5) [10,10],  30 ms
 6) [11,9],  30 ms
 7) [9,9],  29 ms
 8) [13,11],  30 ms
 9) [12,10],  8970 ms
10) [13,9],  5008 ms
11) [13,10],  5344 ms
12) [11,10],  32 ms
13) [11,11],  10027 ms
14) [8,8],  2027 ms
15) [8,7],  7694 ms
16) [7,9],  5013 ms
17) [6,8],  7286 ms
18) [12,13],  5043 ms
19) [10,12],  10016 ms
20) [13,14],  3910 ms
21) [14,13],  3805 ms
22) [13,16],  4144 ms
23) [14,15],  6529 ms
24) [9,13],  5031 ms
25) [12,9],  4733 ms
26) [12,12],  5022 ms
27) [11,13],  6439 ms
28) [13,13],  60 ms
29) [13,15],  10032 ms
30) [12,14],  61 ms
31) [12,15],  2854 ms
32) [11,15],  29 ms
33) [14,12],  10031 ms
34) [14,14],  30 ms
35) [11,14],  8419 ms
36) [10,13],  3506 ms
37) [10,16],  3784 ms
38) [9,6],  1575 ms
39) [10,6],  6417 ms
40) [12,8],  5005 ms
41) [6,7],  8795 ms
42) [6,6],  2516 ms
43) [5,8],  4151 ms
44) [7,8],  5016 ms
45) [6,10],  7516 ms
46) [15,15],  2716 ms
47) [16,16],  35 ms
48) [16,14],  3182 ms
49) [15,14],  35 ms
50) [6,9],  5017 ms
51) [7,7],  1526 ms
52) [5,7],  1925 ms
53) [9,7],  6221 ms
54) [10,7],  35 ms
55) [8,6],  2627 ms
56) [9,5],  2578 ms
57) [8,5],  4435 ms
58) [7,6],  1634 ms
59) [4,8],  3750 ms
60) [4,10],  1876 ms
61) [15,12],  3769 ms
62) [14,11],  1549 ms
63) [15,11],  2875 ms
64) [15,10],  3704 ms
65) [16,9],  2826 ms
66) [17,9],  2776 ms
67) [15,8],  1061 ms
68) [17,10],  5007 ms
69) [18,10],  1180 ms
70) [16,7],  1952 ms
71) [17,8],  1413 ms
72) [17,16],  3540 ms
73) [8,12],  892 ms
74) [9,3],  3317 ms
75) [8,3],  1784 ms
76) [8,4],  34 ms
77) [7,5],  34 ms
78) [6,4],  4587 ms
79) [9,4],  803 ms
80) [11,6],  1883 ms
81) [11,8],  1336 ms
82) [6,2],  3327 ms
83) [5,1],  573 ms
84) [8,2],  5019 ms
85) [7,1],  881 ms
86) [6,1],  1560 ms
87) [6,3],  1012 ms
88) [16,8],  5016 ms
89) [7,3],  859 ms
90) [7,2],  2034 ms
91) [5,2],  525 ms
92) [5,3],  5004 ms
93) [12,5],  567 ms
94) [3,9],  5011 ms
95) [5,11],  578 ms
96) [3,10],  5016 ms
97) [3,11],  228 ms
98) [7,11],  4858 ms
99) [4,12],  338 ms
100) [5,13],  1665 ms
101) [4,14],  411 ms
102) [3,13],  1394 ms
103) [7,10],  131 ms
104) [3,8],  1595 ms
105) [2,9],  250 ms
106) [15,7],  5007 ms
107) [14,6],  312 ms
108) [13,6],  4991 ms
109) [9,2],  117 ms
110) [4,1],  5018 ms
111) [15,9],  234 ms
112) [5,10],  2472 ms
113) [4,9],  215 ms
114) [4,13],  34 ms
115) [2,13],  81 ms
116) [3,6],  29 ms
117) [3,7],  30 ms
118) [3,12],  29 ms
119) [4,11],  31 ms
120) [1,10],  29 ms
121) [2,10],  32 ms
122) [2,11],  30 ms
123) [5,14],  30 ms
124) [0,9],  29 ms

pela 5.0 wins

pela 5.0:  2533 ms/turn
pela 10.0:  2886 ms/turn
