 0) [9,12],  31 ms
 1) [10,13],  35 ms
 2) [8,13],  32 ms
 3) [10,11],  33 ms
 4) [9,14],  34 ms
 5) [7,12],  34 ms
 6) [10,10],  2214 ms
 7) [9,15],  5835 ms
 8) [9,11],  3790 ms
 9) [9,10],  7229 ms
10) [11,12],  2431 ms
11) [8,12],  6344 ms
12) [6,13],  2780 ms
13) [7,13],  10016 ms
14) [7,11],  4008 ms
15) [10,16],  4092 ms
16) [8,14],  3003 ms
17) [7,14],  7028 ms
18) [7,15],  1908 ms
19) [10,12],  4116 ms
20) [10,14],  1693 ms
21) [12,14],  10026 ms
22) [11,15],  5011 ms
23) [6,16],  3643 ms
24) [11,11],  1852 ms
25) [11,9],  4010 ms
26) [5,13],  2321 ms
27) [6,12],  10030 ms
28) [4,13],  5018 ms
29) [3,13],  5961 ms
30) [4,12],  1857 ms
31) [6,14],  10012 ms
32) [5,15],  29 ms
33) [5,14],  3044 ms
34) [4,11],  950 ms
35) [4,10],  8985 ms
36) [4,15],  298 ms
37) [4,14],  29 ms
38) [3,14],  28 ms
39) [6,15],  9840 ms
40) [2,15],  243 ms
41) [6,17],  32 ms
42) [6,18],  59 ms
43) [5,11],  5402 ms
44) [3,9],  29 ms
45) [1,16],  9189 ms
46) [1,12],  43 ms
47) [2,13],  7862 ms
48) [5,12],  39 ms
49) [6,11],  29 ms
50) [3,10],  29 ms
51) [2,9],  29 ms
52) [3,15],  30 ms
53) [1,15],  28 ms
54) [2,10],  187 ms
55) [3,11],  5347 ms
56) [2,11],  35 ms
57) [4,9],  5965 ms
58) [1,11],  31 ms
59) [4,8],  29 ms
60) [3,12],  29 ms
61) [2,12],  28 ms
62) [1,10],  29 ms
63) [0,9],  29 ms
64) [1,9],  28 ms
65) [1,13],  28 ms
66) [1,8],  29 ms

pela 5.0 wins

pela 5.0:  1180 ms/turn
pela 10.0:  4373 ms/turn
