 0) [9,9],  28 ms
 1) [8,9],  1954 ms
 2) [7,10],  29 ms
 3) [8,10],  30 ms
 4) [8,11],  31 ms
 5) [9,11],  30 ms
 6) [7,9],  30 ms
 7) [7,12],  6669 ms
 8) [7,7],  5008 ms
 9) [7,8],  10033 ms
10) [10,11],  1548 ms
11) [8,8],  9999 ms
12) [8,7],  1433 ms
13) [9,12],  6794 ms
14) [9,14],  5040 ms
15) [4,8],  10016 ms
16) [5,8],  2723 ms
17) [4,7],  5572 ms
18) [4,6],  2187 ms
19) [7,6],  9350 ms
20) [10,14],  3012 ms
21) [11,14],  4762 ms
22) [5,9],  2359 ms
23) [5,7],  3248 ms
24) [3,7],  1977 ms
25) [5,5],  3665 ms
26) [7,5],  4533 ms
27) [9,7],  10005 ms
28) [6,12],  4341 ms
29) [5,11],  4260 ms
30) [6,8],  5009 ms
31) [4,10],  10000 ms
32) [4,11],  2113 ms
33) [10,15],  10013 ms
34) [12,13],  2017 ms
35) [11,12],  10015 ms
36) [10,12],  5000 ms
37) [10,10],  5248 ms
38) [11,9],  4458 ms
39) [7,15],  8342 ms
40) [11,13],  5000 ms
41) [12,12],  3922 ms
42) [9,15],  1606 ms
43) [8,16],  6582 ms
44) [6,14],  5016 ms
45) [8,14],  2477 ms
46) [8,17],  3315 ms
47) [6,13],  3354 ms
48) [6,16],  1769 ms
49) [6,17],  3128 ms
50) [3,9],  2225 ms
51) [4,9],  2189 ms
52) [7,14],  2810 ms
53) [13,13],  2572 ms
54) [14,14],  4502 ms
55) [14,12],  1269 ms
56) [15,12],  5002 ms
57) [9,17],  2464 ms
58) [12,16],  2913 ms
59) [13,15],  1099 ms
60) [12,14],  3984 ms
61) [12,17],  1416 ms
62) [4,14],  3889 ms
63) [5,15],  1172 ms
64) [4,15],  2410 ms
65) [3,14],  958 ms
66) [15,14],  3025 ms
67) [16,14],  1516 ms
68) [11,19],  2068 ms
69) [13,14],  2275 ms
70) [13,12],  5017 ms
71) [17,15],  1953 ms
72) [15,13],  4667 ms
73) [15,11],  857 ms
74) [13,17],  4200 ms
75) [11,15],  1443 ms
76) [12,9],  5005 ms
77) [13,9],  686 ms
78) [14,10],  5002 ms
79) [15,15],  591 ms
80) [16,15],  2236 ms
81) [14,13],  784 ms
82) [8,13],  5015 ms
83) [5,10],  972 ms
84) [3,8],  4538 ms
85) [3,10],  320 ms
86) [2,10],  1939 ms
87) [4,12],  856 ms
88) [3,13],  1935 ms
89) [9,6],  661 ms
90) [14,7],  1349 ms
91) [13,8],  633 ms
92) [10,6],  5001 ms
93) [13,7],  263 ms
94) [13,10],  5002 ms
95) [14,11],  402 ms
96) [16,10],  4502 ms
97) [15,10],  223 ms
98) [16,11],  2730 ms
99) [14,8],  425 ms
100) [5,6],  1661 ms
101) [3,6],  225 ms
102) [9,5],  1657 ms
103) [8,6],  31 ms
104) [15,8],  3658 ms
105) [16,9],  191 ms
106) [13,6],  4871 ms
107) [12,5],  300 ms
108) [12,6],  2718 ms
109) [11,6],  251 ms
110) [12,7],  5000 ms
111) [14,5],  132 ms
112) [14,3],  5009 ms
113) [15,7],  175 ms
114) [12,10],  4993 ms
115) [12,8],  33 ms
116) [15,5],  1359 ms
117) [17,10],  159 ms
118) [16,6],  5000 ms
119) [14,4],  142 ms
120) [15,3],  1923 ms
121) [15,6],  100 ms
122) [17,8],  2426 ms
123) [18,8],  113 ms
124) [16,3],  1766 ms
125) [17,3],  54 ms
126) [16,5],  5008 ms
127) [16,4],  56 ms
128) [17,6],  2428 ms
129) [15,4],  34 ms
130) [12,3],  30 ms
131) [13,3],  29 ms
132) [16,7],  30 ms
133) [14,9],  30 ms
134) [18,5],  30 ms
135) [19,4],  29 ms
136) [17,5],  32 ms
137) [19,5],  30 ms
138) [17,4],  30 ms
139) [17,7],  30 ms
140) [15,2],  30 ms
141) [19,6],  31 ms
142) [14,1],  29 ms

pela 5.0 wins

pela 5.0:  2919 ms/turn
pela 10.0:  2530 ms/turn
