 0) [12,9],  31 ms
 1) [11,9],  172 ms
 2) [11,10],  30 ms
 3) [12,10],  30 ms
 4) [13,11],  30 ms
 5) [13,10],  29 ms
 6) [14,11],  29 ms
 7) [12,11],  28 ms
 8) [16,9],  30 ms
 9) [15,10],  4110 ms
10) [16,11],  2879 ms
11) [16,10],  10006 ms
12) [14,10],  28 ms
13) [14,9],  8568 ms
14) [11,12],  1816 ms
15) [11,13],  5823 ms
16) [10,11],  5021 ms
17) [9,12],  7792 ms
18) [15,7],  5006 ms
19) [14,7],  9937 ms
20) [15,11],  3582 ms
21) [17,11],  29 ms
22) [16,8],  4094 ms
23) [15,9],  7518 ms
24) [18,12],  2487 ms
25) [16,12],  4154 ms
26) [13,7],  2880 ms
27) [13,5],  7570 ms
28) [15,8],  4101 ms
29) [14,5],  10012 ms
30) [14,6],  5001 ms
31) [16,6],  7373 ms
32) [16,5],  5046 ms
33) [18,10],  7652 ms
34) [15,13],  5012 ms
35) [17,8],  5908 ms
36) [17,10],  4961 ms
37) [14,13],  5499 ms
38) [12,6],  3491 ms
39) [11,5],  10015 ms
40) [12,5],  4101 ms
41) [12,8],  9681 ms
42) [15,4],  1895 ms
43) [14,3],  8341 ms
44) [10,10],  2146 ms
45) [9,10],  3794 ms
46) [9,13],  2275 ms
47) [8,11],  6375 ms
48) [7,12],  2078 ms
49) [18,9],  5676 ms
50) [13,3],  5034 ms
51) [10,12],  4873 ms
52) [12,14],  5015 ms
53) [8,10],  2472 ms
54) [18,11],  2973 ms
55) [19,12],  30 ms
56) [15,6],  2731 ms
57) [15,5],  30 ms
58) [11,6],  3046 ms
59) [13,6],  30 ms
60) [9,11],  3290 ms
61) [10,8],  1404 ms
62) [8,8],  4726 ms
63) [7,7],  1052 ms
64) [8,6],  5014 ms
65) [9,6],  1746 ms
66) [7,10],  3627 ms
67) [7,13],  1501 ms
68) [15,14],  3910 ms
69) [15,12],  1472 ms
70) [14,12],  5011 ms
71) [14,14],  2048 ms
72) [8,13],  2258 ms
73) [11,15],  929 ms
74) [7,9],  3083 ms
75) [7,11],  1484 ms
76) [9,9],  1984 ms
77) [9,14],  1488 ms
78) [17,4],  4170 ms
79) [9,15],  1948 ms
80) [16,14],  1954 ms
81) [17,15],  30 ms
82) [19,2],  3680 ms
83) [18,3],  30 ms
84) [12,12],  3026 ms
85) [11,11],  30 ms
86) [12,15],  3616 ms
87) [12,13],  1566 ms
88) [10,13],  5038 ms
89) [15,15],  1434 ms
90) [17,17],  5003 ms
91) [10,15],  1205 ms
92) [5,11],  2982 ms
93) [6,10],  889 ms
94) [9,16],  1929 ms
95) [8,14],  51 ms
96) [10,16],  5007 ms
97) [7,14],  37 ms
98) [10,14],  5010 ms
99) [6,14],  35 ms
100) [5,14],  32 ms
101) [7,15],  49 ms
102) [8,15],  29 ms
103) [5,13],  38 ms
104) [8,16],  5005 ms
105) pbrain-pela:  I win !
105) [6,12],  31 ms
106) [4,14],  29 ms
107) [3,11],  31 ms
108) [4,12],  30 ms
109) [6,11],  30 ms
110) [6,13],  30 ms
111) [6,8],  30 ms
112) [6,9],  31 ms
113) [5,9],  30 ms
114) [4,10],  30 ms
115) [4,8],  30 ms
116) [8,12],  30 ms
117) [3,7],  30 ms

pela 10.0 wins

pela 5.0:  2820 ms/turn
pela 10.0:  2952 ms/turn
