 0) [10,10],  30 ms
 1) [9,10],  1133 ms
 2) [8,11],  30 ms
 3) [9,11],  31 ms
 4) [9,9],  45 ms
 5) [8,9],  30 ms
 6) [10,11],  47 ms
 7) [10,8],  7529 ms
 8) [10,13],  4752 ms
 9) [10,12],  10012 ms
10) [7,9],  1514 ms
11) [9,12],  10002 ms
12) [9,13],  3076 ms
13) [8,8],  8246 ms
14) [8,6],  5041 ms
15) [10,7],  3217 ms
16) [9,8],  5047 ms
17) [9,6],  4059 ms
18) [11,8],  2647 ms
19) [10,5],  9997 ms
20) [10,6],  5002 ms
21) [9,5],  7776 ms
22) [9,4],  1792 ms
23) [12,7],  5241 ms
24) [12,5],  5018 ms
25) [13,8],  3883 ms
26) [14,9],  5040 ms
27) [13,7],  2926 ms
28) [11,7],  2006 ms
29) [11,10],  10006 ms
30) [11,12],  2496 ms
31) [12,13],  7139 ms
32) [11,4],  2607 ms
33) [11,5],  6796 ms
34) [7,5],  2661 ms
35) [8,4],  8908 ms
36) [12,14],  3832 ms
37) [12,11],  4736 ms
38) [13,9],  5015 ms
39) [14,8],  9750 ms
40) [12,6],  5016 ms
41) [12,8],  3123 ms
42) [12,10],  1917 ms
43) [10,3],  7930 ms
44) [9,14],  3839 ms
45) [15,8],  2325 ms
46) [16,8],  29 ms
47) [10,14],  3010 ms
48) [15,9],  506 ms
49) [12,9],  5621 ms
50) [13,11],  400 ms
51) [12,12],  3235 ms
52) [14,12],  379 ms
53) [15,6],  3705 ms
54) [14,7],  29 ms
55) [15,13],  4251 ms
56) [14,13],  34 ms
57) [14,11],  33 ms
58) [17,9],  33 ms
59) [16,9],  29 ms
60) [13,13],  33 ms
61) [15,11],  1132 ms
62) [8,15],  32 ms
63) [7,16],  31 ms
64) [11,15],  36 ms
65) [10,16],  32 ms
66) [13,12],  33 ms
67) [13,10],  34 ms
68) [15,12],  30 ms
69) [13,14],  1348 ms
70) [10,15],  32 ms
71) [9,15],  30 ms
72) [17,7],  31 ms
73) [14,10],  30 ms
74) [17,12],  30 ms
75) [16,12],  30 ms
76) [18,6],  31 ms
77) [19,5],  30 ms
78) [8,16],  3609 ms
79) [8,13],  1688 ms
80) [17,13],  4557 ms
81) [17,10],  1873 ms
82) [18,11],  5008 ms
83) [7,14],  873 ms
84) [7,13],  1748 ms
85) [16,13],  1110 ms
86) [16,10],  2892 ms
87) [11,17],  2440 ms
88) [12,18],  3726 ms
89) [7,3],  2087 ms
90) [6,2],  2160 ms
91) [8,2],  558 ms
92) [8,3],  4495 ms
93) [10,4],  556 ms
94) [10,2],  2314 ms
95) [6,15],  1183 ms
96) [5,16],  29 ms
97) [5,5],  1455 ms
98) [6,4],  5000 ms
99) [5,3],  448 ms
100) [14,16],  4269 ms
101) [14,15],  506 ms
102) [14,14],  1941 ms
103) [15,7],  406 ms
104) [15,5],  1572 ms
105) [16,14],  492 ms
106) [16,15],  5007 ms
107) [7,1],  635 ms
108) [9,3],  30 ms
109) [15,16],  589 ms
110) [16,17],  28 ms
111) [11,13],  813 ms
112) [14,4],  43 ms
113) [16,6],  561 ms
114) [13,5],  29 ms
115) [15,3],  31 ms
116) [14,5],  29 ms
117) [16,5],  30 ms
118) [14,6],  30 ms
119) [14,3],  30 ms
120) [12,4],  29 ms
121) [11,3],  31 ms
122) [12,2],  29 ms
123) [12,3],  29 ms
124) [13,3],  31 ms
125) [11,1],  30 ms
126) [13,4],  30 ms
127) [15,4],  29 ms
128) [13,2],  29 ms
129) [13,6],  31 ms
130) [13,1],  29 ms

pela 5.0 wins

pela 5.0:  1800 ms/turn
pela 10.0:  2706 ms/turn
