 0) [12,10],  31 ms
 1) [11,9],  31 ms
 2) [13,9],  30 ms
 3) [11,11],  31 ms
 4) [12,8],  30 ms
 5) [14,10],  32 ms
 6) [11,10],  2956 ms
 7) [13,8],  9120 ms
 8) [15,9],  5012 ms
 9) [12,9],  4847 ms
10) [15,10],  2613 ms
11) [15,7],  5164 ms
12) [16,10],  2115 ms
13) [15,12],  3214 ms
14) [16,9],  1620 ms
15) [14,11],  4676 ms
16) [13,10],  4357 ms
17) [17,9],  8360 ms
18) [12,11],  3239 ms
19) [10,10],  10012 ms
20) [9,9],  4095 ms
21) [10,9],  7083 ms
22) [17,11],  4040 ms
23) [14,8],  5747 ms
24) [14,9],  1973 ms
25) [15,8],  6539 ms
26) [16,8],  1879 ms
27) [16,11],  31 ms
28) [8,10],  5005 ms
29) [18,12],  6412 ms
30) [17,10],  4932 ms
31) [16,7],  4134 ms
32) [14,7],  2950 ms
33) [18,15],  10010 ms
34) [16,13],  2788 ms
35) [18,10],  10008 ms
36) [15,13],  3835 ms
37) [14,13],  10009 ms
38) [14,14],  1679 ms
39) [9,7],  10008 ms
40) [10,12],  5016 ms
41) [11,12],  4699 ms
42) [12,14],  1925 ms
43) [11,13],  5693 ms
44) [13,15],  394 ms
45) [16,12],  30 ms
46) [14,12],  128 ms
47) [17,12],  7726 ms
48) [19,12],  30 ms
49) [13,11],  4333 ms
50) [12,16],  56 ms
51) [11,17],  31 ms
52) [13,14],  35 ms
53) [11,14],  5830 ms
54) [11,15],  31 ms
55) [13,13],  1620 ms
56) [12,13],  33 ms
57) [12,12],  31 ms
58) [10,14],  32 ms
59) [13,17],  31 ms
60) [12,15],  31 ms
61) [12,17],  30 ms
62) [10,15],  30 ms
63) [14,15],  32 ms
64) [9,15],  32 ms

pela 5.0 wins

pela 5.0:  1907 ms/turn
pela 10.0:  4548 ms/turn
