 0) [12,10],  49 ms
 1) [11,10],  1419 ms
 2) [12,11],  45 ms
 3) [12,12],  93 ms
 4) [13,10],  1889 ms
 5) [14,9],  7982 ms
 6) [16,10],  4308 ms
 7) [15,10],  7684 ms
 8) [13,8],  4882 ms
 9) [13,9],  5409 ms
10) [16,9],  4461 ms
11) [16,8],  10014 ms
12) [15,8],  5047 ms
13) [17,10],  4810 ms
14) [14,10],  5018 ms
15) [10,10],  3145 ms
16) [10,9],  5044 ms
17) [9,12],  4748 ms
18) [10,12],  2048 ms
19) [9,11],  10012 ms
20) [9,9],  1726 ms
21) [8,9],  10014 ms
22) [11,9],  4046 ms
23) [10,8],  4305 ms
24) [8,11],  5008 ms
25) [12,7],  3249 ms
26) [10,11],  3670 ms
27) [7,10],  7196 ms
28) [9,10],  2227 ms
29) [7,12],  10003 ms
30) [6,11],  2135 ms
31) [7,13],  4164 ms
32) [7,11],  5030 ms
33) [17,9],  3630 ms
34) [8,12],  1926 ms
35) [9,13],  6363 ms
36) [9,15],  4968 ms
37) [4,10],  10005 ms
38) [6,12],  5000 ms
39) [5,13],  9391 ms
40) [6,13],  3535 ms
41) [6,10],  8061 ms
42) [5,10],  3027 ms
43) [4,11],  4706 ms
44) [3,11],  4175 ms
45) [6,14],  4305 ms
46) [4,12],  2805 ms
47) [11,7],  2572 ms
48) [10,7],  5005 ms
49) [12,8],  3341 ms
50) [10,6],  3365 ms
51) [10,13],  3760 ms
52) [9,6],  2650 ms
53) [11,8],  4228 ms
54) [8,8],  3108 ms
55) [9,7],  1180 ms
56) [12,6],  1914 ms
57) [11,6],  1862 ms
58) [11,13],  1792 ms
59) [5,15],  1469 ms
60) [4,16],  5004 ms
61) [10,4],  2817 ms
62) [5,16],  4748 ms
63) [10,3],  1017 ms
64) [11,4],  3110 ms
65) [7,15],  1071 ms
66) [7,16],  5004 ms
67) [6,16],  1803 ms
68) [5,17],  2661 ms
69) [5,12],  625 ms
70) [5,14],  5005 ms
71) [4,13],  1081 ms
72) [8,16],  2462 ms
73) [7,17],  1413 ms
74) [8,18],  5013 ms
75) [3,13],  982 ms
76) [4,14],  30 ms
77) [2,13],  1444 ms
78) [1,13],  31 ms
79) [3,15],  810 ms
80) [2,15],  4997 ms
81) [8,17],  1110 ms
82) [10,16],  5000 ms
83) [11,16],  948 ms
84) [15,7],  3320 ms
85) [15,6],  826 ms
86) [17,8],  3229 ms
87) [8,13],  288 ms
88) [10,15],  4999 ms
89) [11,15],  294 ms
90) [4,17],  5003 ms
91) [3,16],  270 ms
92) [3,14],  5011 ms
93) [4,18],  350 ms
94) [13,11],  4318 ms
95) [14,11],  166 ms
96) [6,6],  2152 ms
97) [7,7],  210 ms
98) [6,3],  5008 ms
99) [7,6],  185 ms
100) [7,8],  3981 ms
101) [10,5],  370 ms
102) [9,4],  3993 ms
103) [8,7],  229 ms
104) [6,7],  5008 ms
105) [6,4],  168 ms
106) [8,6],  2868 ms
107) [7,3],  355 ms
108) [7,4],  4109 ms
109) [8,5],  29 ms
110) [8,2],  3783 ms
111) [17,12],  282 ms
112) [18,13],  5001 ms
113) [14,12],  235 ms
114) [15,12],  5015 ms
115) [14,14],  219 ms
116) [1,14],  5001 ms
117) [2,14],  29 ms
118) [13,13],  1974 ms
119) [6,15],  49 ms
120) [4,15],  30 ms
121) [6,17],  50 ms
122) [6,18],  30 ms
123) [10,17],  38 ms
124) [9,17],  31 ms
125) [13,14],  32 ms
126) [12,15],  3359 ms
127) [15,14],  32 ms
128) [16,14],  32 ms
129) pbrain-pela:  I win !
129) [14,15],  30 ms
130) [14,13],  31 ms
131) [16,13],  31 ms
132) [18,11],  30 ms
133) [13,16],  30 ms

pela 10.0 wins

pela 5.0:  3287 ms/turn
pela 10.0:  2672 ms/turn
