 0) [9,8],  938 ms
 1) [8,8],  930 ms
 2) [10,9],  30 ms
 3) [8,7],  30 ms
 4) [8,6],  3600 ms
 5) [10,8],  8981 ms
 6) [9,10],  4423 ms
 7) [8,11],  3241 ms
 8) [7,10],  1526 ms
 9) [6,11],  8679 ms
10) [8,10],  1598 ms
11) [10,10],  3890 ms
12) [7,11],  2246 ms
13) [9,9],  7682 ms
14) [11,11],  2827 ms
15) [6,10],  10005 ms
16) [7,9],  3662 ms
17) [7,8],  3477 ms
18) [6,9],  2419 ms
19) [7,13],  4686 ms
20) [11,12],  5007 ms
21) [9,11],  10000 ms
22) [8,12],  2772 ms
23) [7,7],  5064 ms
24) [6,6],  31 ms
25) [11,13],  2867 ms
26) [10,11],  611 ms
27) [12,13],  8866 ms
28) [10,12],  270 ms
29) [9,12],  9505 ms
30) [5,9],  269 ms
31) [4,9],  8732 ms
32) [9,13],  550 ms
33) [8,14],  8843 ms
34) [10,14],  53 ms
35) [11,15],  30 ms
36) [10,13],  49 ms
37) [10,15],  31 ms
38) [12,11],  33 ms
39) [13,10],  5730 ms
40) pbrain-pela:  I win !
40) [12,10],  32 ms
41) [13,9],  31 ms
42) [13,12],  30 ms
43) [11,10],  28 ms
44) [13,11],  29 ms
45) [14,11],  29 ms
46) [14,12],  28 ms
47) [12,12],  33 ms
48) [15,13],  28 ms
49) [16,14],  29 ms
50) [11,9],  28 ms

pela 5.0 wins

pela 5.0:  1272 ms/turn
pela 10.0:  4456 ms/turn
