 0) [11,8],  0 ms
 1) [10,8],  2464 ms
 2) [10,7],  29 ms
 3) [11,7],  44 ms
 4) [9,6],  28 ms
 5) [8,5],  29 ms
 6) [12,9],  5001 ms
 7) [13,10],  30 ms
 8) [14,4],  2956 ms
 9) [9,5],  4420 ms
10) [8,6],  3105 ms
11) [10,6],  458 ms
12) [12,8],  5014 ms
13) [11,5],  577 ms
14) [10,5],  2580 ms
15) [12,4],  161 ms
16) [13,3],  3218 ms
17) [12,6],  45 ms
18) [9,9],  5013 ms
19) [9,3],  49 ms
20) [10,4],  5000 ms
21) [7,3],  34 ms
22) [8,4],  28 ms
23) [10,3],  33 ms
24) [8,3],  4204 ms
25) [9,4],  31 ms
26) [11,2],  2610 ms
27) [12,5],  32 ms
28) [12,3],  74 ms
29) pbrain-pela:  I win !
29) [9,2],  29 ms
30) [9,1],  30 ms
31) [11,4],  29 ms
32) [13,6],  28 ms
33) [8,1],  29 ms

pela 10.0 wins

pela 5.0:  2289 ms/turn
pela 10.0:  499 ms/turn
