 0) [8,12],  30 ms
 1) [8,13],  31 ms
 2) [7,11],  30 ms
 3) [9,13],  30 ms
 4) [10,13],  3119 ms
 5) [8,11],  8130 ms
 6) [6,12],  4763 ms
 7) [5,13],  3706 ms
 8) [6,14],  1584 ms
 9) [5,15],  8548 ms
10) [6,13],  1700 ms
11) [6,11],  4210 ms
12) [5,14],  2239 ms
13) [7,12],  4970 ms
14) [5,10],  2625 ms
15) [6,15],  10003 ms
16) [7,14],  2765 ms
17) [8,14],  3059 ms
18) [7,15],  2497 ms
19) [3,14],  9472 ms
20) [4,10],  3789 ms
21) [5,12],  7139 ms
22) [4,13],  2227 ms
23) [9,14],  6091 ms
24) [10,15],  31 ms
25) [3,10],  6861 ms
26) [5,11],  513 ms
27) [3,9],  7458 ms
28) [4,11],  243 ms
29) [4,12],  5958 ms
30) [7,16],  150 ms
31) [7,17],  10014 ms
32) [3,12],  188 ms
33) [2,13],  9998 ms
34) [2,11],  49 ms
35) [1,10],  29 ms
36) [3,11],  42 ms
37) [1,11],  30 ms
38) [5,9],  34 ms
39) [6,8],  6378 ms
40) [6,9],  28 ms
41) [7,8],  29 ms
42) [4,8],  29 ms
43) [6,10],  28 ms
44) [5,8],  29 ms
45) [5,7],  28 ms
46) [4,7],  29 ms
47) [4,9],  29 ms
48) [3,6],  28 ms
49) [7,10],  28 ms
50) [2,5],  29 ms

pela 5.0 wins

pela 5.0:  1107 ms/turn
pela 10.0:  4490 ms/turn
