 0) [11,11],  31 ms
 1) [10,11],  198 ms
 2) [12,10],  29 ms
 3) [10,12],  31 ms
 4) [10,10],  2542 ms
 5) [12,12],  31 ms
 6) [9,12],  5009 ms
 7) [11,9],  9185 ms
 8) [8,10],  1583 ms
 9) [9,10],  10014 ms
10) [11,12],  3331 ms
11) [11,14],  4340 ms
12) [10,14],  4528 ms
13) [8,9],  3602 ms
14) [7,8],  1624 ms
15) [10,7],  3117 ms
16) [10,9],  4504 ms
17) [6,8],  3979 ms
18) [11,6],  4081 ms
19) [10,6],  10037 ms
20) [9,14],  5032 ms
21) [9,15],  5452 ms
22) [8,13],  5002 ms
23) [8,15],  4048 ms
24) [11,15],  5046 ms
25) [8,12],  3523 ms
26) [6,13],  2445 ms
27) [5,13],  5389 ms
28) [11,10],  5003 ms
29) [12,11],  10016 ms
30) [12,15],  5047 ms
31) [11,16],  7063 ms
32) [7,15],  2256 ms
33) [10,15],  7577 ms
34) [9,16],  3859 ms
35) [7,14],  5519 ms
36) [8,5],  5010 ms
37) [9,4],  9225 ms
38) [10,4],  2548 ms
39) [9,7],  5562 ms
40) [8,7],  4226 ms
41) [7,6],  6879 ms
42) [11,5],  1848 ms
43) [8,6],  3623 ms
44) [9,6],  4768 ms
45) [10,5],  8803 ms
46) [7,5],  2054 ms
47) [11,7],  7541 ms
48) [5,9],  3726 ms
49) [6,9],  1918 ms
50) [13,7],  4569 ms
51) [12,6],  1944 ms
52) [6,10],  3654 ms
53) [4,6],  2863 ms
54) [6,6],  5040 ms
55) [5,7],  5500 ms
56) [3,5],  5022 ms
57) [8,4],  4703 ms
58) [9,5],  3620 ms
59) [5,5],  4037 ms
60) [6,4],  2653 ms
61) [4,7],  3472 ms
62) [5,8],  1510 ms
63) [3,7],  2990 ms
64) [2,7],  3456 ms
65) [14,10],  2547 ms
66) [12,8],  3793 ms
67) [14,11],  1754 ms
68) [13,12],  5001 ms
69) [5,14],  570 ms
70) [4,14],  2412 ms
71) [12,16],  1846 ms
72) [4,9],  5000 ms
73) [5,10],  1536 ms
74) [5,11],  1921 ms
75) [4,12],  1275 ms
76) [6,16],  5003 ms
77) [5,17],  566 ms
78) [13,8],  3739 ms
79) [14,8],  771 ms
80) [14,9],  5003 ms
81) [3,12],  986 ms
82) [2,11],  5001 ms
83) [3,10],  479 ms
84) [3,11],  3208 ms
85) [4,11],  547 ms
86) [2,13],  28 ms
87) [2,12],  333 ms
88) [5,12],  5012 ms
89) [15,10],  324 ms
90) [5,15],  2990 ms
91) [7,17],  250 ms
92) [15,9],  1630 ms
93) [13,9],  347 ms
94) [7,13],  5007 ms
95) [6,12],  233 ms
96) [14,7],  5001 ms
97) [15,6],  485 ms
98) [5,3],  5000 ms
99) [6,3],  194 ms
100) [6,17],  5009 ms
101) [6,14],  364 ms
102) [11,3],  5012 ms
103) [12,2],  307 ms
104) [16,9],  1577 ms
105) [13,6],  301 ms
106) [16,6],  5000 ms
107) [16,7],  250 ms
108) [14,5],  3058 ms
109) [11,2],  223 ms
110) [10,2],  2982 ms
111) [6,2],  200 ms
112) [12,4],  2757 ms
113) [13,5],  165 ms
114) [14,4],  5000 ms
115) [14,6],  106 ms
116) [2,6],  5003 ms
117) [4,2],  74 ms
118) [4,15],  3916 ms
119) [3,14],  120 ms
120) [13,4],  1585 ms
121) [11,4],  29 ms
122) [14,3],  5000 ms
123) [13,3],  32 ms
124) [15,2],  33 ms
125) [12,5],  30 ms
126) [16,4],  34 ms
127) [15,4],  29 ms
128) [6,15],  33 ms
129) [3,15],  31 ms
130) [16,1],  66 ms
131) [17,0],  29 ms
132) [6,19],  92 ms
133) [6,18],  32 ms
134) [14,2],  35 ms
135) [14,1],  29 ms
136) [4,4],  29 ms
137) [1,7],  31 ms
138) [9,1],  30 ms
139) [8,0],  29 ms
140) [4,16],  5002 ms
141) [13,2],  46 ms
142) [12,3],  30 ms
143) [4,17],  33 ms
144) [10,3],  5000 ms
145) [9,3],  31 ms
146) [16,2],  5001 ms
147) [16,3],  31 ms
148) [15,3],  5000 ms
149) [17,5],  32 ms
150) [10,0],  4998 ms
151) [10,1],  28 ms
152) [5,2],  2987 ms
153) [3,16],  34 ms
154) [3,13],  27 ms
155) [17,9],  31 ms
156) [18,10],  5003 ms
157) [15,11],  30 ms
158) [13,11],  5002 ms
159) [17,8],  32 ms
160) [16,10],  4999 ms
161) [8,3],  32 ms
162) [18,12],  5000 ms
163) [2,4],  32 ms
164) [8,2],  2094 ms
165) [7,3],  29 ms
166) [5,1],  5000 ms
167) [13,15],  32 ms
168) [18,9],  4999 ms
169) [3,17],  29 ms
170) [3,18],  29 ms
171) [18,11],  30 ms
172) [17,11],  5006 ms
173) [19,13],  31 ms
174) [16,12],  5001 ms
175) [6,1],  28 ms
176) [7,2],  29 ms
177) [15,13],  28 ms
178) [16,11],  29 ms
179) [16,13],  30 ms
180) [16,8],  28 ms

pela 5.0 wins

pela 5.0:  3251 ms/turn
pela 10.0:  2002 ms/turn
