 0) [10,12],  29 ms
 1) [9,11],  30 ms
 2) [10,13],  30 ms
 3) [10,14],  46 ms
 4) [11,12],  3450 ms
 5) [12,12],  28 ms
 6) [12,14],  5034 ms
 7) [13,10],  10016 ms
 8) [13,11],  2514 ms
 9) [9,14],  6663 ms
10) [9,15],  2429 ms
11) [11,13],  3887 ms
12) [12,16],  1577 ms
13) [12,15],  9203 ms
14) [15,13],  1624 ms
15) [12,10],  7519 ms
16) [10,10],  3099 ms
17) [10,9],  3836 ms
18) [12,9],  1749 ms
19) [14,14],  5790 ms
20) [15,15],  2806 ms
21) [15,14],  5293 ms
22) [16,13],  4365 ms
23) [17,13],  5659 ms
24) [17,14],  2255 ms
25) [18,15],  3886 ms
26) [8,14],  4593 ms
27) [10,16],  10018 ms
28) [7,15],  3594 ms
29) [9,13],  8422 ms
30) [9,10],  3590 ms
31) [9,12],  8485 ms
32) [7,16],  4225 ms
33) [7,14],  4716 ms
34) [7,11],  5013 ms
35) [6,15],  5232 ms
36) [8,13],  5004 ms
37) [8,10],  6887 ms
38) [16,15],  3386 ms
39) [16,14],  10008 ms
40) [5,11],  4999 ms
41) [6,12],  9188 ms
42) [8,9],  1156 ms
43) [10,11],  5341 ms
44) [6,11],  116 ms
45) [8,11],  4048 ms
46) [8,16],  32 ms
47) [8,12],  4062 ms
48) [8,15],  1046 ms
49) [8,17],  28 ms
50) [4,11],  127 ms
51) [3,11],  27 ms
52) [5,12],  948 ms
53) [9,8],  85 ms
54) [11,10],  337 ms
55) [12,11],  2917 ms
56) [11,11],  29 ms
57) [5,13],  2004 ms
58) [4,13],  32 ms
59) [7,10],  30 ms
60) [4,12],  33 ms
61) [4,10],  3884 ms
62) [3,14],  31 ms
63) [2,15],  32 ms
64) [5,16],  33 ms
65) [6,16],  30 ms
66) [4,15],  30 ms
67) [4,14],  30 ms
68) [2,13],  29 ms
69) [6,17],  66 ms
70) [1,12],  29 ms

pela 5.0 wins

pela 5.0:  1927 ms/turn
pela 10.0:  4211 ms/turn
