 0) [9,9],  29 ms
 1) [9,10],  29 ms
 2) [10,8],  29 ms
 3) [8,10],  31 ms
 4) [7,10],  1977 ms
 5) [9,8],  6976 ms
 6) [11,9],  2578 ms
 7) [12,10],  10025 ms
 8) [11,11],  5000 ms
 9) [12,12],  10016 ms
10) [11,10],  1637 ms
11) [11,8],  8312 ms
12) [12,11],  2031 ms
13) [10,9],  5707 ms
14) [12,7],  2320 ms
15) [11,12],  3315 ms
16) [10,11],  2757 ms
17) [9,11],  3360 ms
18) [10,12],  2375 ms
19) [14,11],  4573 ms
20) [13,7],  5007 ms
21) [12,9],  10031 ms
22) [13,10],  2666 ms
23) [8,11],  4497 ms
24) [7,12],  30 ms
25) [14,7],  10058 ms
26) [12,8],  568 ms
27) [14,6],  8393 ms
28) [13,8],  285 ms
29) [13,9],  7739 ms
30) [10,13],  326 ms
31) [10,14],  9480 ms
32) [14,9],  522 ms
33) [15,10],  8829 ms
34) [15,8],  52 ms
35) [16,7],  29 ms
36) [14,8],  50 ms
37) [16,8],  28 ms
38) [12,6],  36 ms
39) [11,5],  4592 ms
40) [11,6],  30 ms
41) [10,5],  31 ms
42) [13,5],  30 ms
43) [11,7],  30 ms
44) [12,5],  31 ms
45) [12,4],  31 ms
46) [13,4],  33 ms
47) [13,6],  30 ms
48) [14,3],  30 ms
49) [15,2],  31 ms
50) [10,7],  31 ms

pela 5.0 wins

pela 5.0:  1171 ms/turn
pela 10.0:  4646 ms/turn
