 0) [10,11],  31 ms
 1) [11,10],  51 ms
 2) [9,10],  49 ms
 3) [11,12],  30 ms
 4) [10,9],  40 ms
 5) [8,11],  30 ms
 6) [11,13],  3566 ms
 7) [10,8],  10010 ms
 8) [10,13],  5046 ms
 9) [10,12],  10016 ms
10) [8,12],  2877 ms
11) [9,13],  5082 ms
12) [13,13],  2120 ms
13) [12,13],  9767 ms
14) [12,10],  3148 ms
15) [13,11],  5418 ms
16) [14,11],  1983 ms
17) [13,8],  8411 ms
18) [13,10],  3334 ms
19) [12,9],  7218 ms
20) [14,7],  4971 ms
21) [16,8],  3427 ms
22) [15,9],  5017 ms
23) [14,8],  8410 ms
24) [15,8],  3331 ms
25) [11,8],  9163 ms
26) [12,8],  31 ms
27) [11,9],  4503 ms
28) [11,11],  31 ms
29) [11,7],  10000 ms
30) [11,6],  28 ms
31) [15,11],  5186 ms
32) [13,6],  32 ms
33) [12,5],  39 ms
34) [16,7],  31 ms
35) [14,9],  30 ms
36) [15,7],  32 ms
37) [15,6],  30 ms
38) [13,7],  31 ms
39) [17,7],  30 ms
40) [12,7],  30 ms

pela 5.0 wins

pela 5.0:  1702 ms/turn
pela 10.0:  4842 ms/turn
