 0) [11,10],  0 ms
 1) [10,10],  1950 ms
 2) [11,9],  28 ms
 3) [11,8],  60 ms
 4) [10,7],  2366 ms
 5) [8,8],  6269 ms
 6) [9,9],  4768 ms
 7) [10,9],  4307 ms
 8) [12,7],  5003 ms
 9) [11,7],  10001 ms
10) [8,11],  2098 ms
11) [8,9],  3144 ms
12) [7,8],  5008 ms
13) [9,12],  5509 ms
14) [10,5],  4147 ms
15) [9,4],  3861 ms
16) [12,5],  5081 ms
17) [12,6],  4363 ms
18) [7,7],  2651 ms
19) [7,6],  4182 ms
20) [10,4],  3327 ms
21) [10,8],  3602 ms
22) [9,8],  1799 ms
23) [9,5],  10038 ms
24) [8,5],  3765 ms
25) [10,12],  6569 ms
26) [10,11],  30 ms
27) [10,6],  6344 ms
28) [8,4],  4854 ms
29) [9,11],  10007 ms
30) [9,7],  3667 ms
31) [9,6],  7496 ms
32) [8,6],  3168 ms
33) [8,3],  9699 ms
34) [8,12],  5026 ms
35) [8,13],  6147 ms
36) [9,14],  2133 ms
37) [14,5],  3892 ms
38) [13,6],  2850 ms
39) [13,4],  3808 ms
40) [14,4],  5030 ms
41) [14,7],  9814 ms
42) [12,8],  5016 ms
43) [12,12],  2806 ms
44) [13,12],  2040 ms
45) [11,13],  3356 ms
46) [12,14],  3514 ms
47) [13,11],  7235 ms
48) [14,10],  4342 ms
49) [15,10],  3443 ms
50) [15,5],  3264 ms
51) [14,6],  4467 ms
52) [14,8],  5019 ms
53) [16,6],  1859 ms
54) [16,7],  5032 ms
55) [15,11],  2827 ms
56) [10,14],  1737 ms
57) [11,14],  4717 ms
58) [10,13],  1666 ms
59) [7,11],  4068 ms
60) [9,3],  1479 ms
61) [11,1],  2703 ms
62) [15,8],  5022 ms
63) [13,8],  3079 ms
64) [7,5],  1678 ms
65) [6,6],  2639 ms
66) [15,6],  5011 ms
67) [15,7],  2153 ms
68) [17,9],  5027 ms
69) [6,7],  707 ms
70) [6,5],  5004 ms
71) [6,4],  651 ms
72) [18,9],  5006 ms
73) [17,8],  1652 ms
74) [11,15],  3306 ms
75) [8,10],  769 ms
76) [7,9],  28 ms
77) [14,9],  1418 ms
78) [16,11],  4999 ms
79) [12,15],  1203 ms
80) [10,16],  124 ms
81) [9,17],  1017 ms
82) [12,16],  36 ms
83) [9,13],  29 ms
84) [13,13],  34 ms
85) [14,12],  28 ms
86) [15,12],  33 ms
87) [17,10],  29 ms
88) [10,17],  32 ms
89) [10,15],  29 ms
90) [12,11],  29 ms
91) [11,12],  862 ms
92) [14,13],  32 ms
93) [15,14],  32 ms
94) [12,10],  31 ms
95) [12,9],  28 ms
96) [13,16],  31 ms
97) [9,16],  44 ms
98) [14,18],  29 ms
99) [13,17],  28 ms
100) [13,15],  29 ms
101) [13,14],  28 ms
102) [14,16],  29 ms
103) [11,16],  28 ms
104) [15,17],  28 ms
105) [16,18],  29 ms
106) [16,16],  29 ms
107) [15,16],  30 ms
108) [17,15],  29 ms
109) [18,14],  29 ms
110) [13,19],  28 ms

pela 5.0 wins

pela 5.0:  2420 ms/turn
pela 10.0:  3183 ms/turn
