 0) [12,9],  30 ms
 1) [11,9],  2558 ms
 2) [13,8],  29 ms
 3) [11,10],  63 ms
 4) [11,8],  5035 ms
 5) [13,10],  30 ms
 6) [10,10],  2507 ms
 7) [12,7],  10015 ms
 8) [9,8],  1657 ms
 9) [10,8],  3153 ms
10) [12,10],  3426 ms
11) [12,12],  4383 ms
12) [11,12],  3174 ms
13) [9,7],  4044 ms
14) [8,6],  1853 ms
15) [11,5],  3529 ms
16) [11,7],  5005 ms
17) [7,6],  4413 ms
18) [12,4],  4316 ms
19) [11,4],  10006 ms
20) [10,12],  5048 ms
21) [10,13],  5807 ms
22) [9,11],  5019 ms
23) [9,13],  4396 ms
24) [12,13],  5012 ms
25) [9,10],  3765 ms
26) [7,11],  2491 ms
27) [6,11],  5400 ms
28) [12,8],  5030 ms
29) [13,9],  10047 ms
30) [13,13],  5000 ms
31) [12,14],  7043 ms
32) [8,13],  2152 ms
33) [11,13],  7038 ms
34) [10,14],  3305 ms
35) [8,12],  5002 ms
36) [10,15],  5016 ms
37) [9,16],  10016 ms
38) [9,15],  5002 ms
39) [11,16],  5666 ms
40) [10,16],  5005 ms
41) [8,14],  4705 ms
42) [11,3],  3778 ms
43) [10,2],  9881 ms
44) [12,3],  1923 ms
45) [12,2],  3481 ms
46) [9,2],  1867 ms
47) [10,3],  2633 ms
48) [10,5],  3218 ms
49) [9,5],  7562 ms
50) [9,4],  3064 ms
51) [8,3],  6484 ms
52) [6,8],  1583 ms
53) [10,17],  3338 ms
54) [11,18],  5001 ms
55) [6,13],  5094 ms
56) [6,14],  2147 ms
57) [7,12],  4385 ms
58) [8,11],  4936 ms
59) [5,12],  3720 ms
60) [6,12],  5001 ms
61) [8,10],  1225 ms
62) [4,13],  4394 ms
63) [10,11],  2425 ms
64) [5,10],  5003 ms
65) [4,10],  1145 ms
66) [4,14],  3207 ms
67) [7,14],  865 ms
68) [8,15],  30 ms
69) [4,11],  2395 ms
70) [3,10],  28 ms
71) [7,15],  543 ms
72) [7,16],  4405 ms
73) [4,16],  790 ms
74) [5,8],  4519 ms
75) [6,9],  1871 ms
76) [5,14],  1078 ms
77) [3,12],  991 ms
78) [3,15],  103 ms
79) [5,13],  28 ms
80) [6,17],  45 ms
81) [5,18],  566 ms
82) [2,11],  40 ms
83) [4,9],  1353 ms
84) [6,15],  65 ms
85) [8,17],  28 ms
86) [3,14],  61 ms
87) [2,14],  32 ms
88) [6,16],  29 ms
89) [6,18],  28 ms
90) [4,8],  30 ms
91) [7,8],  359 ms
92) [5,9],  28 ms
93) [5,7],  29 ms
94) [3,8],  28 ms
95) [2,8],  28 ms
96) [3,7],  29 ms
97) [6,10],  33 ms
98) [3,9],  30 ms
99) [3,11],  29 ms
100) [3,6],  28 ms

pela 5.0 wins

pela 5.0:  2564 ms/turn
pela 10.0:  3448 ms/turn
