 0) [12,9],  0 ms
 1) [11,9],  238 ms
 2) [11,10],  30 ms
 3) [12,10],  31 ms
 4) [13,11],  30 ms
 5) [13,10],  30 ms
 6) [14,11],  30 ms
 7) [12,11],  31 ms
 8) [16,9],  31 ms
 9) [15,10],  4311 ms
10) [16,11],  3214 ms
11) [16,10],  3349 ms
12) [14,10],  28 ms
13) [14,9],  8505 ms
14) [11,12],  1840 ms
15) [11,13],  5835 ms
16) [10,11],  5012 ms
17) [9,12],  7887 ms
18) [15,7],  5053 ms
19) [14,7],  9992 ms
20) [15,11],  3547 ms
21) [17,11],  29 ms
22) [16,8],  3950 ms
23) [15,9],  7331 ms
24) [18,12],  2789 ms
25) [16,12],  4200 ms
26) [13,7],  2784 ms
27) [13,5],  7331 ms
28) [15,8],  4234 ms
29) [14,5],  10015 ms
30) [14,6],  5010 ms
31) [16,6],  7032 ms
32) [16,5],  5010 ms
33) [18,10],  7806 ms
34) [15,13],  5006 ms
35) [17,8],  6049 ms
36) [17,10],  5031 ms
37) [14,13],  5552 ms
38) [12,6],  3454 ms
39) [11,5],  10016 ms
40) [12,5],  4019 ms
41) [12,8],  10013 ms
42) [15,4],  1813 ms
43) [14,3],  9203 ms
44) [10,10],  2059 ms
45) [9,10],  3673 ms
46) [9,13],  2363 ms
47) [8,11],  6375 ms
48) [7,12],  1952 ms
49) [18,9],  5728 ms
50) [13,3],  5026 ms
51) [10,12],  5654 ms
52) [12,14],  5031 ms
53) [8,10],  2245 ms
54) [18,11],  3059 ms
55) [19,12],  30 ms
56) [15,6],  2844 ms
57) [15,5],  30 ms
58) [11,6],  3228 ms
59) [13,6],  30 ms
60) [9,11],  3341 ms
61) [10,8],  4491 ms
62) [8,8],  4771 ms
63) [7,7],  3867 ms
64) [8,6],  5004 ms
65) [9,6],  1781 ms
66) [7,10],  3687 ms
67) [7,13],  1595 ms
68) [15,14],  4184 ms
69) [15,12],  1586 ms
70) [14,12],  4938 ms
71) [14,14],  2054 ms
72) [8,13],  2232 ms
73) [11,15],  934 ms
74) [7,9],  2942 ms
75) [7,11],  1370 ms
76) [9,9],  1973 ms
77) [9,14],  1325 ms
78) [17,4],  4180 ms
79) [9,15],  1768 ms
80) [16,14],  1912 ms
81) [17,15],  31 ms
82) [19,2],  3927 ms
83) [18,3],  30 ms
84) [12,12],  2883 ms
85) [11,11],  28 ms
86) [12,15],  3518 ms
87) [12,13],  1498 ms
88) [10,13],  5016 ms
89) [15,15],  1297 ms
90) [17,17],  5017 ms
91) [10,15],  1033 ms
92) [5,11],  1975 ms
93) [6,10],  660 ms
94) [9,16],  1618 ms
95) [8,14],  47 ms
96) [10,16],  5011 ms
97) [7,14],  37 ms
98) [10,14],  5009 ms
99) [6,14],  35 ms
100) [5,14],  30 ms
101) [7,15],  50 ms
102) [8,15],  29 ms
103) [5,13],  36 ms
104) [8,16],  5008 ms
105) pbrain-pela:  I win !
105) [6,12],  29 ms
106) [4,14],  31 ms
107) [3,11],  29 ms
108) [4,12],  30 ms
109) [6,11],  31 ms
110) [6,13],  31 ms
111) [6,8],  29 ms
112) [6,9],  30 ms
113) [5,9],  30 ms
114) [4,10],  29 ms
115) [4,8],  29 ms
116) [8,12],  29 ms
117) [3,7],  30 ms

pela 10.0 wins

pela 5.0:  2811 ms/turn
pela 10.0:  2954 ms/turn
