 0) [9,8],  1 ms
 1) [8,8],  173 ms
 2) [7,9],  31 ms
 3) [8,9],  29 ms
 4) [8,7],  30 ms
 5) [7,7],  30 ms
 6) [9,9],  29 ms
 7) [9,6],  4954 ms
 8) [9,11],  2553 ms
 9) [9,10],  10006 ms
10) [6,7],  5004 ms
11) [8,10],  10006 ms
12) [8,11],  3163 ms
13) [7,6],  9145 ms
14) [7,4],  5007 ms
15) [9,5],  3232 ms
16) [8,6],  5004 ms
17) [8,4],  3992 ms
18) [10,6],  2969 ms
19) [9,3],  10007 ms
20) [9,4],  4943 ms
21) [8,3],  6640 ms
22) [8,2],  5022 ms
23) [11,5],  3837 ms
24) [11,3],  5011 ms
25) [12,6],  3747 ms
26) [13,7],  5049 ms
27) [13,5],  10018 ms
28) [12,5],  4772 ms
29) [14,4],  7084 ms
30) [11,7],  5026 ms
31) [12,11],  10009 ms
32) [15,3],  3107 ms
33) [10,7],  8835 ms
34) [11,12],  4005 ms
35) [13,4],  5318 ms
36) [13,3],  1723 ms
37) [10,11],  3423 ms
38) [10,10],  1961 ms
39) [12,8],  3872 ms
40) [12,9],  2292 ms
41) [8,12],  3424 ms
42) [7,2],  5006 ms
43) [6,2],  3778 ms
44) [7,3],  1566 ms
45) [7,1],  3111 ms
46) [7,5],  3016 ms
47) [6,4],  7904 ms
48) [14,7],  5003 ms
49) [15,7],  6778 ms
50) [11,9],  5000 ms
51) [13,9],  4678 ms
52) [14,8],  1675 ms
53) [15,6],  2045 ms
54) [11,10],  334 ms
55) [11,11],  4618 ms
56) [14,10],  155 ms
57) [14,9],  1559 ms
58) [12,10],  63 ms
59) [13,10],  29 ms
60) [11,6],  31 ms
61) [11,8],  30 ms
62) [12,3],  30 ms
63) [14,3],  29 ms
64) [10,8],  30 ms
65) [9,7],  29 ms
66) [13,11],  1764 ms
67) [14,12],  33 ms
68) [16,7],  1568 ms
69) [14,5],  32 ms
70) [14,2],  2365 ms
71) [13,6],  31 ms
72) [12,7],  32 ms
73) pbrain-pela:  I win !
73) [14,6],  30 ms
74) [16,6],  29 ms
75) [12,4],  29 ms
76) [16,8],  30 ms
77) [11,4],  29 ms
78) [15,4],  30 ms
79) [10,4],  29 ms

pela 10.0 wins

pela 5.0:  2360 ms/turn
pela 10.0:  3814 ms/turn
