 0) [8,10],  31 ms
 1) [7,10],  172 ms
 2) [9,11],  30 ms
 3) [7,9],  31 ms
 4) [7,8],  2626 ms
 5) [9,10],  7764 ms
 6) [8,12],  4352 ms
 7) [7,13],  3500 ms
 8) [6,12],  1512 ms
 9) [5,13],  8937 ms
10) [7,12],  5020 ms
11) [9,12],  4178 ms
12) [6,13],  2223 ms
13) [8,11],  7936 ms
14) [10,13],  2817 ms
15) [5,12],  9998 ms
16) [6,11],  3178 ms
17) [6,10],  3045 ms
18) [5,11],  2167 ms
19) [6,15],  10002 ms
20) [10,14],  5008 ms
21) [8,13],  10008 ms
22) [7,14],  2564 ms
23) [6,9],  10012 ms
24) [5,8],  32 ms
25) [10,15],  7402 ms
26) [9,13],  502 ms
27) [11,15],  6704 ms
28) [9,14],  228 ms
29) [8,14],  6498 ms
30) [4,11],  172 ms
31) [3,11],  4992 ms
32) [8,15],  301 ms
33) [7,16],  4905 ms
34) [9,16],  52 ms
35) [10,17],  30 ms
36) [9,15],  48 ms
37) [9,17],  30 ms
38) [11,13],  34 ms
39) [12,12],  10008 ms
40) [11,12],  30 ms
41) [12,11],  30 ms
42) [12,14],  30 ms
43) [10,12],  30 ms
44) [12,13],  30 ms
45) [13,13],  30 ms
46) [13,14],  30 ms
47) [11,14],  30 ms
48) [14,15],  30 ms
49) [15,16],  30 ms
50) [10,11],  29 ms

pela 5.0 wins

pela 5.0:  1272 ms/turn
pela 10.0:  4652 ms/turn
