 0) [8,8],  32 ms
 1) [7,9],  31 ms
 2) [8,7],  31 ms
 3) [8,6],  32 ms
 4) [9,8],  2342 ms
 5) [10,8],  33 ms
 6) [10,6],  4132 ms
 7) [10,9],  8474 ms
 8) [11,9],  5009 ms
 9) [11,5],  2987 ms
10) [12,5],  1941 ms
11) [10,7],  3949 ms
12) [10,10],  4233 ms
13) [9,11],  8081 ms
14) [8,10],  4055 ms
15) [11,11],  5757 ms
16) [8,11],  1886 ms
17) [8,9],  31 ms
18) [12,8],  2142 ms
19) [11,7],  3974 ms
20) [9,9],  5028 ms
21) [13,7],  6444 ms
22) [12,7],  3818 ms
23) [12,6],  5114 ms
24) [10,4],  2386 ms
25) [7,7],  5193 ms
26) [14,8],  2183 ms
27) [15,8],  5033 ms
28) [5,9],  4988 ms
29) [5,8],  6726 ms
30) [14,9],  5008 ms
31) [14,6],  4576 ms
32) [15,6],  3590 ms
33) [9,10],  5876 ms
34) [7,8],  5037 ms
35) [10,5],  10020 ms
36) [13,5],  5012 ms
37) [13,4],  4407 ms
38) [16,5],  4242 ms
39) [14,7],  7351 ms
40) [16,6],  3318 ms
41) [14,5],  10011 ms
42) [13,9],  2960 ms
43) [15,7],  4105 ms
44) [14,10],  1502 ms
45) [14,4],  4151 ms
46) [14,3],  30 ms
47) [12,9],  9660 ms
48) [15,11],  37 ms
49) [16,12],  32 ms
50) [15,10],  46 ms
51) [13,8],  7594 ms
52) [13,10],  36 ms
53) [16,10],  2271 ms
54) [15,12],  35 ms
55) [15,13],  2006 ms
56) [16,9],  33 ms
57) [14,11],  33 ms
58) [15,9],  35 ms
59) [17,9],  32 ms
60) [16,8],  32 ms
61) [16,7],  31 ms
62) [17,7],  30 ms
63) [18,6],  29 ms
64) [13,11],  33 ms

pela 5.0 wins

pela 5.0:  2279 ms/turn
pela 10.0:  4188 ms/turn
