 0) [9,9],  30 ms
 1) [10,10],  31 ms
 2) [9,8],  31 ms
 3) [9,7],  31 ms
 4) [8,9],  2339 ms
 5) [7,9],  31 ms
 6) [7,7],  5036 ms
 7) [10,7],  3150 ms
 8) [10,6],  5031 ms
 9) [7,6],  5073 ms
10) [8,8],  5011 ms
11) [8,10],  3128 ms
12) [10,12],  5012 ms
13) [6,6],  7002 ms
14) [6,8],  1897 ms
15) [7,8],  8709 ms
16) [5,6],  4303 ms
17) [9,6],  10031 ms
18) [11,8],  3565 ms
19) [12,8],  3383 ms
20) [11,9],  2114 ms
21) [10,9],  10012 ms
22) [9,10],  3677 ms
23) [9,12],  5508 ms
24) [10,11],  5003 ms
25) [11,12],  10015 ms
26) [11,7],  2088 ms
27) [11,10],  6398 ms
28) [6,9],  3200 ms
29) [5,9],  3436 ms
30) [4,7],  1550 ms
31) [7,10],  9999 ms
32) [7,11],  5001 ms
33) [11,5],  9999 ms
34) [11,11],  4036 ms
35) [9,13],  5644 ms
36) [10,15],  5009 ms
37) [5,10],  4362 ms
38) [10,14],  5011 ms
39) [10,13],  31 ms
40) [12,11],  5001 ms
41) [13,11],  10000 ms
42) [8,11],  4579 ms
43) [9,11],  30 ms
44) [4,10],  5001 ms
45) [3,8],  6237 ms
46) [9,14],  2094 ms
47) [11,14],  2914 ms
48) [9,15],  4855 ms
49) [8,13],  3584 ms
50) [7,13],  1546 ms
51) [5,11],  3970 ms
52) [5,8],  5003 ms
53) [11,15],  2572 ms
54) [11,13],  3867 ms
55) [8,16],  1883 ms
56) [14,16],  1410 ms
57) [4,9],  2441 ms
58) [2,7],  2850 ms
59) [2,5],  4965 ms
60) [13,16],  2609 ms
61) [12,14],  5074 ms
62) [5,12],  1497 ms
63) [6,12],  1894 ms
64) [13,18],  3714 ms
65) [10,16],  2138 ms
66) [9,17],  4825 ms
67) [13,13],  3761 ms
68) [14,12],  30 ms
69) [8,15],  1254 ms
70) [8,14],  5012 ms
71) [13,14],  2770 ms
72) [13,12],  3285 ms
73) [12,17],  2649 ms
74) [14,14],  3264 ms
75) [14,15],  1239 ms
76) [5,7],  3189 ms
77) [6,7],  693 ms
78) [5,5],  1974 ms
79) [5,4],  31 ms
80) [6,3],  3263 ms
81) [9,16],  947 ms
82) [11,16],  5009 ms
83) [15,15],  1844 ms
84) [12,13],  2715 ms
85) [15,16],  1582 ms
86) [16,17],  4245 ms
87) [3,7],  759 ms
88) [7,16],  5012 ms
89) [7,14],  891 ms
90) [10,17],  5014 ms
91) [15,12],  764 ms
92) [12,15],  2122 ms
93) [10,5],  507 ms
94) [9,5],  5014 ms
95) [7,3],  351 ms
96) [6,15],  2992 ms
97) [9,18],  504 ms
98) [8,7],  2111 ms
99) [8,6],  823 ms
100) [16,15],  2314 ms
101) [11,4],  232 ms
102) [12,3],  5001 ms
103) [12,5],  672 ms
104) [15,14],  4832 ms
105) [14,13],  30 ms
106) [13,6],  5013 ms
107) [12,6],  99 ms
108) [12,7],  4286 ms
109) [7,5],  43 ms
110) [14,5],  3629 ms
111) [15,4],  31 ms
112) [6,4],  4037 ms
113) [7,4],  32 ms
114) [7,2],  31 ms
115) [10,4],  39 ms
116) [9,3],  55 ms
117) [9,4],  30 ms
118) [8,4],  31 ms
119) [13,7],  30 ms
120) [14,8],  31 ms
121) [10,3],  31 ms
122) [8,5],  29 ms
123) [13,4],  31 ms
124) [12,4],  31 ms
125) [10,1],  29 ms
126) [10,2],  31 ms
127) [9,2],  31 ms
128) [8,1],  30 ms
129) [8,3],  31 ms
130) [11,0],  30 ms
131) [6,5],  31 ms

pela 10.0 wins

pela 5.0:  3052 ms/turn
pela 10.0:  2673 ms/turn
