 0) [12,8],  31 ms
 1) [11,8],  198 ms
 2) [11,7],  31 ms
 3) [12,7],  30 ms
 4) [13,6],  32 ms
 5) [13,7],  30 ms
 6) [14,6],  30 ms
 7) [12,6],  30 ms
 8) [16,8],  31 ms
 9) [15,7],  4764 ms
10) [16,6],  3126 ms
11) [16,7],  3881 ms
12) [14,7],  30 ms
13) [14,8],  7276 ms
14) [11,5],  1675 ms
15) [11,4],  4916 ms
16) [10,6],  5013 ms
17) [9,5],  6475 ms
18) [15,10],  4710 ms
19) [14,10],  7128 ms
20) [16,9],  3013 ms
21) [15,8],  5877 ms
22) [13,10],  4040 ms
23) [12,4],  10009 ms
24) [13,4],  5000 ms
25) [9,4],  2152 ms
26) [9,6],  1707 ms
27) [10,4],  37 ms
28) [8,4],  31 ms
29) [12,3],  34 ms
30) [12,5],  31 ms
31) [12,2],  33 ms
32) [11,3],  5007 ms
33) [13,2],  32 ms
34) [14,1],  2111 ms
35) [11,2],  31 ms
36) [10,2],  31 ms
37) pbrain-pela:  I win !
37) [12,1],  30 ms
38) [12,0],  30 ms
39) [10,3],  29 ms
40) [13,0],  30 ms
41) [8,5],  32 ms

pela 10.0 wins

pela 5.0:  1701 ms/turn
pela 10.0:  2524 ms/turn
