 0) [11,8],  31 ms
 1) [12,9],  31 ms
 2) [12,7],  30 ms
 3) [10,9],  33 ms
 4) [13,8],  30 ms
 5) [11,6],  29 ms
 6) [9,9],  2478 ms
 7) [14,8],  7728 ms
 8) [10,8],  5007 ms
 9) [9,8],  3099 ms
10) [11,10],  4452 ms
11) [11,7],  10029 ms
12) [12,5],  4275 ms
13) [12,6],  4462 ms
14) [10,6],  1782 ms
15) [15,9],  7481 ms
16) [13,7],  1811 ms
17) [13,6],  8258 ms
18) [14,6],  3914 ms
19) [11,9],  7287 ms
20) [13,9],  1560 ms
21) [13,11],  10015 ms
22) [14,10],  5000 ms
23) [15,5],  10001 ms
24) [9,7],  1801 ms
25) [8,8],  6652 ms
26) [8,7],  2049 ms
27) [17,11],  6008 ms
28) [18,12],  3004 ms
29) [16,10],  10008 ms
30) [15,13],  5011 ms
31) [15,11],  10000 ms
32) [16,11],  2948 ms
33) [17,9],  9310 ms
34) [15,10],  4241 ms
35) [14,9],  27 ms
36) [18,8],  5007 ms
37) [15,6],  3070 ms
38) [13,10],  5024 ms
39) [12,10],  30 ms
40) [17,8],  1920 ms
41) [15,3],  1542 ms
42) [15,4],  2289 ms
43) [14,4],  1622 ms
44) [13,5],  33 ms
45) [13,3],  1182 ms
46) [16,6],  2224 ms
47) [14,3],  600 ms
48) [12,3],  4186 ms
49) [14,2],  382 ms
50) [14,1],  3142 ms
51) [12,2],  108 ms
52) [11,1],  31 ms
53) [13,2],  95 ms
54) [15,2],  1496 ms
55) [13,1],  1325 ms
56) [16,4],  2117 ms
57) [16,3],  71 ms
58) [17,3],  32 ms
59) [15,7],  34 ms
60) [15,8],  32 ms
61) [13,4],  32 ms
62) [13,0],  32 ms
63) [10,2],  33 ms
64) [11,2],  31 ms
65) [12,4],  35 ms
66) [15,1],  32 ms
67) [10,4],  31 ms
68) [11,4],  31 ms
69) [11,3],  31 ms
70) [14,0],  31 ms
71) [9,5],  31 ms

pela 10.0 wins

pela 5.0:  2142 ms/turn
pela 10.0:  3353 ms/turn
