 0) [12,12],  33 ms
 1) [12,13],  30 ms
 2) [13,12],  30 ms
 3) [14,12],  31 ms
 4) [15,13],  1523 ms
 5) [14,15],  10010 ms
 6) [13,14],  3625 ms
 7) [13,13],  10007 ms
 8) [15,14],  3474 ms
 9) [12,14],  4875 ms
10) [11,15],  3644 ms
11) [12,11],  3073 ms
12) [11,16],  1544 ms
13) [11,13],  9439 ms
14) [10,13],  3384 ms
15) [12,15],  10004 ms
16) [15,11],  1958 ms
17) [15,12],  3934 ms
18) [16,12],  4464 ms
19) [14,14],  10033 ms
20) [14,13],  3960 ms
21) [17,13],  7476 ms
22) [12,16],  1810 ms
23) [10,16],  3152 ms
24) [9,12],  5010 ms
25) [10,12],  6977 ms
26) [13,15],  5007 ms
27) [17,16],  10000 ms
28) [8,13],  2997 ms
29) [9,14],  3034 ms
30) [16,11],  4999 ms
31) [17,11],  5689 ms
32) [17,12],  5000 ms
33) [13,17],  4602 ms
34) [8,10],  1626 ms
35) [8,11],  7784 ms
36) [17,17],  2602 ms
37) [14,9],  5516 ms
38) [13,10],  5011 ms
39) [11,10],  9187 ms
40) [11,11],  3370 ms
41) [11,17],  3652 ms
42) [10,17],  3750 ms
43) [12,7],  7353 ms
44) [13,8],  1978 ms
45) [13,9],  6304 ms
46) [12,9],  4999 ms
47) [7,12],  5406 ms
48) [9,9],  1907 ms
49) [10,8],  3544 ms
50) [6,13],  5003 ms
51) [7,13],  2857 ms
52) [8,14],  4178 ms
53) [6,15],  3451 ms
54) [8,15],  1919 ms
55) [8,16],  1461 ms
56) [7,9],  4598 ms
57) [10,10],  2373 ms
58) [10,9],  5006 ms
59) [8,9],  1747 ms
60) [5,15],  3870 ms
61) [16,13],  2430 ms
62) [18,15],  5000 ms
63) [11,7],  2079 ms
64) [10,7],  2268 ms
65) [11,8],  1794 ms
66) [11,9],  1888 ms
67) [12,6],  1072 ms
68) [7,14],  3502 ms
69) [9,16],  30 ms
70) [5,12],  3790 ms
71) [4,11],  32 ms
72) [5,14],  3933 ms
73) [5,13],  1362 ms
74) [13,5],  2140 ms
75) [9,15],  661 ms
76) [6,14],  1654 ms
77) [4,14],  31 ms
78) [9,17],  2269 ms
79) [3,15],  45 ms
80) [2,16],  3666 ms
81) [6,12],  33 ms
82) [7,11],  30 ms
83) [7,17],  31 ms
84) [10,14],  31 ms
85) [6,16],  32 ms
86) [7,16],  30 ms
87) [6,18],  32 ms
88) [5,19],  31 ms
89) [5,17],  31 ms
90) [4,16],  30 ms
91) [6,17],  30 ms
92) [6,19],  30 ms
93) [4,17],  31 ms
94) [8,17],  30 ms
95) [3,17],  30 ms

pela 10.0 wins

pela 5.0:  2762 ms/turn
pela 10.0:  3599 ms/turn
