 0) [12,9],  29 ms
 1) [11,9],  257 ms
 2) [11,10],  29 ms
 3) [12,10],  30 ms
 4) [10,11],  30 ms
 5) [9,12],  29 ms
 6) [10,13],  4547 ms
 7) [10,14],  7545 ms
 8) [13,11],  3733 ms
 9) [14,11],  7729 ms
10) [13,12],  3496 ms
11) [13,10],  10068 ms
12) [11,12],  3529 ms
13) [12,13],  5881 ms
14) [9,10],  1477 ms
15) [12,11],  6729 ms
16) [12,14],  5010 ms
17) [8,9],  6633 ms
18) [13,15],  3917 ms
19) [13,13],  10007 ms
20) [12,12],  3635 ms
21) [14,12],  3911 ms
22) [14,13],  2009 ms
23) [11,13],  3817 ms
24) [15,13],  2308 ms
25) [15,14],  4098 ms
26) [9,11],  4467 ms
27) [13,8],  3688 ms
28) [14,8],  2480 ms
29) [14,14],  3345 ms
30) [15,9],  5008 ms
31) [14,10],  2935 ms
32) [15,10],  1959 ms
33) [15,12],  3890 ms
34) [17,14],  2519 ms
35) [8,11],  7897 ms
36) [8,12],  1649 ms
37) [14,15],  10016 ms
38) [18,13],  5012 ms
39) [17,13],  3840 ms
40) [13,16],  1743 ms
41) [16,7],  10012 ms
42) [15,8],  4372 ms
43) [15,7],  7641 ms
44) [14,7],  2994 ms
45) [14,6],  5978 ms
46) [13,9],  3570 ms
47) [16,9],  4051 ms
48) [16,8],  3061 ms
49) [11,6],  3627 ms
50) [13,6],  5004 ms
51) [17,8],  1923 ms
52) [14,5],  4999 ms
53) [11,4],  2603 ms
54) [11,5],  2453 ms
55) [12,6],  5982 ms
56) [12,7],  2092 ms
57) [11,8],  3695 ms
58) [9,8],  3279 ms
59) [9,7],  4591 ms
60) [8,6],  3212 ms
61) [16,4],  3564 ms
62) [6,8],  2830 ms
63) [7,7],  3426 ms
64) [8,7],  4407 ms
65) [10,9],  2937 ms
66) [7,9],  4140 ms
67) [8,10],  1137 ms
68) [7,8],  768 ms
69) [8,8],  925 ms
70) [6,9],  50 ms
71) [9,6],  639 ms
72) [6,10],  34 ms
73) [6,11],  2136 ms
74) [5,9],  33 ms
75) [7,11],  1394 ms
76) [6,6],  32 ms
77) [6,7],  30 ms
78) [4,9],  31 ms
79) [3,9],  29 ms
80) [5,10],  32 ms
81) [4,11],  30 ms
82) [5,11],  29 ms
83) [5,12],  834 ms
84) [5,8],  33 ms
85) [5,7],  29 ms
86) [4,8],  1111 ms
87) [3,8],  29 ms
88) [3,13],  30 ms
89) [4,12],  29 ms
90) [3,7],  3465 ms
91) [2,6],  29 ms
92) [16,3],  4071 ms
93) [15,4],  29 ms
94) [7,10],  118 ms
95) [4,7],  717 ms
96) [3,10],  5009 ms
97) [4,10],  29 ms
98) [1,12],  1835 ms
99) [2,11],  29 ms
100) [6,12],  30 ms
101) [1,10],  32 ms
102) [2,9],  29 ms
103) pbrain-pela:  I win !
103) [4,13],  29 ms
104) [4,14],  29 ms
105) [3,12],  30 ms
106) [5,14],  30 ms
107) [0,9],  30 ms

pela 10.0 wins

pela 5.0:  2255 ms/turn
pela 10.0:  3158 ms/turn
