 0) [10,12],  31 ms
 1) [9,12],  213 ms
 2) [9,11],  30 ms
 3) [10,11],  29 ms
 4) [8,13],  31 ms
 5) [8,12],  31 ms
 6) [7,13],  31 ms
 7) [9,13],  29 ms
 8) [5,11],  29 ms
 9) [6,12],  5512 ms
10) [5,12],  2771 ms
11) [5,10],  6084 ms
12) [7,11],  3582 ms
13) [7,10],  10016 ms
14) [6,9],  4338 ms
15) [6,11],  4509 ms
16) [5,13],  2561 ms
17) [6,13],  4816 ms
18) [6,14],  2400 ms
19) [7,15],  8504 ms
20) [4,12],  2123 ms
21) [3,13],  6890 ms
22) [5,14],  2459 ms
23) [5,15],  30 ms
24) [3,12],  1775 ms
25) [4,9],  5626 ms
26) [3,8],  3750 ms
27) [2,11],  5122 ms
28) [2,12],  1595 ms
29) [1,12],  30 ms
30) [3,10],  2523 ms
31) [3,11],  10015 ms
32) [5,8],  2236 ms
33) [8,10],  8600 ms
34) [6,10],  1659 ms
35) [4,8],  10015 ms
36) [3,6],  2155 ms
37) [4,7],  4243 ms
38) [4,6],  1665 ms
39) [4,11],  10001 ms
40) [4,10],  31 ms
41) [1,11],  3180 ms
42) [0,11],  30 ms
43) [3,9],  7150 ms
44) [2,10],  2387 ms
45) [1,10],  4273 ms
46) [1,9],  2852 ms
47) [5,6],  8591 ms
48) [4,15],  2211 ms
49) [6,7],  4499 ms
50) [3,7],  2073 ms
51) [2,8],  6345 ms
52) [4,14],  1686 ms
53) [3,14],  5595 ms
54) [4,16],  2493 ms
55) [4,13],  30 ms
56) [3,16],  4604 ms
57) [4,17],  2197 ms
58) [2,16],  4974 ms
59) [1,16],  3503 ms
60) [3,5],  2125 ms
61) [3,4],  31 ms
62) [4,5],  5002 ms
63) [5,5],  1757 ms
64) [2,17],  3482 ms
65) [1,18],  31 ms
66) [5,4],  5011 ms
67) [6,3],  4449 ms
68) [3,15],  5005 ms
69) [1,17],  30 ms
70) [8,8],  2479 ms
71) [7,9],  31 ms
72) [1,15],  4779 ms
73) [2,14],  4010 ms
74) [4,3],  2412 ms
75) [4,4],  1271 ms
76) [6,6],  1624 ms
77) [7,17],  3240 ms
78) [7,14],  5016 ms
79) [8,14],  31 ms
80) [2,15],  3229 ms
81) [0,15],  31 ms
82) [9,8],  3294 ms
83) [6,8],  1654 ms
84) [9,9],  1617 ms
85) [9,7],  2535 ms
86) [5,17],  1760 ms
87) [10,8],  1147 ms
88) [8,6],  5000 ms
89) [9,15],  743 ms
90) [8,15],  5007 ms
91) [3,17],  1891 ms
92) [9,16],  5000 ms
93) [10,10],  1641 ms
94) [9,10],  3597 ms
95) [8,3],  781 ms
96) [7,4],  3427 ms
97) [8,7],  961 ms
98) [7,7],  5007 ms
99) [9,6],  990 ms
100) [10,5],  5011 ms
101) [8,18],  550 ms
102) [10,4],  5012 ms
103) [9,5],  922 ms
104) [9,3],  5000 ms
105) [8,4],  708 ms
106) [11,7],  5011 ms
107) [10,16],  688 ms
108) [10,14],  1769 ms
109) [6,18],  606 ms
110) [5,19],  4801 ms
111) [7,2],  512 ms
112) [6,2],  2511 ms
113) [10,2],  442 ms
114) [10,9],  2477 ms
115) [12,7],  383 ms
116) [12,14],  4999 ms
117) [11,13],  313 ms
118) [11,17],  1999 ms
119) [11,18],  171 ms
120) [12,16],  3726 ms
121) [12,15],  188 ms
122) [7,18],  5011 ms
123) [6,16],  124 ms
124) [9,19],  30 ms
125) [13,15],  136 ms
126) [11,15],  2137 ms
127) [11,14],  197 ms
128) [10,13],  3835 ms
129) [9,14],  166 ms
130) [10,3],  5000 ms
131) [10,7],  125 ms
132) [8,1],  5000 ms
133) [7,6],  110 ms
134) [11,4],  165 ms
135) [9,2],  81 ms
136) [13,4],  54 ms
137) [1,14],  48 ms
138) [1,13],  30 ms
139) [12,4],  45 ms
140) [11,5],  31 ms
141) [8,2],  74 ms
142) [11,2],  29 ms
143) [11,3],  47 ms
144) [11,8],  31 ms
145) [11,6],  30 ms
146) [13,17],  30 ms
147) [14,18],  30 ms
148) [2,19],  30 ms
149) [2,18],  30 ms
150) [1,8],  31 ms
151) [2,7],  29 ms
152) [13,5],  2737 ms
153) [14,5],  30 ms
154) [13,7],  30 ms
155) [12,6],  29 ms
156) [13,6],  30 ms
157) [13,8],  30 ms
158) [13,3],  29 ms

pela 5.0 wins

pela 5.0:  2519 ms/turn
pela 10.0:  2275 ms/turn
