 0) [10,10],  34 ms
 1) [9,10],  177 ms
 2) [11,9],  30 ms
 3) [9,11],  29 ms
 4) [9,9],  2529 ms
 5) [11,11],  31 ms
 6) [8,11],  5013 ms
 7) [10,8],  7050 ms
 8) [7,9],  5012 ms
 9) [8,9],  10032 ms
10) [10,11],  3039 ms
11) [10,13],  4581 ms
12) [9,13],  3546 ms
13) [7,8],  3924 ms
14) [6,7],  5005 ms
15) [9,6],  3151 ms
16) [9,8],  4721 ms
17) [5,7],  3969 ms
18) [10,5],  3517 ms
19) [9,5],  10034 ms
20) [8,13],  5015 ms
21) [8,14],  5091 ms
22) [7,12],  5003 ms
23) [7,14],  4328 ms
24) [10,14],  5000 ms
25) [7,11],  3100 ms
26) [5,12],  2267 ms
27) [4,12],  3638 ms
28) [10,9],  4257 ms
29) [11,10],  10005 ms
30) [11,14],  4745 ms
31) [10,15],  4240 ms
32) [6,14],  5001 ms
33) [9,14],  4400 ms
34) [8,15],  2131 ms
35) [6,13],  3133 ms
36) [8,16],  5007 ms
37) [7,17],  10002 ms
38) [7,16],  4172 ms
39) [9,16],  10016 ms
40) [7,4],  5000 ms
41) [8,3],  4636 ms
42) [9,3],  4273 ms
43) [8,6],  4083 ms
44) [7,6],  2790 ms
45) [6,5],  10000 ms
46) [8,8],  2302 ms
47) [6,6],  3584 ms
48) [7,5],  4188 ms
49) [7,2],  6231 ms
50) [5,8],  5009 ms
51) [4,9],  7234 ms
52) [10,6],  33 ms
53) [9,7],  6119 ms
54) [7,7],  32 ms
55) [7,3],  31 ms
56) [10,4],  33 ms
57) [10,3],  31 ms
58) [9,4],  31 ms
59) [8,5],  33 ms
60) [8,4],  32 ms
61) [11,4],  34 ms
62) [6,4],  32 ms

pela 5.0 wins

pela 5.0:  3087 ms/turn
pela 10.0:  4611 ms/turn
