 0) [9,8],  711 ms
 1) [8,8],  239 ms
 2) [10,9],  29 ms
 3) [8,7],  29 ms
 4) [8,6],  2551 ms
 5) [10,8],  5801 ms
 6) [9,10],  2491 ms
 7) [8,11],  8701 ms
 8) [7,10],  4999 ms
 9) [6,11],  8825 ms
10) [8,10],  5003 ms
11) [10,10],  4186 ms
12) [7,11],  2168 ms
13) [9,9],  7805 ms
14) [11,11],  2969 ms
15) [6,10],  10031 ms
16) [7,9],  3734 ms
17) [7,8],  3434 ms
18) [6,9],  2382 ms
19) [7,13],  4683 ms
20) [11,12],  5001 ms
21) [9,11],  10048 ms
22) [8,12],  2917 ms
23) [7,7],  5333 ms
24) [6,6],  29 ms
25) [11,13],  4823 ms
26) [10,11],  605 ms
27) [12,13],  8822 ms
28) [10,12],  354 ms
29) [9,12],  9555 ms
30) [5,9],  295 ms
31) [4,9],  8498 ms
32) [9,13],  556 ms
33) [8,14],  8758 ms
34) [10,14],  53 ms
35) [11,15],  29 ms
36) [10,13],  51 ms
37) [10,15],  30 ms
38) [12,11],  36 ms
39) [13,10],  5439 ms
40) pbrain-pela:  I win !
40) [12,10],  30 ms
41) [13,9],  30 ms
42) [13,12],  29 ms
43) [11,10],  28 ms
44) [13,11],  30 ms
45) [14,11],  32 ms
46) [14,12],  28 ms
47) [12,12],  29 ms
48) [15,13],  29 ms
49) [16,14],  29 ms
50) [11,9],  29 ms

pela 5.0 wins

pela 5.0:  1427 ms/turn
pela 10.0:  4608 ms/turn
