 0) [8,10],  33 ms
 1) [7,10],  198 ms
 2) [9,9],  30 ms
 3) [7,11],  32 ms
 4) [7,12],  2660 ms
 5) [9,10],  7612 ms
 6) [8,8],  3584 ms
 7) [7,7],  10000 ms
 8) [6,8],  5015 ms
 9) [5,7],  7166 ms
10) [7,8],  5017 ms
11) [9,8],  3310 ms
12) [6,7],  2027 ms
13) [8,9],  6867 ms
14) [10,7],  2907 ms
15) [5,8],  10011 ms
16) [6,9],  1969 ms
17) [6,10],  10008 ms
18) [5,9],  1873 ms
19) [6,6],  3953 ms
20) [10,10],  2669 ms
21) [10,9],  10004 ms
22) [9,11],  5000 ms
23) [7,9],  5198 ms
24) [11,9],  190 ms
25) [12,8],  4348 ms
26) [8,12],  93 ms
27) [7,13],  30 ms
28) [11,11],  50 ms
29) [12,12],  30 ms
30) [10,12],  43 ms
31) [11,12],  8497 ms
32) [6,12],  45 ms
33) [9,12],  31 ms
34) [8,14],  42 ms
35) [9,13],  3740 ms
36) [5,10],  38 ms
37) [4,11],  30 ms
38) [8,13],  31 ms
39) [8,11],  30 ms
40) [6,11],  32 ms
41) [9,14],  30 ms
42) [4,9],  31 ms

pela 5.0 wins

pela 5.0:  1517 ms/turn
pela 10.0:  4339 ms/turn
