 0) [9,11],  33 ms
 1) [8,11],  177 ms
 2) [10,12],  31 ms
 3) [8,10],  33 ms
 4) [8,12],  2554 ms
 5) [10,10],  31 ms
 6) [7,10],  5012 ms
 7) [9,13],  7100 ms
 8) [6,12],  5109 ms
 9) [7,12],  3173 ms
10) [10,9],  2672 ms
11) [6,13],  10018 ms
12) [5,14],  4894 ms
13) [9,9],  4141 ms
14) [8,8],  1816 ms
15) [11,13],  8100 ms
16) [10,13],  1838 ms
17) [10,14],  4533 ms
18) [9,14],  3568 ms
19) [11,12],  4305 ms
20) [12,12],  2348 ms
21) [8,15],  10011 ms
22) [5,12],  2331 ms
23) [5,15],  7110 ms
24) [11,15],  2181 ms
25) [8,16],  4055 ms
26) [9,15],  5008 ms
27) [4,13],  10001 ms
28) [7,15],  5015 ms
29) [10,11],  9255 ms
30) [11,10],  5003 ms
31) [8,7],  5435 ms
32) [7,8],  4580 ms
33) [7,9],  6078 ms
34) [12,15],  5005 ms
35) [10,15],  3506 ms
36) [8,17],  4550 ms
37) [9,17],  10008 ms
38) [5,11],  3588 ms
39) [5,13],  7335 ms
40) [3,13],  3708 ms
41) [7,13],  7558 ms
42) [8,13],  33 ms
43) [2,14],  8296 ms
44) [12,14],  4564 ms
45) [12,13],  7109 ms
46) [13,14],  2607 ms
47) [8,9],  6080 ms
48) [9,10],  58 ms
49) [5,9],  5224 ms
50) [6,9],  31 ms
51) [10,17],  1418 ms
52) [9,16],  2209 ms
53) [13,13],  3118 ms
54) [15,14],  5007 ms
55) [14,14],  3843 ms
56) [15,15],  2265 ms
57) [13,15],  3266 ms
58) [12,16],  36 ms
59) [15,12],  1611 ms
60) [12,17],  35 ms
61) [12,18],  32 ms
62) [13,16],  33 ms
63) [14,15],  32 ms
64) [11,14],  33 ms
65) [14,17],  36 ms
66) [9,12],  37 ms

pela 5.0 wins

pela 5.0:  2582 ms/turn
pela 10.0:  4909 ms/turn
