 0) [8,8],  37 ms
 1) [7,8],  2993 ms
 2) [8,7],  28 ms
 3) [8,6],  28 ms
 4) [9,8],  2489 ms
 5) [10,9],  6917 ms
 6) [12,8],  3625 ms
 7) [11,8],  6859 ms
 8) [9,10],  1712 ms
 9) [9,9],  7785 ms
10) [12,9],  5011 ms
11) [12,10],  3769 ms
12) [11,10],  5013 ms
13) [13,8],  7160 ms
14) [10,8],  5011 ms
15) [6,8],  4798 ms
16) [6,9],  1716 ms
17) [5,6],  6238 ms
18) [7,7],  2049 ms
19) [5,8],  7046 ms
20) [6,6],  1815 ms
21) [5,7],  4959 ms
22) [5,5],  2802 ms
23) [4,4],  30 ms
24) [6,7],  4368 ms
25) [3,5],  10011 ms
26) [9,7],  5015 ms
27) [10,7],  31 ms
28) [7,9],  2335 ms
29) [6,10],  3037 ms
30) [5,9],  1732 ms
31) [4,9],  5195 ms
32) [10,6],  3893 ms
33) [11,5],  30 ms
34) [3,8],  2208 ms
35) [2,4],  34 ms
36) [4,6],  31 ms
37) [2,6],  33 ms
38) [5,3],  319 ms
39) [2,5],  38 ms
40) [2,7],  32 ms
41) [3,4],  31 ms
42) [1,4],  30 ms
43) [2,2],  48 ms
44) [2,3],  30 ms
45) [3,2],  41 ms
46) [3,3],  61 ms
47) [4,3],  30 ms
48) [5,2],  30 ms
49) pbrain-pela:  I win !
49) [5,4],  30 ms
50) [6,4],  31 ms
51) [2,1],  30 ms
52) [6,5],  30 ms
53) [1,0],  31 ms

pela 10.0 wins

pela 5.0:  1905 ms/turn
pela 10.0:  2860 ms/turn
