 0) [9,8],  187 ms
 1) [9,7],  31 ms
 2) [10,9],  29 ms
 3) [8,7],  30 ms
 4) [7,7],  2522 ms
 5) [9,9],  10018 ms
 6) [11,8],  4362 ms
 7) [12,7],  3338 ms
 8) [11,6],  1631 ms
 9) [12,5],  10006 ms
10) [11,7],  1596 ms
11) [11,9],  3997 ms
12) [12,6],  2121 ms
13) [10,8],  7143 ms
14) [12,10],  2597 ms
15) [11,5],  9911 ms
16) [10,6],  2546 ms
17) [9,6],  2873 ms
18) [10,5],  2258 ms
19) [14,6],  4665 ms
20) [13,10],  5020 ms
21) [12,8],  10006 ms
22) [13,7],  2700 ms
23) [8,6],  5871 ms
24) [7,5],  28 ms
25) [14,10],  7496 ms
26) [12,9],  643 ms
27) [14,11],  7935 ms
28) [13,9],  294 ms
29) [13,8],  9833 ms
30) [10,4],  314 ms
31) [10,3],  8948 ms
32) [14,8],  526 ms
33) [15,7],  8792 ms
34) [15,9],  51 ms
35) [16,10],  29 ms
36) [14,9],  49 ms
37) [16,9],  28 ms
38) [12,11],  33 ms
39) [11,12],  5404 ms
40) pbrain-pela:  I win !
40) [11,11],  28 ms
41) [10,12],  28 ms
42) [13,12],  30 ms
43) [11,10],  28 ms
44) [12,12],  28 ms
45) [12,13],  29 ms
46) [13,13],  40 ms
47) [13,11],  97 ms
48) [14,14],  87 ms
49) [15,15],  58 ms
50) [10,10],  28 ms

pela 5.0 wins

pela 5.0:  1144 ms/turn
pela 10.0:  4663 ms/turn
