 0) [10,10],  30 ms
 1) [9,10],  2074 ms
 2) [8,11],  29 ms
 3) [9,11],  76 ms
 4) [9,9],  56 ms
 5) [8,9],  53 ms
 6) [10,11],  30 ms
 7) [10,8],  8627 ms
 8) [10,13],  4604 ms
 9) [10,12],  10013 ms
10) [7,9],  1566 ms
11) [9,12],  10029 ms
12) [9,13],  3190 ms
13) [8,8],  8079 ms
14) [8,6],  5013 ms
15) [10,7],  3384 ms
16) [9,8],  5027 ms
17) [9,6],  4087 ms
18) [11,8],  2869 ms
19) [10,5],  9993 ms
20) [10,6],  5000 ms
21) [9,5],  7869 ms
22) [9,4],  1524 ms
23) [12,7],  5101 ms
24) [12,5],  5054 ms
25) [13,8],  3716 ms
26) [14,9],  5003 ms
27) [8,7],  10001 ms
28) [7,8],  5000 ms
29) [7,11],  5554 ms
30) [11,4],  1780 ms
31) [10,3],  9404 ms
32) [14,10],  5014 ms
33) [11,13],  9999 ms
34) [12,14],  4242 ms
35) [14,11],  10009 ms
36) [11,7],  4223 ms
37) [11,6],  4370 ms
38) [13,9],  882 ms
39) [12,8],  32 ms
40) [15,9],  871 ms
41) [16,9],  5661 ms
42) [16,8],  105 ms
43) [13,11],  4437 ms
44) [12,10],  40 ms
45) [11,11],  6771 ms
46) [11,12],  4109 ms
47) [12,11],  5022 ms
48) [15,11],  31 ms
49) [15,10],  3980 ms
50) [13,12],  29 ms
51) [14,12],  1499 ms
52) [14,7],  797 ms
53) [17,8],  2492 ms
54) [18,7],  29 ms
55) [15,7],  3967 ms
56) [13,14],  1862 ms
57) [14,14],  1093 ms
58) [11,15],  5014 ms
59) [14,15],  3239 ms
60) [14,13],  30 ms
61) [10,14],  1077 ms
62) [7,5],  2538 ms
63) [12,15],  2621 ms
64) [6,4],  3805 ms
65) [5,3],  2241 ms
66) [8,4],  3629 ms
67) [7,4],  1919 ms
68) [12,4],  2792 ms
69) [10,4],  29 ms
70) [18,6],  1289 ms
71) [17,7],  29 ms
72) [14,6],  2572 ms
73) [14,8],  30 ms
74) [10,2],  319 ms
75) [9,3],  488 ms
76) [7,7],  64 ms
77) [7,6],  29 ms
78) [11,3],  45 ms
79) [13,5],  29 ms
80) [11,2],  46 ms
81) [11,1],  44 ms
82) [12,2],  33 ms
83) [12,3],  31 ms
84) [9,2],  31 ms
85) [13,2],  30 ms
86) [8,2],  31 ms

pela 5.0 wins

pela 5.0:  2051 ms/turn
pela 10.0:  3935 ms/turn
