 0) [10,11],  30 ms
 1) [11,10],  31 ms
 2) [9,10],  30 ms
 3) [11,12],  31 ms
 4) [10,9],  31 ms
 5) [8,11],  30 ms
 6) [11,13],  3669 ms
 7) [10,8],  10010 ms
 8) [10,13],  5031 ms
 9) [10,12],  2956 ms
10) [8,12],  2955 ms
11) [9,13],  5051 ms
12) [13,13],  1991 ms
13) [12,13],  9164 ms
14) [12,10],  3148 ms
15) [13,11],  5217 ms
16) [14,11],  2268 ms
17) [13,8],  7132 ms
18) [13,10],  2928 ms
19) [12,9],  6277 ms
20) [14,7],  4297 ms
21) [16,8],  10007 ms
22) [15,9],  4444 ms
23) [14,8],  7281 ms
24) [15,8],  3128 ms
25) [11,8],  8161 ms
26) [12,8],  30 ms
27) [11,9],  3911 ms
28) [11,11],  30 ms
29) [11,7],  9837 ms
30) [11,6],  32 ms
31) [15,11],  3943 ms
32) [13,6],  32 ms
33) [12,5],  30 ms
34) [16,7],  32 ms
35) [14,9],  30 ms
36) [15,7],  32 ms
37) [15,6],  32 ms
38) [13,7],  30 ms
39) [17,7],  30 ms
40) [12,7],  31 ms

pela 5.0 wins

pela 5.0:  1628 ms/turn
pela 10.0:  4458 ms/turn
