 0) [12,9],  30 ms
 1) [11,9],  329 ms
 2) [11,10],  29 ms
 3) [12,10],  30 ms
 4) [10,11],  30 ms
 5) [9,12],  31 ms
 6) [10,13],  4907 ms
 7) [13,8],  10041 ms
 8) [13,11],  4141 ms
 9) [9,11],  10015 ms
10) [8,12],  5002 ms
11) [10,12],  8928 ms
12) [9,13],  1724 ms
13) [11,13],  8000 ms
14) [12,14],  1948 ms
15) [7,11],  10031 ms
16) [8,10],  4360 ms
17) [11,8],  4534 ms
18) [14,8],  2644 ms
19) [9,10],  4323 ms
20) [9,8],  4610 ms
21) [12,11],  10007 ms
22) [12,7],  5000 ms
23) [12,6],  10000 ms
24) [11,15],  1709 ms
25) [10,14],  7006 ms
26) [12,15],  2668 ms
27) [9,15],  3819 ms
28) [8,16],  1652 ms
29) [12,16],  6261 ms
30) [13,13],  59 ms
31) [14,12],  6455 ms
32) [13,14],  88 ms
33) [13,12],  9747 ms
34) [11,16],  36 ms
35) [10,17],  3839 ms
36) [8,13],  45 ms
37) [8,11],  31 ms
38) pbrain-pela:  I win !
38) [10,16],  30 ms
39) [9,17],  30 ms
40) [8,15],  30 ms
41) [8,14],  30 ms
42) [7,16],  30 ms
43) [9,16],  29 ms
44) [9,14],  29 ms
45) [11,12],  30 ms
46) [6,17],  30 ms

pela 5.0 wins

pela 5.0:  1701 ms/turn
pela 10.0:  4936 ms/turn
