 0) [8,12],  55 ms
 1) [8,13],  41 ms
 2) [7,11],  30 ms
 3) [9,13],  31 ms
 4) [10,13],  2248 ms
 5) [8,11],  5040 ms
 6) [6,12],  3814 ms
 7) [5,13],  3050 ms
 8) [6,14],  1402 ms
 9) [5,15],  6881 ms
10) [6,13],  5038 ms
11) [6,11],  3374 ms
12) [5,14],  5002 ms
13) [7,12],  4091 ms
14) [5,10],  2126 ms
15) [6,15],  10021 ms
16) [7,14],  3025 ms
17) [8,14],  3012 ms
18) [7,15],  2524 ms
19) [3,14],  9486 ms
20) [4,10],  3202 ms
21) [5,12],  6910 ms
22) [4,13],  2081 ms
23) [9,14],  5530 ms
24) [10,15],  30 ms
25) [3,10],  6822 ms
26) [5,11],  470 ms
27) [3,9],  6935 ms
28) [4,11],  272 ms
29) [4,12],  5851 ms
30) [7,16],  167 ms
31) [7,17],  10014 ms
32) [3,12],  245 ms
33) [2,13],  10006 ms
34) [2,11],  48 ms
35) [1,10],  28 ms
36) [3,11],  41 ms
37) [1,11],  30 ms
38) [5,9],  31 ms
39) [6,8],  9433 ms
40) [6,9],  29 ms
41) [7,8],  32 ms
42) [4,8],  30 ms
43) [6,10],  31 ms
44) [5,8],  30 ms
45) [5,7],  30 ms
46) [4,7],  72 ms
47) [4,9],  41 ms
48) [3,6],  29 ms
49) [7,10],  74 ms
50) [2,5],  29 ms

pela 5.0 wins

pela 5.0:  1233 ms/turn
pela 10.0:  4271 ms/turn
