 0) [9,8],  15364 ms
 1) [8,8],  1481 ms
 2) [10,9],  123 ms
 3) [8,7],  30 ms
 4) [8,6],  5010 ms
 5) [10,8],  10016 ms
 6) [9,10],  4999 ms
 7) [8,11],  3456 ms
 8) [7,10],  1628 ms
 9) [6,11],  8805 ms
10) [8,10],  5023 ms
11) [10,10],  3791 ms
12) [7,11],  2185 ms
13) [9,9],  7739 ms
14) [11,11],  2749 ms
15) [6,10],  10003 ms
16) [7,9],  4051 ms
17) [7,8],  3565 ms
18) [6,9],  2386 ms
19) [7,13],  4761 ms
20) [11,12],  5051 ms
21) [9,11],  10047 ms
22) [8,12],  2777 ms
23) [7,7],  5281 ms
24) [6,6],  30 ms
25) [11,13],  4938 ms
26) [10,11],  604 ms
27) [12,13],  8820 ms
28) [10,12],  348 ms
29) [9,12],  10016 ms
30) [5,9],  282 ms
31) [4,9],  7632 ms
32) [9,13],  420 ms
33) [8,14],  6651 ms
34) [10,14],  51 ms
35) [11,15],  29 ms
36) [10,13],  49 ms
37) [10,15],  28 ms
38) [12,11],  33 ms
39) [13,10],  3556 ms
40) pbrain-pela:  I win !
40) [12,10],  28 ms
41) [13,9],  29 ms
42) [13,12],  35 ms
43) [11,10],  28 ms
44) [13,11],  29 ms
45) [14,11],  29 ms
46) [14,12],  30 ms
47) [12,12],  35 ms
48) [15,13],  29 ms
49) [16,14],  28 ms
50) [11,9],  28 ms

pela 5.0 wins

pela 5.0:  2051 ms/turn
pela 10.0:  4431 ms/turn
