 0) [10,9],  30 ms
 1) [9,10],  30 ms
 2) [11,10],  31 ms
 3) [9,8],  29 ms
 4) [10,11],  30 ms
 5) [12,9],  30 ms
 6) [9,7],  4015 ms
 7) [10,12],  9999 ms
 8) [10,8],  5047 ms
 9) [10,7],  10079 ms
10) [7,10],  1894 ms
11) [8,6],  10012 ms
12) [8,5],  5001 ms
13) [7,11],  6572 ms
14) [13,10],  3373 ms
15) [13,11],  5344 ms
16) [12,12],  2155 ms
17) [14,14],  8152 ms
18) [9,13],  3702 ms
19) [12,8],  4488 ms
20) [12,7],  5029 ms
21) [14,10],  7515 ms
22) [11,7],  1878 ms
23) [12,6],  5357 ms
24) [15,11],  5000 ms
25) [12,14],  8089 ms
26) [13,15],  5006 ms
27) [7,7],  6304 ms
28) [6,8],  1762 ms
29) [9,12],  10013 ms
30) [9,11],  5000 ms
31) [11,3],  3793 ms
32) [10,4],  4814 ms
33) [6,12],  3655 ms
34) [5,8],  2750 ms
35) [6,9],  10049 ms
36) [7,12],  5003 ms
37) [7,6],  10063 ms
38) [9,6],  2232 ms
39) [3,9],  8160 ms
40) [5,11],  1949 ms
41) [7,8],  6852 ms
42) [7,5],  5023 ms
43) [6,5],  2563 ms
44) [5,4],  3651 ms
45) [5,10],  2929 ms
46) [4,11],  3593 ms
47) [10,5],  2763 ms
48) [4,12],  2307 ms
49) [4,9],  5300 ms
50) [2,9],  1763 ms
51) [4,13],  4576 ms
52) [5,9],  5042 ms
53) [3,13],  1300 ms
54) [5,13],  5013 ms
55) [3,11],  2544 ms
56) [3,8],  4332 ms
57) [2,8],  2408 ms
58) [5,7],  1939 ms
59) [3,10],  1060 ms
60) [3,12],  28 ms
61) [5,6],  984 ms
62) [7,9],  3966 ms
63) [8,10],  28 ms
64) [8,8],  3341 ms
65) [6,10],  28 ms
66) [10,6],  3808 ms
67) [11,5],  27 ms
68) [12,5],  2868 ms
69) [8,4],  2700 ms
70) [4,10],  2560 ms
71) [15,9],  2347 ms
72) [14,8],  1911 ms
73) [4,5],  1969 ms
74) [6,7],  4374 ms
75) [1,12],  1689 ms
76) [11,4],  4306 ms
77) [11,8],  1460 ms
78) [12,11],  5000 ms
79) [11,12],  929 ms
80) [6,13],  5009 ms
81) [7,13],  1021 ms
82) [16,8],  5010 ms
83) [15,8],  308 ms
84) [15,7],  5005 ms
85) [4,6],  922 ms
86) [6,6],  28 ms
87) [0,13],  785 ms
88) [2,11],  27 ms
89) [4,7],  388 ms
90) [4,8],  27 ms
91) [8,3],  551 ms
92) [7,4],  27 ms
93) [14,7],  558 ms
94) [17,9],  3845 ms
95) [4,4],  403 ms
96) [4,3],  28 ms
97) [18,10],  411 ms
98) [16,10],  5001 ms
99) [1,13],  280 ms
100) [2,13],  28 ms
101) [14,12],  193 ms
102) [11,11],  27 ms
103) [8,11],  28 ms
104) [13,5],  30 ms
105) [14,6],  28 ms
106) [9,9],  28 ms
107) [10,10],  28 ms
108) [13,9],  28 ms
109) [12,10],  29 ms
110) [18,8],  28 ms
111) [19,7],  28 ms
112) [16,6],  28 ms
113) [17,5],  28 ms
114) [16,7],  28 ms
115) [16,9],  28 ms
116) [16,5],  28 ms
117) [16,4],  28 ms
118) [15,5],  28 ms
119) [14,5],  28 ms
120) [17,7],  28 ms
121) [19,9],  28 ms
122) [14,4],  28 ms

pela 5.0 wins

pela 5.0:  2497 ms/turn
pela 10.0:  2922 ms/turn
