 0) [10,12],  31 ms
 1) [9,12],  286 ms
 2) [8,13],  34 ms
 3) [9,13],  30 ms
 4) [9,14],  47 ms
 5) [10,14],  30 ms
 6) [8,12],  40 ms
 7) [8,15],  4567 ms
 8) [8,10],  3975 ms
 9) [8,11],  10006 ms
10) [11,14],  5000 ms
11) [9,11],  10031 ms
12) [9,10],  5019 ms
13) [10,15],  6494 ms
14) [10,17],  4748 ms
15) [5,11],  7526 ms
16) [6,11],  2553 ms
17) [5,10],  5193 ms
18) [5,9],  1995 ms
19) [8,9],  7865 ms
20) [9,17],  2335 ms
21) [11,17],  6015 ms
22) [6,9],  3722 ms
23) [6,8],  5936 ms
24) [9,15],  2317 ms
25) [12,16],  2811 ms
26) [13,17],  2143 ms
27) [3,9],  3700 ms
28) [6,14],  5009 ms
29) [6,12],  9111 ms
30) [4,10],  4754 ms
31) [3,8],  5766 ms
32) [3,7],  5012 ms
33) [5,13],  6003 ms
34) [5,12],  2440 ms
35) [10,10],  10010 ms
36) [5,7],  4503 ms
37) [4,8],  4729 ms
38) [5,8],  2914 ms
39) [4,7],  10011 ms
40) [5,5],  4808 ms
41) [5,6],  31 ms
42) [6,5],  1657 ms
43) [6,4],  9114 ms
44) [8,16],  1603 ms
45) [7,15],  7062 ms
46) [2,10],  1551 ms
47) [2,7],  2095 ms
48) [4,9],  1635 ms
49) [3,10],  4144 ms
50) [1,10],  4160 ms
51) [3,6],  5910 ms
52) [2,6],  3913 ms
53) [11,11],  1911 ms
54) [10,11],  3182 ms
55) [4,5],  95 ms
56) [5,4],  5009 ms
57) [12,12],  40 ms
58) [9,16],  3883 ms
59) [9,18],  34 ms
60) [13,13],  3849 ms
61) [7,8],  32 ms
62) [6,7],  32 ms
63) [7,6],  34 ms
64) [4,6],  30 ms
65) [8,8],  33 ms
66) [9,9],  35 ms
67) [7,9],  32 ms
68) [6,10],  32 ms
69) [7,7],  30 ms
70) [7,10],  32 ms
71) [7,5],  30 ms

pela 10.0 wins

pela 5.0:  2611 ms/turn
pela 10.0:  4076 ms/turn
