 0) [8,9],  31 ms
 1) [7,9],  31 ms
 2) [6,10],  29 ms
 3) [7,10],  32 ms
 4) [7,11],  31 ms
 5) [8,11],  30 ms
 6) [6,9],  33 ms
 7) [6,12],  4859 ms
 8) [6,7],  3904 ms
 9) [6,8],  10028 ms
10) [9,11],  1570 ms
11) [7,8],  10042 ms
12) [7,7],  1361 ms
13) [8,12],  5961 ms
14) [8,14],  4911 ms
15) [3,8],  9143 ms
16) [4,8],  2032 ms
17) [3,7],  4622 ms
18) [3,6],  1780 ms
19) [6,6],  5197 ms
20) [9,14],  2970 ms
21) [10,14],  4586 ms
22) [4,9],  2065 ms
23) [4,7],  3414 ms
24) [2,7],  1834 ms
25) [4,5],  10023 ms
26) [6,5],  5016 ms
27) [8,7],  5501 ms
28) [4,6],  5015 ms
29) [2,6],  4454 ms
30) [5,12],  4149 ms
31) [4,11],  10007 ms
32) [9,13],  5016 ms
33) [9,12],  10022 ms
34) [10,12],  1972 ms
35) [11,11],  5799 ms
36) [11,13],  181 ms
37) [12,14],  3175 ms
38) [10,13],  402 ms
39) [8,13],  10004 ms
40) [8,15],  135 ms
41) [7,16],  9007 ms
42) [7,15],  93 ms
43) [6,16],  30 ms
44) [9,15],  76 ms
45) [10,15],  6579 ms
46) [9,17],  51 ms
47) [9,16],  33 ms
48) [8,16],  34 ms
49) [6,14],  6767 ms
50) [8,17],  32 ms
51) [8,18],  32 ms
52) [11,12],  33 ms
53) [12,11],  31 ms
54) [12,13],  32 ms
55) [13,13],  32 ms
56) [10,11],  31 ms
57) [9,10],  32 ms
58) [6,15],  2465 ms
59) [5,15],  31 ms
60) [7,17],  3068 ms
61) [10,17],  3079 ms
62) [13,14],  2192 ms
63) [14,15],  31 ms
64) [6,18],  5005 ms
65) [5,19],  31 ms
66) [4,16],  2078 ms
67) [5,17],  5344 ms
68) [10,9],  5016 ms
69) [10,10],  33 ms
70) [14,14],  5014 ms
71) [15,14],  4579 ms
72) [10,18],  5016 ms
73) [11,19],  29 ms
74) [15,11],  5002 ms
75) [3,11],  2091 ms
76) [5,14],  5004 ms
77) [13,15],  1369 ms
78) [12,15],  5005 ms
79) [9,6],  1870 ms
80) [8,8],  3738 ms
81) [5,8],  1128 ms
82) [3,9],  5015 ms
83) [9,9],  3000 ms
84) [12,12],  32 ms
85) [13,12],  1543 ms
86) [11,10],  5003 ms
87) [9,7],  2345 ms
88) [9,8],  31 ms
89) [8,6],  1181 ms
90) [2,9],  4102 ms
91) [5,9],  32 ms
92) [1,9],  5013 ms
93) [0,9],  32 ms
94) [7,6],  5016 ms
95) [10,5],  91 ms
96) [11,4],  32 ms
97) [7,5],  54 ms
98) [10,8],  1457 ms
99) [8,4],  33 ms
100) [9,3],  5004 ms
101) [8,3],  33 ms
102) [8,5],  32 ms
103) [6,4],  34 ms
104) [5,3],  32 ms
105) [9,4],  33 ms
106) [11,6],  32 ms
107) [7,4],  31 ms
108) [10,4],  32 ms
109) [5,4],  31 ms

pela 10.0 wins

pela 5.0:  2259 ms/turn
pela 10.0:  3046 ms/turn
