 0) [12,9],  30 ms
 1) [11,9],  1361 ms
 2) [11,10],  30 ms
 3) [12,10],  31 ms
 4) [13,11],  30 ms
 5) [13,10],  31 ms
 6) [14,11],  30 ms
 7) [12,11],  30 ms
 8) [16,9],  31 ms
 9) [15,10],  8282 ms
10) [16,11],  5030 ms
11) [16,10],  4648 ms
12) [14,10],  31 ms
13) [14,9],  9152 ms
14) [11,12],  1767 ms
15) [11,13],  5554 ms
16) [10,11],  5036 ms
17) [9,12],  7908 ms
18) [15,7],  5015 ms
19) [14,7],  9414 ms
20) [15,11],  3258 ms
21) [17,11],  30 ms
22) [16,8],  3606 ms
23) [15,9],  7157 ms
24) [18,12],  2490 ms
25) [16,12],  4508 ms
26) [13,7],  2788 ms
27) [13,5],  6773 ms
28) [15,8],  3505 ms
29) [14,5],  10036 ms
30) [14,6],  5016 ms
31) [16,6],  6991 ms
32) [16,5],  5010 ms
33) [18,10],  7621 ms
34) [15,13],  4651 ms
35) [17,8],  5106 ms
36) [17,10],  3682 ms
37) [14,13],  3679 ms
38) [12,6],  2172 ms
39) [11,5],  7414 ms
40) [12,5],  3174 ms
41) [12,8],  7747 ms
42) [15,4],  5007 ms
43) [14,3],  6715 ms
44) [10,10],  5004 ms
45) [9,10],  8547 ms
46) [9,13],  5015 ms
47) [8,11],  3922 ms
48) [7,12],  4819 ms
49) [18,9],  3520 ms
50) [13,3],  5006 ms
51) [10,12],  3713 ms
52) [9,11],  4408 ms
53) [10,6],  5723 ms
54) [9,7],  2723 ms
55) [19,12],  2638 ms
56) [7,13],  1602 ms
57) [8,12],  3315 ms
58) [15,6],  5004 ms
59) [15,5],  31 ms
60) [18,8],  5000 ms
61) [11,7],  1926 ms
62) [9,5],  3529 ms
63) [11,6],  3796 ms
64) [11,8],  29 ms
65) [9,6],  1118 ms
66) [11,4],  3203 ms
67) [12,14],  1285 ms
68) [10,13],  2047 ms
69) [7,10],  937 ms
70) [8,9],  5009 ms
71) [6,10],  2750 ms
72) [6,9],  4717 ms
73) [4,11],  2372 ms
74) [8,10],  5001 ms
75) [7,9],  1464 ms
76) [8,6],  5005 ms
77) [7,7],  1219 ms
78) [7,8],  4523 ms
79) [7,5],  1132 ms
80) [9,14],  4007 ms
81) [6,13],  1494 ms
82) [3,10],  5011 ms
83) [7,16],  1271 ms
84) [5,8],  5016 ms
85) [8,8],  866 ms
86) [5,11],  5010 ms
87) [4,9],  412 ms
88) [6,6],  2205 ms
89) [4,10],  913 ms
90) [4,8],  3731 ms
91) [5,6],  438 ms
92) [15,15],  3060 ms
93) [3,8],  298 ms
94) [6,5],  1698 ms
95) [11,15],  515 ms
96) [13,13],  5012 ms
97) [15,14],  527 ms
98) [13,15],  2379 ms
99) [13,14],  531 ms
100) [14,14],  3457 ms
101) [16,16],  188 ms
102) [17,16],  5011 ms
103) [8,15],  147 ms
104) [12,12],  3985 ms
105) [11,11],  31 ms
106) [7,14],  5010 ms
107) [11,17],  406 ms
108) [11,16],  5016 ms
109) [10,15],  343 ms
110) [9,15],  2316 ms
111) [8,14],  264 ms
112) [8,13],  31 ms
113) [5,10],  136 ms
114) [2,7],  4988 ms
115) [16,15],  235 ms
116) [13,12],  30 ms
117) [14,12],  205 ms
118) [16,13],  4327 ms
119) [18,15],  157 ms
120) [8,17],  4279 ms
121) [7,11],  129 ms
122) [5,4],  2024 ms
123) [6,7],  131 ms
124) [4,3],  1368 ms
125) [14,8],  71 ms
126) [13,9],  29 ms
127) [13,8],  61 ms
128) [12,7],  29 ms
129) [4,13],  37 ms
130) [4,12],  32 ms
131) [3,2],  72 ms
132) [4,5],  35 ms
133) [3,6],  34 ms
134) [4,4],  38 ms
135) [4,6],  39 ms
136) [6,4],  33 ms
137) [7,4],  75 ms
138) [6,3],  30 ms
139) [6,2],  30 ms
140) [8,1],  30 ms
141) [7,2],  33 ms
142) [7,6],  31 ms
143) [8,7],  31 ms
144) [12,3],  30 ms
145) [12,4],  30 ms
146) [10,3],  31 ms
147) [9,2],  30 ms
148) [9,3],  30 ms
149) [11,3],  30 ms
150) [7,3],  30 ms
151) [8,3],  32 ms
152) [2,4],  31 ms
153) [3,4],  31 ms
154) [3,3],  30 ms
155) [5,3],  31 ms
156) [4,2],  31 ms
157) [4,1],  32 ms
158) [1,5],  31 ms
159) [5,1],  31 ms
160) [0,6],  31 ms

pela 5.0 wins

pela 5.0:  2624 ms/turn
pela 10.0:  2249 ms/turn
