 0) [12,10],  32 ms
 1) [12,11],  32 ms
 2) [11,11],  32 ms
 3) [11,10],  31 ms
 4) [13,9],  31 ms
 5) [14,8],  32 ms
 6) [15,9],  5010 ms
 7) [16,9],  8404 ms
 8) [13,12],  1622 ms
 9) [13,13],  6970 ms
10) [12,12],  2860 ms
11) [14,12],  5474 ms
12) [15,11],  1913 ms
13) [14,10],  10009 ms
14) [14,7],  4286 ms
15) [13,8],  9142 ms
16) [14,9],  1704 ms
17) [10,12],  10010 ms
18) [9,9],  5016 ms
19) [8,8],  10016 ms
20) [10,8],  2074 ms
21) [11,9],  7618 ms
22) [11,8],  3653 ms
23) [11,7],  10000 ms
24) [17,8],  2279 ms
25) [8,10],  10003 ms
26) [8,9],  3912 ms
27) [15,8],  3849 ms
28) [9,11],  5021 ms
29) [9,10],  3255 ms
30) [7,10],  1869 ms
31) [6,9],  10018 ms
32) [17,9],  2343 ms
33) [6,8],  10033 ms
34) [7,8],  1705 ms
35) [6,11],  3046 ms
36) [6,12],  1936 ms
37) [6,10],  169 ms
38) [6,7],  31 ms
39) [7,9],  98 ms
40) [5,11],  2358 ms
41) [5,7],  39 ms
42) [4,6],  30 ms
43) [9,7],  36 ms
44) [10,6],  29 ms
45) [10,7],  39 ms
46) [5,6],  31 ms
47) [4,5],  29 ms
48) [12,7],  30 ms
49) [7,7],  31 ms
50) [8,7],  29 ms
51) [5,9],  30 ms
52) [8,6],  30 ms
53) [4,10],  32 ms
54) [3,11],  62 ms
55) [4,8],  86 ms
56) [3,7],  32 ms
57) [4,9],  29 ms
58) [3,9],  29 ms
59) [4,11],  30 ms
60) [4,12],  30 ms
61) [4,7],  32 ms

pela 10.0 wins

pela 5.0:  1613 ms/turn
pela 10.0:  3826 ms/turn
