 0) [12,12],  33 ms
 1) [11,12],  248 ms
 2) [12,13],  31 ms
 3) [12,14],  30 ms
 4) [13,12],  5030 ms
 5) [14,11],  7917 ms
 6) [16,12],  4440 ms
 7) [15,12],  8789 ms
 8) [13,10],  5023 ms
 9) [13,11],  5438 ms
10) [16,11],  4646 ms
11) [16,10],  10010 ms
12) [15,10],  5001 ms
13) [17,12],  4948 ms
14) [14,12],  5069 ms
15) [10,12],  3350 ms
16) [10,11],  5076 ms
17) [9,14],  4539 ms
18) [10,14],  1950 ms
19) [9,13],  10024 ms
20) [9,11],  1647 ms
21) [8,11],  10008 ms
22) [11,11],  3811 ms
23) [10,10],  4336 ms
24) [8,13],  4995 ms
25) [12,9],  9941 ms
26) [10,13],  3019 ms
27) [7,12],  5681 ms
28) [9,12],  1744 ms
29) [7,14],  9142 ms
30) [6,13],  5011 ms
31) [7,15],  10001 ms
32) [7,13],  2926 ms
33) [17,11],  9203 ms
34) [8,14],  5021 ms
35) [9,15],  4261 ms
36) [9,17],  2573 ms
37) [4,12],  8884 ms
38) [6,14],  1885 ms
39) [5,15],  3321 ms
40) [6,15],  1426 ms
41) [6,12],  7137 ms
42) [5,12],  2747 ms
43) [4,13],  4556 ms
44) [3,13],  3497 ms
45) [5,17],  3386 ms
46) [4,16],  3391 ms
47) [15,14],  3607 ms
48) [17,14],  5003 ms
49) [15,9],  4453 ms
50) [18,12],  4355 ms
51) [17,10],  3833 ms
52) [17,9],  1536 ms
53) [18,11],  3277 ms
54) [16,13],  3609 ms
55) [14,8],  1088 ms
56) [13,7],  31 ms
57) [15,8],  946 ms
58) [16,9],  4439 ms
59) [13,8],  169 ms
60) [16,8],  1766 ms
61) [15,6],  72 ms
62) [14,7],  2196 ms
63) [15,7],  33 ms
64) [15,5],  33 ms
65) [13,9],  36 ms
66) [16,6],  31 ms
67) pbrain-pela:  I win !
67) [11,8],  32 ms
68) [12,8],  32 ms
69) [10,9],  31 ms
70) [9,10],  33 ms
71) [11,9],  34 ms
72) [14,9],  32 ms
73) [9,9],  32 ms

pela 10.0 wins

pela 5.0:  2786 ms/turn
pela 10.0:  4399 ms/turn
