 0) [8,12],  29 ms
 1) [7,12],  937 ms
 2) [6,11],  31 ms
 3) [7,11],  79 ms
 4) [7,13],  87 ms
 5) [6,13],  30 ms
 6) [8,11],  32 ms
 7) [8,14],  6239 ms
 8) [8,9],  3939 ms
 9) [8,10],  10001 ms
10) [5,13],  1404 ms
11) [7,10],  3126 ms
12) [7,9],  5034 ms
13) [6,14],  5201 ms
14) [6,16],  5049 ms
15) [8,16],  2860 ms
16) [8,15],  4056 ms
17) [9,17],  10006 ms
18) [7,15],  2717 ms
19) [6,15],  10019 ms
20) [8,8],  3598 ms
21) [9,9],  5846 ms
22) [10,8],  2801 ms
23) [7,14],  32 ms
24) [5,14],  2988 ms
25) [9,14],  37 ms
26) [10,14],  105 ms
27) [9,15],  40 ms
28) [9,16],  5006 ms
29) [9,12],  33 ms
30) [8,13],  31 ms
31) pbrain-pela:  I win !
31) [9,11],  29 ms
32) [9,13],  29 ms
33) [9,10],  29 ms
34) [9,8],  29 ms
35) [6,10],  28 ms
36) [10,10],  29 ms
37) [5,10],  30 ms

pela 10.0 wins

pela 5.0:  1947 ms/turn
pela 10.0:  2873 ms/turn
