 0) [12,9],  0 ms
 1) [11,9],  3138 ms
 2) [11,10],  31 ms
 3) [12,10],  34 ms
 4) [13,11],  34 ms
 5) [13,10],  32 ms
 6) [14,11],  38 ms
 7) [12,11],  34 ms
 8) [16,9],  32 ms
 9) [15,10],  7674 ms
10) [16,11],  5037 ms
11) [16,10],  4502 ms
12) [14,10],  31 ms
13) [14,9],  9762 ms
14) [11,12],  1672 ms
15) [11,13],  5542 ms
16) [10,11],  5039 ms
17) [9,12],  7888 ms
18) [15,7],  5004 ms
19) [14,7],  9446 ms
20) [15,11],  3188 ms
21) [17,11],  30 ms
22) [16,8],  3796 ms
23) [15,9],  7257 ms
24) [18,12],  2556 ms
25) [16,12],  4461 ms
26) [13,7],  2946 ms
27) [13,5],  6994 ms
28) [15,8],  3679 ms
29) [14,5],  10024 ms
30) [14,6],  5010 ms
31) [16,6],  6979 ms
32) [16,5],  5043 ms
33) [18,10],  7615 ms
34) [15,13],  4456 ms
35) [17,8],  4775 ms
36) [17,10],  3830 ms
37) [14,13],  3851 ms
38) [12,6],  2215 ms
39) [11,5],  7416 ms
40) [12,5],  2997 ms
41) [12,8],  7865 ms
42) [15,4],  5014 ms
43) [14,3],  6715 ms
44) [10,10],  5004 ms
45) [9,10],  2313 ms
46) [9,13],  5015 ms
47) [8,11],  3883 ms
48) [7,12],  4885 ms
49) [18,9],  3513 ms
50) [13,3],  5002 ms
51) [10,12],  3633 ms
52) [9,11],  4512 ms
53) [10,6],  6387 ms
54) [9,7],  2721 ms
55) [19,12],  2637 ms
56) [7,13],  1608 ms
57) [8,12],  3302 ms
58) [15,6],  5013 ms
59) [15,5],  30 ms
60) [18,8],  5002 ms
61) [11,7],  1913 ms
62) [9,5],  3532 ms
63) [11,6],  4337 ms
64) [11,8],  31 ms
65) [9,6],  3703 ms
66) [11,4],  3236 ms
67) [12,14],  1299 ms
68) [10,13],  2051 ms
69) [7,10],  876 ms
70) [8,9],  5010 ms
71) [6,10],  2891 ms
72) [6,9],  4779 ms
73) [4,11],  2466 ms
74) [8,10],  5016 ms
75) [7,9],  1433 ms
76) [8,6],  5005 ms
77) [7,7],  1221 ms
78) [7,8],  4515 ms
79) [7,5],  1144 ms
80) [9,14],  4021 ms
81) [6,13],  1568 ms
82) [3,10],  4996 ms
83) [7,16],  1348 ms
84) [5,8],  5016 ms
85) [8,8],  858 ms
86) [5,11],  5002 ms
87) [4,9],  410 ms
88) [6,6],  2215 ms
89) [4,10],  984 ms
90) [4,8],  3730 ms
91) [5,6],  439 ms
92) [15,15],  3043 ms
93) [3,8],  307 ms
94) [6,5],  1702 ms
95) [11,15],  518 ms
96) [13,13],  5012 ms
97) [15,14],  528 ms
98) [13,15],  2430 ms
99) [13,14],  574 ms
100) [14,14],  3467 ms
101) [16,16],  193 ms
102) [17,16],  5012 ms
103) [8,15],  469 ms
104) [12,12],  3993 ms
105) [11,11],  32 ms
106) [7,14],  5006 ms
107) [11,17],  406 ms
108) [11,16],  5016 ms
109) [10,15],  344 ms
110) [9,15],  2321 ms
111) [8,14],  264 ms
112) [8,13],  31 ms
113) [5,10],  139 ms
114) [2,7],  4995 ms
115) [16,15],  235 ms
116) [13,12],  32 ms
117) [14,12],  202 ms
118) [16,13],  4286 ms
119) [18,15],  168 ms
120) [8,17],  4314 ms
121) [7,11],  124 ms
122) [5,4],  1998 ms
123) [6,7],  143 ms
124) [4,3],  1355 ms
125) [13,8],  71 ms
126) [12,7],  31 ms
127) [14,8],  97 ms
128) [13,9],  31 ms
129) [4,13],  78 ms
130) [4,12],  31 ms
131) [3,2],  70 ms
132) [4,5],  36 ms
133) [3,6],  59 ms
134) [4,4],  38 ms
135) [4,6],  40 ms
136) [6,4],  34 ms
137) [7,4],  59 ms
138) [6,3],  35 ms
139) [6,2],  32 ms
140) [8,1],  31 ms
141) [7,2],  35 ms
142) [7,6],  32 ms
143) [8,7],  31 ms
144) [12,3],  32 ms
145) [12,4],  31 ms
146) [10,3],  31 ms
147) [9,2],  32 ms
148) [9,3],  31 ms
149) [11,3],  33 ms
150) [7,3],  31 ms
151) [8,3],  32 ms
152) [2,4],  31 ms
153) [3,4],  32 ms
154) [3,3],  32 ms
155) [5,3],  31 ms
156) [4,2],  32 ms
157) [4,1],  34 ms
158) [1,5],  32 ms
159) [5,1],  32 ms
160) [0,6],  32 ms

pela 5.0 wins

pela 5.0:  2631 ms/turn
pela 10.0:  2251 ms/turn
