 0) [12,9],  33 ms
 1) [11,9],  490 ms
 2) [11,10],  31 ms
 3) [12,10],  31 ms
 4) [13,11],  30 ms
 5) [13,10],  33 ms
 6) [14,11],  32 ms
 7) [12,11],  31 ms
 8) [16,9],  30 ms
 9) [15,10],  4110 ms
10) [16,11],  2836 ms
11) [16,10],  10030 ms
12) [14,10],  31 ms
13) [14,9],  7563 ms
14) [11,12],  5022 ms
15) [11,13],  4672 ms
16) [10,11],  5023 ms
17) [9,12],  6643 ms
18) [15,7],  4772 ms
19) [14,7],  8207 ms
20) [15,11],  2806 ms
21) [17,11],  30 ms
22) [16,8],  3023 ms
23) [15,9],  5715 ms
24) [18,12],  2316 ms
25) [16,12],  3611 ms
26) [13,7],  2471 ms
27) [13,5],  5923 ms
28) [15,8],  3380 ms
29) [14,5],  10045 ms
30) [14,6],  4999 ms
31) [16,6],  5834 ms
32) [16,5],  4721 ms
33) [18,10],  6516 ms
34) [15,13],  4538 ms
35) [17,8],  5134 ms
36) [17,10],  4250 ms
37) [14,13],  5183 ms
38) [12,6],  3300 ms
39) [11,5],  10028 ms
40) [12,5],  4012 ms
41) [12,8],  10006 ms
42) [15,4],  1813 ms
43) [14,3],  9903 ms
44) [10,10],  1780 ms
45) [9,10],  3180 ms
46) [9,13],  1855 ms
47) [8,11],  5311 ms
48) [7,12],  1698 ms
49) [18,9],  4644 ms
50) [13,3],  5004 ms
51) [10,12],  3950 ms
52) [12,14],  5021 ms
53) [7,9],  4018 ms
54) [18,11],  4998 ms
55) [19,12],  30 ms
56) [15,6],  3654 ms
57) [15,5],  30 ms
58) [11,6],  3672 ms
59) [13,6],  30 ms
60) [8,9],  5006 ms
61) [13,12],  2141 ms
62) [15,15],  4990 ms
63) [15,12],  2954 ms
64) [14,12],  4884 ms
65) [16,14],  4845 ms
66) [11,14],  1746 ms
67) [11,15],  4160 ms
68) [7,13],  1550 ms
69) [8,13],  3575 ms
70) [16,15],  2519 ms
71) [13,14],  1236 ms
72) [8,14],  4021 ms
73) [9,8],  945 ms
74) [9,11],  2911 ms
75) [6,14],  1023 ms
76) [10,8],  1536 ms
77) [6,15],  2607 ms
78) [5,16],  2769 ms
79) [6,10],  2232 ms
80) [6,9],  1999 ms
81) [7,15],  1022 ms
82) [4,12],  5010 ms
83) [6,12],  752 ms
84) [6,13],  4253 ms
85) [13,16],  861 ms
86) [13,15],  2209 ms
87) [14,15],  1535 ms
88) [10,9],  1647 ms
89) [10,7],  30 ms
90) [12,15],  5011 ms
91) [12,17],  626 ms
92) [15,14],  1848 ms
93) [9,17],  655 ms
94) [8,16],  1924 ms
95) [11,18],  41 ms
96) [10,19],  30 ms
97) [11,17],  87 ms
98) [9,14],  5005 ms
99) [10,14],  30 ms
100) [10,17],  3806 ms
101) [15,16],  34 ms
102) [16,17],  32 ms
103) pbrain-pela:  I win !
103) [11,16],  31 ms
104) [11,19],  31 ms
105) [12,16],  31 ms
106) [14,16],  31 ms
107) [10,16],  32 ms
108) [9,16],  32 ms
109) [10,15],  31 ms
110) [10,13],  30 ms
111) [13,18],  33 ms
112) [14,19],  32 ms
113) [14,18],  31 ms
114) [13,17],  32 ms
115) [12,18],  32 ms
116) [15,18],  31 ms
117) [10,18],  32 ms

pela 10.0 wins

pela 5.0:  2577 ms/turn
pela 10.0:  2925 ms/turn
