 0) [11,10],  27 ms
 1) [10,11],  26 ms
 2) [10,9],  26 ms
 3) [12,11],  42 ms
 4) [9,9],  26 ms
 5) [12,10],  26 ms
 6) [9,11],  26 ms
 7) [12,9],  25 ms
 8) [12,8],  10935 ms
 9) [11,9],  13643 ms
10) [9,10],  414 ms
11) [9,8],  15006 ms
12) [9,12],  101 ms
13) [9,13],  24 ms
14) [8,11],  185 ms
15) [7,12],  5143 ms
16) [7,10],  52 ms
17) [12,12],  15006 ms
18) [12,13],  24 ms
19) [6,9],  12212 ms
20) [8,10],  31 ms
21) [10,10],  24 ms
22) [11,8],  28 ms
23) [12,7],  25 ms
24) [10,8],  27 ms
25) [7,11],  15005 ms
26) [6,10],  26 ms
27) [5,10],  24 ms
28) [11,7],  36 ms
29) [12,6],  24 ms
30) [7,9],  26 ms
31) [10,12],  14817 ms
32) [5,7],  25 ms
33) [6,8],  24 ms
34) [10,13],  25 ms
35) [11,14],  24 ms
36) [11,11],  14997 ms
37) [8,8],  6686 ms
38) [7,8],  15019 ms
39) [7,7],  6351 ms
40) [13,11],  14997 ms
41) [10,6],  3895 ms
42) [11,6],  6839 ms
43) [11,5],  6763 ms
44) [12,5],  15009 ms
45) [12,4],  3966 ms
46) [9,7],  26 ms
47) [10,4],  2400 ms
48) [14,8],  5423 ms
49) [13,8],  25 ms
50) [9,3],  10425 ms
51) [13,3],  826 ms
52) [14,2],  26 ms
53) [13,4],  203 ms
54) [11,4],  15009 ms
55) [13,5],  118 ms
56) [13,2],  15008 ms
57) [14,6],  33 ms
58) [11,3],  4258 ms
59) [13,6],  28 ms
60) [13,7],  25 ms
61) [16,6],  28 ms
62) [15,6],  26 ms
63) [14,4],  48 ms
64) [15,5],  12569 ms
65) [15,7],  26 ms
66) [16,8],  26 ms
67) [15,3],  25 ms
68) [16,2],  27 ms
69) [15,4],  26 ms
70) [16,4],  28 ms
71) [16,3],  28 ms
72) [14,5],  26 ms
73) [14,3],  25 ms
74) [17,3],  26 ms
75) [12,3],  26 ms

pela 15.0 wins

pela 15.0:  3227 ms/turn
pela 15.0:  3732 ms/turn
