 0) [12,9],  25 ms
 1) [13,8],  26 ms
 2) [11,8],  25 ms
 3) [13,10],  26 ms
 4) [12,7],  25 ms
 5) [10,9],  26 ms
 6) [13,11],  4700 ms
 7) [12,6],  13918 ms
 8) [12,11],  8558 ms
 9) [12,10],  15026 ms
10) [10,10],  10246 ms
11) [11,11],  5773 ms
12) [14,8],  10679 ms
13) [13,5],  4684 ms
14) [14,10],  5897 ms
15) [13,6],  10758 ms
16) [13,7],  5736 ms
17) [14,6],  8294 ms
18) [11,6],  15010 ms
19) [15,6],  5806 ms
20) [16,6],  26 ms
21) [15,7],  662 ms
22) [16,8],  15031 ms
23) [15,9],  115 ms
24) [15,5],  12520 ms
25) [15,8],  47 ms
26) [15,10],  26 ms
27) [14,7],  47 ms
28) [12,5],  6385 ms
29) [17,4],  30 ms
30) [16,5],  26 ms
31) [16,7],  25 ms
32) [17,6],  6474 ms
33) [18,7],  26 ms
34) [17,7],  25 ms
35) [14,4],  25 ms
36) [15,3],  26 ms
37) [14,5],  25 ms
38) [14,3],  26 ms
39) [13,4],  25 ms
40) [17,8],  25 ms
41) [12,3],  25 ms

pela 15.0 wins

pela 15.0:  4832 ms/turn
pela 15.0:  3113 ms/turn
