 0) [8,11],  25 ms
 1) [9,11],  26 ms
 2) [7,10],  26 ms
 3) [9,12],  57 ms
 4) [9,10],  14994 ms
 5) [7,12],  26 ms
 6) [10,12],  7026 ms
 7) [8,9],  8771 ms
 8) [11,10],  5514 ms
 9) [10,10],  15035 ms
10) [8,12],  11490 ms
11) [8,8],  6625 ms
12) [11,9],  4640 ms
13) [11,8],  13393 ms
14) [8,7],  15027 ms
15) [8,14],  6709 ms
16) [9,14],  4871 ms
17) [5,11],  5190 ms
18) [7,7],  8794 ms
19) [10,9],  15036 ms
20) [10,8],  10938 ms
21) [9,7],  14256 ms
22) [7,9],  14815 ms
23) [7,8],  8824 ms
24) [6,12],  11645 ms
25) [8,10],  4915 ms
26) [4,7],  13458 ms
27) [5,7],  4535 ms
28) [6,7],  14414 ms
29) [6,9],  4492 ms
30) [5,8],  12348 ms
31) [7,6],  5293 ms
32) [11,12],  9434 ms
33) [11,13],  7906 ms
34) [10,13],  14994 ms
35) [8,15],  4806 ms
36) [8,16],  4386 ms
37) [12,11],  3718 ms
38) [10,16],  9637 ms
39) [10,15],  5051 ms
40) [7,14],  7837 ms
41) [10,6],  3200 ms
42) [9,6],  15013 ms
43) [13,11],  6022 ms
44) [12,12],  6367 ms
45) [14,11],  5187 ms
46) [13,12],  5846 ms
47) [14,12],  26 ms
48) [15,11],  5001 ms
49) [5,10],  4443 ms
50) [4,11],  15019 ms
51) [6,6],  3818 ms
52) [11,5],  6789 ms
53) [9,16],  2655 ms
54) [9,5],  15010 ms
55) [10,5],  2426 ms
56) [4,8],  14997 ms
57) [4,9],  2500 ms
58) [6,11],  10901 ms
59) [6,14],  2163 ms
60) [11,11],  12884 ms
61) [4,6],  1288 ms
62) [5,6],  9026 ms
63) [6,8],  700 ms
64) [5,9],  6110 ms
65) [7,11],  1502 ms
66) [14,8],  6151 ms
67) [13,9],  1372 ms
68) [13,10],  15031 ms
69) [3,7],  1142 ms
70) [3,5],  4660 ms
71) [12,7],  862 ms
72) [13,6],  10748 ms
73) [15,13],  608 ms
74) [16,14],  15013 ms
75) [5,13],  766 ms
76) [5,14],  15001 ms
77) [3,8],  320 ms
78) [2,7],  15003 ms
79) [12,10],  206 ms
80) [12,8],  14998 ms
81) [14,6],  275 ms
82) [11,4],  8956 ms
83) [11,3],  550 ms
84) [9,4],  15001 ms
85) [9,2],  234 ms
86) [2,5],  4930 ms
87) [4,5],  370 ms
88) [6,15],  10019 ms
89) [5,16],  317 ms
90) [11,15],  12089 ms
91) [10,4],  196 ms
92) [10,3],  15004 ms
93) [4,16],  312 ms
94) [8,17],  6677 ms
95) [7,16],  161 ms
96) [6,16],  7745 ms
97) [8,18],  124 ms
98) [4,12],  12448 ms
99) [4,13],  208 ms
100) [3,17],  13032 ms
101) [14,9],  138 ms
102) [14,13],  11192 ms
103) [2,6],  128 ms
104) [14,14],  4644 ms
105) [13,8],  170 ms
106) [11,6],  25 ms
107) [13,14],  133 ms
108) [15,15],  29 ms
109) [13,13],  25 ms
110) [17,13],  28 ms
111) [16,11],  106 ms
112) [15,10],  25 ms
113) [14,16],  87 ms
114) [18,12],  28 ms
115) [19,11],  26 ms
116) [15,9],  61 ms
117) [15,8],  27 ms
118) [16,10],  33 ms
119) [17,11],  26 ms
120) [14,7],  29 ms
121) [12,5],  26 ms
122) [18,14],  59 ms
123) [14,10],  26 ms
124) [15,14],  26 ms
125) [17,14],  64 ms
126) [19,15],  26 ms
127) [16,12],  26 ms
128) [16,15],  25 ms
129) [17,16],  26 ms
130) [18,15],  26 ms
131) [17,15],  26 ms
132) [18,13],  26 ms
133) [18,16],  26 ms
134) [18,11],  26 ms

pela 15.0 wins

pela 15.0:  2682 ms/turn
pela 15.0:  7913 ms/turn
