 0) [11,11],  25 ms
 1) [10,10],  26 ms
 2) [12,10],  25 ms
 3) [10,12],  41 ms
 4) [12,9],  26 ms
 5) [11,12],  32 ms
 6) [10,9],  27 ms
 7) [12,12],  26 ms
 8) [9,12],  11528 ms
 9) [11,9],  13612 ms
10) [13,12],  10201 ms
11) [11,10],  6305 ms
12) [11,13],  10021 ms
13) [12,7],  15004 ms
14) [8,11],  9947 ms
15) [10,13],  9322 ms
16) [10,14],  12353 ms
17) [7,12],  14613 ms
18) [13,9],  15003 ms
19) [13,10],  14985 ms
20) [12,11],  6814 ms
21) [9,11],  9252 ms
22) [8,12],  14862 ms
23) [15,7],  10483 ms
24) [13,7],  4685 ms
25) [8,10],  5750 ms
26) [9,10],  5915 ms
27) [11,15],  6253 ms
28) [7,8],  8356 ms
29) [6,9],  10332 ms
30) [12,6],  10028 ms
31) [11,5],  15032 ms
32) [11,7],  3803 ms
33) [13,5],  8611 ms
34) [12,4],  3529 ms
35) [7,11],  14997 ms
36) [6,12],  4640 ms
37) [10,15],  5499 ms
38) [9,14],  2982 ms
39) [8,14],  15007 ms
40) [6,8],  3790 ms
41) [8,8],  7663 ms
42) [14,6],  4856 ms
43) [12,8],  13906 ms
44) [14,5],  4316 ms
45) [14,4],  12696 ms
46) [4,10],  4440 ms
47) [5,9],  14997 ms
48) [7,15],  1285 ms
49) [5,7],  14999 ms
50) [8,9],  1643 ms
51) [6,7],  15000 ms
52) [3,9],  2768 ms
53) [5,11],  14984 ms
54) [5,8],  3156 ms
55) [7,7],  564 ms
56) [4,8],  79 ms
57) [3,8],  24 ms
58) [8,7],  2692 ms
59) [7,10],  40 ms
60) [7,9],  2242 ms
61) [4,7],  48 ms
62) [3,7],  24 ms
63) [6,6],  37 ms
64) [9,9],  24 ms
65) [6,5],  30 ms
66) [5,6],  26 ms
67) [6,4],  27 ms
68) [6,3],  25 ms
69) [5,5],  27 ms
70) [4,4],  25 ms
71) [7,3],  28 ms
72) [8,2],  25 ms
73) [7,5],  27 ms
74) [8,5],  26 ms
75) [7,4],  25 ms
76) [7,6],  25 ms
77) [8,4],  25 ms
78) [9,3],  25 ms
79) [9,4],  25 ms
80) [10,4],  25 ms
81) [5,4],  25 ms

pela 15.0 wins

pela 15.0:  4055 ms/turn
pela 15.0:  6594 ms/turn
