 0) [11,8],  25 ms
 1) [10,7],  25 ms
 2) [11,9],  25 ms
 3) [11,10],  25 ms
 4) [12,8],  15008 ms
 5) [10,8],  24 ms
 6) [10,11],  9566 ms
 7) [9,11],  12993 ms
 8) [10,6],  15019 ms
 9) [11,7],  8661 ms
10) [8,10],  7590 ms
11) [8,12],  6026 ms
12) [7,13],  13134 ms
13) [9,13],  6829 ms
14) [10,14],  6455 ms
15) [11,13],  14995 ms
16) [9,12],  10977 ms
17) [10,13],  8785 ms
18) [12,13],  15006 ms
19) [14,6],  15023 ms
20) [7,14],  15041 ms
21) [7,12],  15020 ms
22) [13,14],  15013 ms
23) [11,12],  11592 ms
24) [11,11],  6785 ms
25) [8,13],  11437 ms
26) [9,14],  4403 ms
27) [8,14],  3111 ms
28) [8,15],  15003 ms
29) [12,14],  7535 ms
30) [14,13],  7149 ms
31) [15,12],  4422 ms
32) [13,15],  12429 ms
33) [13,13],  2936 ms
34) [13,5],  15007 ms
35) [6,12],  7218 ms
36) [12,15],  15001 ms
37) [5,12],  2950 ms
38) [4,12],  26 ms
39) [10,17],  1919 ms
40) [14,15],  373 ms
41) [15,15],  4344 ms
42) [14,14],  306 ms
43) [14,12],  3855 ms
44) [11,15],  25 ms
45) [10,15],  26 ms
46) [14,17],  25 ms
47) [14,16],  25 ms
48) [16,17],  26 ms
49) [15,16],  25 ms
50) [15,13],  7168 ms
51) [13,12],  4180 ms
52) [12,12],  25 ms
53) [16,12],  1698 ms
54) [17,12],  25 ms
55) [13,17],  3116 ms
56) [16,14],  15006 ms
57) [15,14],  1054 ms
58) [12,7],  15009 ms
59) [13,6],  2100 ms
60) [16,10],  13226 ms
61) [6,11],  1092 ms
62) [5,11],  15006 ms
63) [12,5],  768 ms
64) [6,10],  14984 ms
65) [7,9],  2314 ms
66) [12,16],  14998 ms
67) [11,17],  26 ms
68) [3,13],  15062 ms
69) [2,14],  25 ms
70) [7,10],  15009 ms
71) [9,10],  1151 ms
72) [4,10],  8385 ms
73) [5,10],  25 ms
74) [4,9],  25 ms
75) [4,11],  1655 ms
76) [9,8],  4891 ms
77) [7,15],  29 ms
78) [6,16],  15009 ms
79) [15,18],  25 ms
80) [15,17],  26 ms
81) [12,18],  25 ms
82) [11,19],  25 ms
83) [9,17],  73 ms
84) [12,17],  25 ms
85) [10,16],  27 ms
86) [9,15],  25 ms
87) [10,18],  26 ms
88) [10,19],  25 ms
89) [6,14],  26 ms
90) [8,16],  25 ms
91) [6,13],  25 ms
92) [6,15],  25 ms
93) [8,11],  26 ms
94) [10,9],  107 ms
95) [5,14],  25 ms

pela 15.0 wins

pela 15.0:  3527 ms/turn
pela 15.0:  7365 ms/turn
