 0) [11,12],  27 ms
 1) [11,11],  27 ms
 2) [10,12],  28 ms
 3) [9,12],  27 ms
 4) [8,11],  15001 ms
 5) [9,9],  5163 ms
 6) [10,10],  11157 ms
 7) [10,11],  6456 ms
 8) [8,13],  15033 ms
 9) [8,12],  11880 ms
10) [12,9],  9260 ms
11) [10,9],  13340 ms
12) [9,8],  5298 ms
13) [13,10],  9157 ms
14) [8,8],  15014 ms
15) [7,8],  15001 ms
16) [6,11],  4360 ms
17) [5,11],  5781 ms
18) [9,13],  5650 ms
19) [10,13],  15007 ms
20) [12,14],  9784 ms
21) [6,13],  15014 ms
22) [8,14],  12767 ms
23) [7,12],  15032 ms
24) [5,12],  3857 ms
25) [8,7],  4481 ms
26) [6,9],  10396 ms
27) [7,10],  7797 ms
28) [7,11],  3865 ms
29) [6,16],  7178 ms
30) [6,14],  8369 ms
31) [13,15],  5937 ms
32) [7,9],  4734 ms
33) [6,10],  8815 ms
34) [12,8],  6496 ms
35) [10,8],  15000 ms
36) [12,5],  5548 ms
37) [12,7],  7365 ms
38) [11,7],  1536 ms
39) [10,6],  11713 ms
40) [10,5],  2088 ms
41) [11,5],  10586 ms
42) [12,12],  1760 ms
43) [13,12],  14981 ms
44) [13,11],  3391 ms
45) [11,13],  15021 ms
46) [14,10],  2489 ms
47) [13,9],  7886 ms
48) [13,6],  1290 ms
49) [14,7],  5817 ms
50) [14,12],  2976 ms
51) [12,10],  10878 ms
52) [10,7],  28 ms
53) [11,6],  11435 ms
54) [14,11],  2222 ms
55) [14,9],  6657 ms
56) [15,7],  1308 ms
57) [15,11],  15005 ms
58) [16,8],  832 ms
59) [15,9],  24 ms
60) [15,10],  712 ms
61) [13,5],  12752 ms
62) [8,6],  1083 ms
63) [14,13],  8745 ms
64) [13,13],  484 ms
65) [12,16],  7074 ms
66) [12,11],  606 ms
67) [13,17],  4982 ms
68) [13,16],  919 ms
69) [6,7],  12880 ms
70) [14,14],  578 ms
71) [15,15],  10137 ms
72) [11,15],  760 ms
73) [10,16],  24 ms
74) [16,14],  1169 ms
75) [15,14],  15017 ms
76) [16,15],  1015 ms
77) [18,10],  5383 ms
78) [17,8],  635 ms
79) [17,15],  15002 ms
80) [15,6],  798 ms
81) [5,7],  10147 ms
82) [7,7],  696 ms
83) [5,10],  1940 ms
84) [16,9],  289 ms
85) [18,7],  24 ms
86) [8,10],  258 ms
87) [15,13],  1809 ms
88) [15,12],  24 ms
89) [8,9],  175 ms
90) [9,10],  24 ms
91) [5,6],  40 ms
92) [4,5],  24 ms
93) [15,16],  42 ms
94) [15,17],  24 ms
95) [6,8],  25 ms
96) [5,8],  180 ms
97) [18,8],  8347 ms
98) [18,9],  263 ms
99) [16,7],  15015 ms
100) [4,10],  198 ms
101) [16,13],  14988 ms
102) [17,13],  357 ms
103) [14,4],  15003 ms
104) [12,15],  183 ms
105) [12,13],  24 ms
106) [15,4],  162 ms
107) [15,5],  5665 ms
108) [13,3],  127 ms
109) [6,6],  14997 ms
110) [6,5],  125 ms
111) [12,3],  5320 ms
112) [4,12],  261 ms
113) [3,11],  15017 ms
114) [2,5],  88 ms
115) [3,6],  10589 ms
116) [4,6],  185 ms
117) [16,6],  6499 ms
118) [17,7],  24 ms
119) [15,8],  6698 ms
120) [17,6],  24 ms
121) [17,5],  13878 ms
122) [14,5],  90 ms
123) [3,5],  10808 ms
124) [18,6],  103 ms
125) [3,13],  10342 ms
126) [4,8],  125 ms
127) [4,7],  4603 ms
128) [3,7],  118 ms
129) [2,8],  3985 ms
130) [3,14],  92 ms
131) [4,13],  7640 ms
132) [5,13],  46 ms
133) [4,14],  4901 ms
134) [5,15],  38 ms
135) [8,16],  1923 ms
136) [9,16],  30 ms
137) [5,16],  5578 ms
138) [7,16],  34 ms
139) [9,14],  4798 ms
140) [4,17],  27 ms
141) [3,12],  2589 ms
142) [4,3],  69 ms
143) [4,2],  3734 ms
144) [3,4],  46 ms
145) [5,2],  3199 ms
146) [1,6],  43 ms
147) [0,7],  25 ms
148) [3,10],  30 ms
149) [4,11],  2735 ms
150) [2,11],  32 ms
151) [4,9],  2343 ms
152) [2,13],  31 ms
153) [2,3],  2016 ms
154) [2,15],  26 ms
155) [3,16],  1724 ms
156) [6,15],  27 ms
157) [4,15],  1474 ms
158) [5,14],  24 ms
159) [8,17],  486 ms
160) [5,4],  26 ms
161) [3,2],  1182 ms
162) [2,2],  25 ms
163) [6,4],  722 ms
164) [6,2],  26 ms
165) [16,3],  703 ms
166) [16,2],  26 ms
167) [9,3],  826 ms
168) [16,5],  26 ms
169) [8,4],  307 ms
170) [7,5],  24 ms
171) [9,5],  232 ms
172) [10,4],  26 ms
173) [11,3],  620 ms
174) [10,3],  26 ms
175) [8,5],  536 ms
176) [6,3],  27 ms
177) [7,2],  458 ms
178) [17,12],  27 ms
179) [17,10],  395 ms
180) [12,4],  27 ms
181) [9,2],  165 ms
182) [9,4],  25 ms
183) [11,1],  230 ms
184) [12,0],  25 ms
185) [13,2],  135 ms
186) [16,17],  27 ms
187) [11,2],  215 ms
188) [11,4],  25 ms
189) [13,4],  26 ms
190) [8,2],  27 ms
191) [10,1],  208 ms
192) [9,0],  25 ms
193) [4,16],  146 ms
194) [2,16],  27 ms
195) [2,14],  84 ms
196) [1,5],  27 ms
197) [2,6],  140 ms
198) [14,2],  27 ms
199) [2,9],  89 ms
200) [3,8],  29 ms
201) [14,17],  102 ms
202) [5,17],  27 ms
203) [6,17],  98 ms
204) [7,18],  28 ms
205) [13,7],  98 ms
206) [2,10],  28 ms
207) [1,10],  48 ms
208) [9,18],  28 ms
209) [13,14],  39 ms
210) [1,4],  28 ms
211) [1,3],  29 ms
212) [8,15],  30 ms
213) [7,15],  38 ms
214) [15,1],  28 ms
215) [16,0],  28 ms
216) [11,0],  30 ms
217) [10,0],  64 ms
218) [15,0],  28 ms
219) [10,17],  65 ms
220) [15,2],  28 ms
221) [15,3],  30 ms
222) [14,0],  47 ms
223) [13,0],  26 ms
224) [16,12],  27 ms
225) [18,12],  26 ms
226) [11,17],  27 ms
227) [10,15],  25 ms
228) [10,14],  26 ms
229) [9,17],  26 ms
230) [7,17],  26 ms
231) [10,18],  26 ms
232) [11,19],  26 ms
233) [10,19],  28 ms

pela 15.0 wins

pela 15.0:  1546 ms/turn
pela 15.0:  5126 ms/turn
