 0) [10,11],  24 ms
 1) [10,10],  24 ms
 2) [11,12],  23 ms
 3) [9,10],  24 ms
 4) [11,10],  4639 ms
 5) [9,12],  23 ms
 6) [9,9],  9357 ms
 7) [12,11],  10391 ms
 8) [11,8],  7256 ms
 9) [11,9],  15002 ms
10) [8,12],  7910 ms
11) [7,10],  9119 ms
12) [10,7],  4846 ms
13) [9,6],  15002 ms
14) [8,10],  12669 ms
15) [7,11],  5919 ms
16) [7,12],  15007 ms
17) [9,11],  4921 ms
18) [11,7],  10239 ms
19) [12,6],  7827 ms
20) [11,5],  7790 ms
21) [11,4],  5696 ms
22) [12,8],  14999 ms
23) [9,14],  15000 ms
24) [9,13],  25 ms
25) [10,6],  6562 ms
26) [11,6],  14992 ms
27) [13,8],  12064 ms
28) [12,5],  25 ms
29) [9,8],  6255 ms
30) [14,5],  27 ms
31) [13,5],  25 ms
32) [12,7],  26 ms
33) [13,7],  24 ms
34) [13,6],  26 ms
35) [15,4],  24 ms
36) [10,9],  25 ms

pela 15.0 wins

pela 15.0:  6327 ms/turn
pela 15.0:  5784 ms/turn
