 0) [11,12],  25 ms
 1) [10,13],  24 ms
 2) [12,13],  24 ms
 3) [10,11],  24 ms
 4) [11,14],  24 ms
 5) [13,12],  25 ms
 6) [10,10],  15009 ms
 7) [11,15],  12596 ms
 8) [11,11],  7558 ms
 9) [11,10],  13692 ms
10) [8,13],  10534 ms
11) [9,9],  11355 ms
12) [9,8],  6582 ms
13) [8,14],  6416 ms
14) [14,13],  9630 ms
15) [14,14],  15048 ms
16) [13,15],  9476 ms
17) [15,16],  6787 ms
18) [14,16],  5428 ms
19) [12,16],  11856 ms
20) [10,16],  4643 ms
21) [15,14],  4300 ms
22) [17,14],  5755 ms
23) [14,15],  11859 ms
24) [10,14],  15008 ms
25) [11,13],  5498 ms
26) [17,13],  8038 ms
27) [17,15],  7737 ms
28) [15,15],  4825 ms
29) [16,14],  8281 ms
30) [13,14],  5484 ms
31) [12,15],  5467 ms
32) [12,17],  7591 ms
33) [12,14],  5015 ms
34) [10,15],  15041 ms
35) [10,17],  2636 ms
36) [16,13],  5039 ms
37) [15,13],  3756 ms
38) [14,12],  12901 ms
39) [15,12],  5987 ms
40) [12,8],  14930 ms
41) [13,7],  5944 ms
42) [12,9],  6242 ms
43) [12,10],  5095 ms
44) [14,9],  14907 ms
45) [14,10],  1881 ms
46) [15,10],  15003 ms
47) [13,8],  2423 ms
48) [11,8],  5720 ms
49) [10,7],  2342 ms
50) [9,16],  15000 ms
51) [8,17],  26 ms
52) [9,14],  5554 ms
53) [11,16],  26 ms
54) [9,15],  4796 ms
55) [9,18],  1635 ms
56) [8,19],  26 ms
57) [9,13],  2593 ms
58) [6,16],  11375 ms
59) [8,16],  1358 ms
60) [9,17],  15004 ms
61) [14,8],  2609 ms
62) [12,6],  6750 ms
63) [12,5],  868 ms
64) [14,7],  5106 ms
65) [13,4],  2105 ms
66) [13,5],  15003 ms
67) [10,8],  1812 ms
68) [10,6],  15001 ms
69) [17,11],  1547 ms
70) [15,9],  15001 ms
71) [13,9],  711 ms
72) [13,10],  12448 ms
73) [15,8],  1232 ms
74) [18,10],  14985 ms
75) [11,6],  1062 ms
76) [14,3],  26 ms
77) [7,9],  912 ms
78) [7,11],  15001 ms
79) [11,4],  260 ms
80) [6,11],  11530 ms
81) [7,12],  26 ms
82) [9,7],  14998 ms
83) [10,5],  553 ms
84) [9,4],  15010 ms
85) [15,3],  238 ms
86) [12,3],  6941 ms
87) [9,6],  375 ms
88) [7,8],  5227 ms
89) [5,11],  561 ms
90) [6,10],  15003 ms
91) [5,9],  484 ms
92) [6,9],  8050 ms
93) [6,8],  419 ms
94) [4,10],  15008 ms
95) [7,10],  360 ms
96) [15,7],  4195 ms
97) [12,4],  174 ms
98) [14,4],  5091 ms
99) [4,11],  290 ms
100) [17,9],  202 ms
101) [18,16],  236 ms
102) [19,17],  25 ms
103) [8,15],  209 ms
104) [8,18],  25 ms
105) [16,8],  103 ms
106) [17,8],  25 ms
107) [16,9],  81 ms
108) [17,7],  29 ms
109) [17,6],  71 ms
110) [16,7],  33 ms
111) [18,7],  27 ms
112) [15,6],  30 ms
113) [14,5],  25 ms
114) [19,10],  25 ms
115) [18,9],  25 ms
116) [16,10],  25 ms
117) [17,10],  24 ms
118) [15,11],  26 ms
119) [18,8],  25 ms
120) [13,13],  25 ms

pela 15.0 wins

pela 15.0:  2985 ms/turn
pela 15.0:  7508 ms/turn
