 0) [9,12],  24 ms
 1) [9,11],  25 ms
 2) [8,10],  24 ms
 3) [8,11],  24 ms
 4) [10,11],  25 ms
 5) [10,10],  24 ms
 6) [8,12],  14987 ms
 7) [11,12],  7627 ms
 8) [6,12],  4620 ms
 9) [7,12],  12907 ms
10) [6,13],  5027 ms
11) [6,11],  15008 ms
12) [8,13],  1791 ms
13) [7,14],  11789 ms
14) [7,13],  389 ms
15) [5,13],  5705 ms
16) [9,13],  2014 ms
17) [10,13],  24 ms
18) [8,14],  627 ms
19) [9,15],  6278 ms
20) [6,16],  55 ms
21) [7,15],  11224 ms
22) [8,15],  27 ms
23) [8,16],  25 ms
24) [6,14],  24 ms
25) [6,15],  24 ms
26) [11,13],  8704 ms
27) [4,16],  15007 ms
28) [5,11],  14585 ms
29) [4,10],  24 ms
30) [7,17],  10328 ms
31) [9,9],  14553 ms
32) [10,9],  14997 ms
33) [4,9],  6745 ms
34) [11,10],  7147 ms
35) [12,9],  26 ms
36) [12,11],  6422 ms
37) [13,12],  10075 ms
38) [8,7],  6222 ms
39) [9,8],  26 ms
40) [8,8],  4587 ms
41) [5,10],  89 ms
42) [3,8],  26 ms
43) [6,10],  36 ms
44) [8,9],  49 ms
45) [8,6],  25 ms
46) [3,10],  11043 ms
47) [9,7],  30 ms
48) [9,10],  26 ms
49) [9,6],  28 ms
50) [9,5],  27 ms
51) [10,8],  27 ms
52) [11,9],  9456 ms
53) [4,8],  28 ms
54) [4,11],  48 ms
55) [6,4],  28 ms
56) [7,5],  26 ms
57) [3,7],  32 ms
58) [5,9],  26 ms
59) [4,6],  26 ms
60) [4,7],  26 ms
61) [5,5],  26 ms
62) [7,3],  27 ms
63) [2,8],  26 ms

pela 15.0 wins

pela 15.0:  3856 ms/turn
pela 15.0:  3673 ms/turn
