 0) [8,12],  24 ms
 1) [7,13],  24 ms
 2) [9,13],  24 ms
 3) [7,11],  24 ms
 4) [8,14],  24 ms
 5) [10,12],  25 ms
 6) [7,10],  15004 ms
 7) [8,15],  13451 ms
 8) [8,10],  8106 ms
 9) [8,11],  11681 ms
10) [10,11],  11900 ms
11) [9,10],  4649 ms
12) [6,13],  15000 ms
13) [7,16],  15016 ms
14) [6,17],  5834 ms
15) [7,17],  15010 ms
16) [7,15],  4750 ms
17) [5,17],  15019 ms
18) [5,14],  13899 ms
19) [6,14],  5170 ms
20) [3,12],  5971 ms
21) [5,12],  7068 ms
22) [3,14],  14267 ms
23) [2,13],  8102 ms
24) [4,14],  3969 ms
25) [4,15],  10522 ms
26) [8,13],  5326 ms
27) [2,14],  9823 ms
28) [4,16],  5312 ms
29) [5,11],  14990 ms
30) [6,11],  4730 ms
31) [5,10],  13877 ms
32) [5,9],  7385 ms
33) [11,10],  6006 ms
34) [11,8],  8346 ms
35) [3,13],  5105 ms
36) [4,12],  7162 ms
37) [11,12],  15001 ms
38) [13,12],  6125 ms
39) [9,16],  5560 ms
40) [9,14],  4880 ms
41) [10,15],  14999 ms
42) [11,14],  3430 ms
43) [10,14],  25 ms
44) [10,16],  1877 ms
45) [13,10],  5086 ms
46) [12,10],  3801 ms
47) [14,11],  15001 ms
48) [6,8],  1594 ms
49) [4,13],  8296 ms
50) [1,13],  1421 ms
51) [7,9],  14872 ms
52) [12,11],  789 ms
53) [12,8],  13817 ms
54) [8,8],  988 ms
55) [7,7],  14602 ms
56) [2,11],  930 ms
57) [9,7],  6119 ms
58) [8,7],  1321 ms
59) [8,9],  15007 ms
60) [9,9],  2134 ms
61) [5,8],  14991 ms
62) [15,12],  1953 ms
63) [12,12],  15001 ms
64) [11,13],  948 ms
65) [15,14],  15006 ms
66) [9,6],  716 ms
67) [8,5],  6788 ms
68) [7,6],  1434 ms
69) [7,8],  15001 ms
70) [6,5],  1218 ms
71) [5,4],  4144 ms
72) [6,6],  1044 ms
73) [6,7],  6180 ms
74) [5,6],  26 ms
75) [8,6],  28 ms
76) [4,6],  918 ms
77) [3,6],  26 ms
78) [4,7],  762 ms
79) [3,8],  6837 ms
80) [4,8],  661 ms
81) [4,5],  6472 ms
82) [2,7],  336 ms
83) [7,2],  15006 ms
84) [6,3],  25 ms
85) [6,4],  41 ms
86) [7,5],  512 ms
87) [5,7],  26 ms
88) [4,10],  29 ms
89) [4,9],  27 ms
90) [3,7],  28 ms
91) [2,6],  7920 ms
92) [2,12],  47 ms
93) [3,11],  26 ms
94) [2,8],  29 ms
95) [1,9],  26 ms
96) [0,12],  25 ms
97) [1,12],  26 ms
98) [1,7],  27 ms
99) [0,7],  25 ms
100) [2,10],  26 ms
101) [2,9],  27 ms
102) [3,9],  26 ms
103) [1,11],  25 ms
104) [0,6],  26 ms

pela 15.0 wins

pela 15.0:  3342 ms/turn
pela 15.0:  7646 ms/turn
