 0) [12,9],  26 ms
 1) [13,10],  26 ms
 2) [11,10],  26 ms
 3) [13,8],  27 ms
 4) [12,11],  26 ms
 5) [10,9],  27 ms
 6) [13,7],  11734 ms
 7) [12,12],  6609 ms
 8) [12,7],  14993 ms
 9) [12,8],  12963 ms
10) [10,8],  6526 ms
11) [11,7],  5096 ms
12) [14,10],  8950 ms
13) [13,13],  6642 ms
14) [14,14],  5486 ms
15) [14,11],  15075 ms
16) [12,13],  4437 ms
17) [15,13],  15001 ms
18) [16,13],  5503 ms
19) [15,10],  15000 ms
20) [13,12],  5282 ms
21) [15,14],  15002 ms
22) [15,12],  6955 ms
23) [11,6],  14987 ms
24) [10,11],  15004 ms
25) [9,10],  5152 ms
26) [11,8],  12753 ms
27) [9,12],  11993 ms
28) [9,11],  4923 ms
29) [11,11],  10666 ms
30) [9,9],  5814 ms
31) [7,10],  13822 ms
32) [10,13],  7255 ms
33) [7,12],  7031 ms
34) [8,12],  3194 ms
35) [10,10],  7418 ms
36) [6,13],  3314 ms
37) [7,11],  6598 ms
38) [7,9],  6408 ms
39) [6,8],  5588 ms
40) [6,10],  2281 ms
41) [8,8],  15009 ms
42) [5,8],  2565 ms
43) [7,13],  13097 ms
44) [7,14],  25 ms
45) [8,15],  15008 ms
46) [15,9],  2136 ms
47) [14,8],  15005 ms
48) [16,12],  6323 ms
49) [14,12],  15010 ms
50) [12,10],  3421 ms
51) [6,11],  14987 ms
52) [5,12],  4937 ms
53) [3,10],  6339 ms
54) [3,11],  4242 ms
55) [4,12],  9111 ms
56) [5,14],  3365 ms
57) [8,6],  15016 ms
58) [9,5],  1627 ms
59) [9,15],  14985 ms
60) [10,16],  2038 ms
61) [6,14],  11841 ms
62) [10,15],  1519 ms
63) [10,14],  8828 ms
64) [11,13],  930 ms
65) [8,13],  15018 ms
66) [5,10],  2277 ms
67) [5,11],  14987 ms
68) [6,12],  1953 ms
69) [10,12],  4353 ms
70) [9,6],  830 ms
71) [8,5],  8191 ms
72) [8,7],  1079 ms
73) [8,16],  6890 ms
74) [7,15],  1393 ms
75) [15,11],  10173 ms
76) [12,14],  1233 ms
77) [9,16],  15016 ms
78) [8,17],  337 ms
79) [7,16],  12936 ms
80) [6,16],  687 ms
81) [9,4],  15012 ms
82) [16,11],  889 ms
83) [16,10],  8853 ms
84) [17,9],  24 ms
85) [17,10],  15029 ms
86) [5,15],  799 ms
87) [5,17],  15000 ms
88) [4,15],  205 ms
89) [7,17],  14999 ms
90) [6,18],  38 ms
91) [9,14],  15057 ms
92) [9,13],  26 ms
93) [4,11],  14255 ms
94) [8,11],  27 ms
95) [9,18],  12180 ms
96) [9,17],  26 ms
97) [16,8],  10444 ms
98) [15,8],  27 ms
99) [5,16],  8755 ms
100) [3,15],  585 ms
101) [6,15],  26 ms
102) [2,15],  44 ms
103) [1,15],  26 ms
104) [3,16],  154 ms
105) [2,17],  26 ms
106) [8,18],  36 ms
107) [11,15],  27 ms
108) [3,13],  36 ms
109) [3,14],  6364 ms
110) [4,14],  27 ms
111) [2,12],  32 ms
112) [6,9],  33 ms
113) [7,8],  26 ms
114) [5,13],  27 ms
115) [2,16],  26 ms
116) [9,7],  26 ms
117) [9,8],  26 ms
118) [4,13],  27 ms
119) [2,13],  27 ms
120) [4,17],  27 ms
121) [4,16],  26 ms
122) [1,14],  26 ms
123) [5,18],  26 ms
124) [0,13],  27 ms

pela 15.0 wins

pela 15.0:  2808 ms/turn
pela 15.0:  8915 ms/turn
