 0) [8,11],  24 ms
 1) [8,10],  25 ms
 2) [7,10],  23 ms
 3) [7,11],  24 ms
 4) [6,9],  25 ms
 5) [5,8],  24 ms
 6) [9,12],  13770 ms
 7) [10,13],  27 ms
 8) [11,7],  7041 ms
 9) [10,12],  15009 ms
10) [9,13],  15028 ms
11) [9,11],  489 ms
12) [7,9],  9205 ms
13) [10,10],  615 ms
14) [10,11],  15030 ms
15) [11,9],  128 ms
16) [12,8],  14997 ms
17) [9,9],  41 ms
18) [6,12],  12416 ms
19) [12,12],  45 ms
20) [11,11],  13221 ms
21) [12,14],  31 ms
22) [11,13],  25 ms
23) [12,11],  30 ms
24) [12,13],  11334 ms
25) [11,12],  26 ms
26) [13,10],  9693 ms
27) [10,9],  29 ms
28) [12,9],  26 ms
29) [13,12],  26 ms
30) [14,12],  59 ms
31) [11,10],  26 ms
32) [14,13],  25 ms
33) [9,8],  72 ms

pela 15.0 wins

pela 15.0:  7173 ms/turn
pela 15.0:  980 ms/turn
