 0) [11,9],  26 ms
 1) [12,9],  26 ms
 2) [11,8],  25 ms
 3) [11,7],  27 ms
 4) [10,9],  11189 ms
 5) [9,10],  15008 ms
 6) [7,9],  15029 ms
 7) [8,9],  9316 ms
 8) [10,11],  15050 ms
 9) [10,10],  6279 ms
10) [8,10],  15034 ms
11) [6,8],  6078 ms
12) [6,7],  9343 ms
13) [9,8],  15019 ms
14) [9,7],  14186 ms
15) [8,8],  4354 ms
16) [7,8],  7359 ms
17) [7,7],  10375 ms
18) [9,9],  13290 ms
19) [12,10],  8766 ms
20) [12,8],  11345 ms
21) [13,8],  15031 ms
22) [11,10],  9751 ms
23) [7,11],  15032 ms
24) [6,11],  6186 ms
25) [11,13],  15003 ms
26) [8,5],  3159 ms
27) [11,11],  6450 ms
28) [10,12],  7004 ms
29) [9,6],  8524 ms
30) [11,6],  3675 ms
31) [9,4],  10625 ms
32) [14,6],  1847 ms
33) [15,5],  5082 ms
34) [5,10],  5202 ms
35) [4,9],  5429 ms
36) [9,5],  4465 ms
37) [7,5],  13829 ms
38) [9,12],  3827 ms
39) [8,13],  9693 ms
40) [13,6],  2138 ms
41) [12,6],  14997 ms
42) [5,9],  998 ms
43) [10,13],  10066 ms
44) [12,13],  1830 ms
45) [14,5],  9244 ms
46) [13,5],  2383 ms
47) [12,4],  9678 ms
48) [12,3],  2102 ms
49) [13,11],  5300 ms
50) [12,12],  1837 ms
51) [11,12],  13253 ms
52) [12,11],  1602 ms
53) [8,15],  4221 ms
54) [11,14],  1242 ms
55) [13,12],  14999 ms
56) [12,14],  637 ms
57) [12,15],  26 ms
58) [7,13],  410 ms
59) [13,10],  28 ms
60) [13,9],  27 ms
61) [9,14],  28 ms
62) [7,16],  25 ms
63) [11,16],  29 ms
64) [10,15],  25 ms
65) [13,14],  27 ms
66) [13,13],  25 ms
67) [10,17],  26 ms
68) [14,13],  26 ms
69) [9,18],  25 ms

pela 15.0 wins

pela 15.0:  4922 ms/turn
pela 15.0:  7482 ms/turn
