 0) [8,8],  26 ms
 1) [7,7],  28 ms
 2) [9,7],  25 ms
 3) [7,9],  41 ms
 4) [8,6],  24 ms
 5) [10,8],  24 ms
 6) [7,8],  11382 ms
 7) [9,6],  10865 ms
 8) [11,7],  7420 ms
 9) [8,7],  5023 ms
10) [11,8],  15010 ms
11) [11,5],  7215 ms
12) [6,7],  13311 ms
13) [5,6],  8771 ms
14) [9,10],  4714 ms
15) [11,10],  7196 ms
16) [6,10],  14266 ms
17) [10,9],  14995 ms
18) [9,8],  6428 ms
19) [6,8],  9002 ms
20) [10,7],  5353 ms
21) [8,9],  15016 ms
22) [9,9],  24 ms
23) [9,11],  25 ms
24) [8,10],  25 ms
25) [7,10],  13710 ms
26) [9,12],  7362 ms
27) [10,12],  14996 ms
28) [10,11],  4390 ms
29) [4,6],  7245 ms
30) [12,7],  12898 ms
31) [13,7],  24 ms
32) [5,7],  11054 ms
33) [4,7],  15001 ms
34) [4,8],  8094 ms
35) [3,6],  15018 ms
36) [6,6],  3025 ms
37) [7,5],  12297 ms
38) [6,5],  7886 ms
39) [5,8],  40 ms
40) [6,9],  27 ms
41) [2,6],  35 ms
42) [1,6],  27 ms
43) [2,5],  32 ms
44) [1,4],  27 ms
45) [2,7],  34 ms
46) [3,9],  5305 ms
47) [2,10],  26 ms
48) [6,3],  1887 ms
49) [6,4],  27 ms
50) [2,8],  2365 ms
51) [4,5],  34 ms
52) [1,8],  3212 ms
53) [2,4],  26 ms
54) [2,3],  26 ms
55) [4,4],  25 ms
56) [4,3],  26 ms
57) [5,4],  26 ms
58) [3,4],  27 ms
59) [7,4],  25 ms
60) [8,4],  26 ms
61) [7,3],  26 ms
62) [7,6],  26 ms
63) [5,5],  26 ms
64) [8,2],  26 ms
65) [3,7],  26 ms

pela 15.0 wins

pela 15.0:  4415 ms/turn
pela 15.0:  4754 ms/turn
