 0) [11,11],  27 ms
 1) [11,12],  25 ms
 2) [12,10],  26 ms
 3) [10,12],  57 ms
 4) [12,12],  14996 ms
 5) [10,10],  25 ms
 6) [10,13],  8377 ms
 7) [13,11],  9215 ms
 8) [12,14],  7643 ms
 9) [12,13],  15003 ms
10) [9,10],  6959 ms
11) [8,12],  9997 ms
12) [11,15],  7099 ms
13) [10,16],  15040 ms
14) [9,12],  13421 ms
15) [8,11],  15034 ms
16) [8,10],  15000 ms
17) [10,11],  7962 ms
18) [12,15],  15007 ms
19) [13,16],  12763 ms
20) [12,17],  11844 ms
21) [12,18],  11640 ms
22) [13,14],  4126 ms
23) [10,9],  15038 ms
24) [10,8],  25 ms
25) [9,11],  15021 ms
26) [7,13],  10766 ms
27) [11,16],  15006 ms
28) [12,16],  4244 ms
29) [9,13],  15007 ms
30) [7,11],  2494 ms
31) [9,9],  6556 ms
32) [11,9],  2814 ms
33) [13,15],  14997 ms
34) [11,7],  7875 ms
35) [11,8],  4921 ms
36) [12,8],  6465 ms
37) [12,7],  5940 ms
38) [15,11],  3241 ms
39) [14,14],  14998 ms
40) [15,12],  2192 ms
41) [13,6],  4904 ms
42) [14,5],  24 ms
43) [13,9],  15005 ms
44) [12,11],  24 ms
45) [12,9],  24 ms
46) [14,12],  24 ms
47) [13,13],  24 ms
48) [14,13],  24 ms
49) [16,11],  25 ms
50) [13,12],  24 ms
51) [16,12],  24 ms
52) [15,14],  24 ms
53) [16,15],  25 ms
54) [11,10],  24 ms

pela 15.0 wins

pela 15.0:  5171 ms/turn
pela 15.0:  8306 ms/turn
