 0) [11,10],  24 ms
 1) [12,11],  24 ms
 2) [12,9],  24 ms
 3) [10,11],  23 ms
 4) [13,10],  23 ms
 5) [11,8],  24 ms
 6) [9,11],  7831 ms
 7) [14,10],  11429 ms
 8) [10,10],  7698 ms
 9) [9,10],  15011 ms
10) [11,12],  4697 ms
11) [11,9],  10973 ms
12) [12,7],  15022 ms
13) [12,8],  4525 ms
14) [10,8],  8855 ms
15) [15,11],  7331 ms
16) [13,9],  7651 ms
17) [13,8],  7924 ms
18) [14,8],  15038 ms
19) [11,11],  7235 ms
20) [13,11],  11897 ms
21) [13,13],  14993 ms
22) [14,12],  15014 ms
23) [15,7],  14394 ms
24) [9,9],  7186 ms
25) [8,10],  6586 ms
26) [8,9],  8027 ms
27) [17,13],  7394 ms
28) [18,14],  15009 ms
29) [15,5],  10329 ms
30) [14,6],  4870 ms
31) [12,6],  5299 ms
32) [11,5],  7272 ms
33) [14,5],  8060 ms
34) [16,5],  15001 ms
35) [7,9],  2967 ms
36) [16,4],  7930 ms
37) [16,6],  3521 ms
38) [17,7],  5463 ms
39) [7,10],  3809 ms
40) [5,10],  10598 ms
41) [12,13],  3996 ms
42) [11,13],  15000 ms
43) [7,12],  4875 ms
44) [7,11],  15001 ms
45) [8,11],  696 ms
46) [10,9],  23 ms
47) [9,12],  658 ms
48) [10,13],  14998 ms
49) [8,13],  45 ms
50) [10,7],  7372 ms
51) [10,6],  23 ms
52) [8,12],  7079 ms
53) [9,14],  33 ms
54) [10,15],  15013 ms
55) [15,6],  58 ms
56) [15,4],  4602 ms
57) [9,6],  127 ms
58) [11,6],  5826 ms
59) [6,9],  24 ms
60) [5,8],  23 ms
61) [7,14],  3469 ms
62) [6,15],  23 ms
63) [6,13],  1143 ms
64) [5,14],  23 ms
65) [15,8],  3277 ms
66) [15,9],  23 ms
67) [13,4],  977 ms
68) [9,8],  23 ms
69) [12,5],  24 ms
70) [8,7],  23 ms
71) [7,6],  23 ms
72) [9,7],  24 ms
73) [11,7],  23 ms
74) [7,7],  23 ms
75) [6,7],  23 ms
76) [8,8],  23 ms
77) [6,6],  23 ms
78) [8,6],  23 ms
79) [8,5],  23 ms
80) [6,8],  24 ms
81) [7,8],  25 ms
82) [5,9],  23 ms
83) [9,5],  23 ms
84) [4,10],  23 ms

pela 15.0 wins

pela 15.0:  3843 ms/turn
pela 15.0:  6054 ms/turn
