 0) [8,9],  25 ms
 1) [9,9],  26 ms
 2) [7,10],  26 ms
 3) [9,8],  25 ms
 4) [9,7],  15010 ms
 5) [7,9],  12939 ms
 6) [8,11],  4454 ms
 7) [9,12],  15023 ms
 8) [10,11],  6728 ms
 9) [11,12],  13234 ms
10) [9,11],  6655 ms
11) [7,11],  15021 ms
12) [10,12],  6806 ms
13) [8,10],  5788 ms
14) [6,12],  11983 ms
15) [11,11],  15035 ms
16) [10,10],  12781 ms
17) [10,9],  15018 ms
18) [11,10],  15047 ms
19) [10,13],  15001 ms
20) [6,9],  4180 ms
21) [6,10],  15007 ms
22) [7,8],  11264 ms
23) [9,10],  6855 ms
24) [5,10],  223 ms
25) [4,11],  5688 ms
26) [8,7],  110 ms
27) [9,6],  24 ms
28) [5,8],  46 ms
29) [4,7],  24 ms
30) [6,7],  39 ms
31) [5,7],  5958 ms
32) [10,7],  39 ms
33) [7,7],  24 ms
34) [8,5],  35 ms
35) [7,6],  5108 ms
36) [11,9],  34 ms
37) [12,8],  24 ms
38) [8,6],  27 ms
39) [8,8],  24 ms
40) [10,8],  24 ms
41) [12,10],  25 ms
42) [7,5],  24 ms

pela 15.0 wins

pela 15.0:  4343 ms/turn
pela 15.0:  6946 ms/turn
