 0) [9,10],  26 ms
 1) [9,9],  25 ms
 2) [8,11],  24 ms
 3) [10,9],  25 ms
 4) [11,9],  15015 ms
 5) [9,11],  11996 ms
 6) [7,10],  5188 ms
 7) [6,9],  15007 ms
 8) [7,8],  6997 ms
 9) [6,7],  7253 ms
10) [7,9],  6530 ms
11) [7,11],  9329 ms
12) [6,8],  7437 ms
13) [8,10],  8249 ms
14) [6,12],  9828 ms
15) [7,7],  12656 ms
16) [8,8],  12494 ms
17) [9,8],  15003 ms
18) [8,7],  15017 ms
19) [4,8],  14937 ms
20) [5,12],  7000 ms
21) [6,10],  9859 ms
22) [5,9],  13499 ms
23) [10,8],  7237 ms
24) [11,7],  24 ms
25) [4,12],  15037 ms
26) [6,11],  563 ms
27) [4,13],  8166 ms
28) [5,11],  195 ms
29) [5,10],  7886 ms
30) [8,6],  282 ms
31) [8,5],  6825 ms
32) [4,10],  408 ms
33) [3,9],  6859 ms
34) [3,11],  46 ms
35) [2,12],  24 ms
36) [4,11],  42 ms
37) [2,11],  24 ms
38) [6,13],  28 ms
39) [7,14],  15014 ms
40) [7,13],  24 ms
41) [8,14],  23 ms
42) [5,14],  24 ms
43) [7,12],  24 ms
44) [6,14],  24 ms
45) [6,15],  24 ms
46) [5,15],  23 ms
47) [5,13],  24 ms
48) [4,16],  23 ms
49) [8,12],  24 ms
50) [3,17],  24 ms

pela 15.0 wins

pela 15.0:  3876 ms/turn
pela 15.0:  6861 ms/turn
