 0) [11,9],  27 ms
 1) [11,10],  27 ms
 2) [12,8],  27 ms
 3) [10,10],  44 ms
 4) [9,10],  15004 ms
 5) [11,8],  11788 ms
 6) [13,9],  15015 ms
 7) [14,10],  15018 ms
 8) [13,11],  7341 ms
 9) [14,12],  12184 ms
10) [13,10],  7218 ms
11) [13,8],  8454 ms
12) [14,11],  8053 ms
13) [12,9],  5243 ms
14) [14,7],  10450 ms
15) [13,12],  13739 ms
16) [12,11],  15036 ms
17) [11,11],  15005 ms
18) [12,12],  14563 ms
19) [16,11],  12258 ms
20) [15,7],  3895 ms
21) [14,9],  15005 ms
22) [15,10],  11924 ms
23) [10,11],  13413 ms
24) [9,12],  26 ms
25) [16,7],  9936 ms
26) [14,8],  432 ms
27) [16,6],  6351 ms
28) [15,8],  278 ms
29) [15,9],  5842 ms
30) [12,13],  231 ms
31) [12,14],  15018 ms
32) [16,9],  392 ms
33) [17,10],  15004 ms
34) [17,8],  46 ms
35) [18,7],  26 ms
36) [16,8],  39 ms
37) [18,8],  26 ms
38) [14,6],  30 ms
39) [13,5],  9997 ms
40) [13,6],  26 ms
41) [12,5],  25 ms
42) [15,5],  26 ms
43) [13,7],  27 ms
44) [14,5],  26 ms
45) [14,4],  26 ms
46) [15,4],  26 ms
47) [15,6],  27 ms
48) [16,3],  26 ms
49) [17,2],  27 ms
50) [12,7],  26 ms

pela 15.0 wins

pela 15.0:  4237 ms/turn
pela 15.0:  7380 ms/turn
