 0) [11,8],  25 ms
 1) [10,8],  24 ms
 2) [11,9],  25 ms
 3) [11,10],  24 ms
 4) [12,8],  11882 ms
 5) [13,7],  9944 ms
 6) [15,8],  6161 ms
 7) [14,8],  9147 ms
 8) [12,6],  5791 ms
 9) [12,7],  6763 ms
10) [15,7],  5745 ms
11) [15,6],  14602 ms
12) [14,6],  14884 ms
13) [16,8],  6102 ms
14) [13,8],  6595 ms
15) [9,8],  15008 ms
16) [9,7],  8249 ms
17) [8,10],  5886 ms
18) [9,10],  15007 ms
19) [8,9],  15000 ms
20) [8,7],  9965 ms
21) [7,7],  14364 ms
22) [10,7],  4688 ms
23) [9,6],  5467 ms
24) [11,7],  10884 ms
25) [11,5],  4995 ms
26) [6,8],  11433 ms
27) [10,12],  7826 ms
28) [9,11],  3669 ms
29) [8,12],  15023 ms
30) [8,11],  9281 ms
31) [10,9],  15001 ms
32) [10,10],  2326 ms
33) [11,11],  7396 ms
34) [7,11],  3326 ms
35) [6,11],  10803 ms
36) [9,12],  6133 ms
37) [9,13],  6812 ms
38) [12,10],  2021 ms
39) [10,14],  13395 ms
40) [12,11],  5993 ms
41) [12,9],  13735 ms
42) [10,13],  1338 ms
43) [7,10],  5877 ms
44) [5,12],  23 ms
45) [12,14],  10544 ms
46) [11,15],  2774 ms
47) [12,15],  14482 ms
48) [11,14],  4530 ms
49) [15,9],  4370 ms
50) [16,10],  1961 ms
51) [11,12],  5532 ms
52) [12,13],  1685 ms
53) [13,9],  11787 ms
54) [16,9],  1660 ms
55) [17,10],  12497 ms
56) [5,14],  1329 ms
57) [6,13],  15037 ms
58) [8,14],  2674 ms
59) [5,13],  8465 ms
60) [8,13],  1222 ms
61) [9,14],  7072 ms
62) [8,17],  526 ms
63) [4,13],  13573 ms
64) [7,13],  52 ms
65) [8,15],  39 ms
66) [9,16],  27 ms
67) [10,15],  25 ms
68) [6,15],  26 ms
69) [7,14],  25 ms
70) [10,16],  27 ms
71) [11,17],  25 ms
72) [7,16],  25 ms
73) [9,18],  25 ms
74) [8,16],  25 ms
75) [11,16],  26 ms
76) [6,16],  24 ms

pela 15.0 wins

pela 15.0:  4205 ms/turn
pela 15.0:  8071 ms/turn
