 0) [8,10],  25 ms
 1) [9,9],  25 ms
 2) [7,9],  23 ms
 3) [9,11],  23 ms
 4) [8,8],  23 ms
 5) [6,10],  24 ms
 6) [9,12],  4916 ms
 7) [8,7],  14756 ms
 8) [8,12],  7991 ms
 9) [8,11],  15009 ms
10) [6,11],  8931 ms
11) [7,12],  5746 ms
12) [10,9],  11527 ms
13) [9,6],  15039 ms
14) [10,11],  6484 ms
15) [11,10],  15001 ms
16) [7,8],  15017 ms
17) [9,8],  6102 ms
18) [9,7],  10957 ms
19) [7,7],  11933 ms
20) [9,10],  10069 ms
21) [8,9],  7117 ms
22) [10,5],  7163 ms
23) [11,8],  8273 ms
24) [10,7],  8203 ms
25) [10,6],  6461 ms
26) [11,6],  6335 ms
27) [10,8],  7603 ms
28) [12,5],  11753 ms
29) [13,4],  8386 ms
30) [11,9],  10084 ms
31) [13,5],  7098 ms
32) [12,8],  4043 ms
33) [12,7],  13525 ms
34) [13,3],  7734 ms
35) [9,5],  9121 ms
36) [11,7],  3276 ms
37) [13,6],  7787 ms
38) [14,5],  5637 ms
39) [8,4],  12015 ms
40) [8,6],  5715 ms
41) [9,3],  1092 ms
42) [7,3],  2338 ms
43) [10,2],  815 ms
44) [11,1],  3276 ms
45) [9,2],  307 ms
46) [9,4],  23 ms
47) [8,2],  477 ms
48) [11,2],  4068 ms
49) [7,2],  43 ms
50) [6,2],  50 ms
51) [8,3],  36 ms
52) [8,1],  1625 ms
53) [11,3],  28 ms
54) [12,4],  2451 ms
55) [13,7],  26 ms
56) [13,8],  24 ms
57) [7,4],  26 ms
58) [6,5],  1872 ms
59) [10,3],  23 ms
60) [12,3],  24 ms
61) [10,1],  23 ms
62) [11,0],  24 ms
63) [10,4],  24 ms
64) [10,0],  23 ms
65) [7,1],  24 ms
66) [11,5],  24 ms
67) [6,0],  24 ms

pela 15.0 wins

pela 15.0:  4756 ms/turn
pela 15.0:  5118 ms/turn
