 0) [12,11],  26 ms
 1) [13,10],  25 ms
 2) [11,10],  26 ms
 3) [13,12],  26 ms
 4) [12,9],  25 ms
 5) [10,11],  25 ms
 6) [13,13],  11603 ms
 7) [12,8],  7739 ms
 8) [12,13],  15012 ms
 9) [12,12],  11600 ms
10) [10,12],  7318 ms
11) [11,13],  15025 ms
12) [14,10],  10671 ms
13) [13,7],  15006 ms
14) [14,12],  6220 ms
15) [13,8],  13404 ms
16) [13,9],  6908 ms
17) [14,8],  9800 ms
18) [11,8],  15033 ms
19) [15,8],  6961 ms
20) [16,8],  31 ms
21) [15,9],  639 ms
22) [16,10],  15014 ms
23) [15,11],  101 ms
24) [15,7],  13168 ms
25) [15,10],  47 ms
26) [15,12],  26 ms
27) [14,9],  116 ms
28) [12,7],  7155 ms
29) [17,6],  32 ms
30) [16,7],  26 ms
31) [16,9],  31 ms
32) [17,8],  9946 ms
33) [18,9],  27 ms
34) [17,9],  25 ms
35) [14,6],  26 ms
36) [15,5],  25 ms
37) [14,7],  27 ms
38) [14,5],  25 ms
39) [13,6],  26 ms
40) [17,10],  27 ms
41) [12,5],  25 ms

pela 15.0 wins

pela 15.0:  5633 ms/turn
pela 15.0:  3843 ms/turn
