 0) [8,10],  25 ms
 1) [7,10],  25 ms
 2) [6,9],  25 ms
 3) [7,9],  25 ms
 4) [7,11],  26 ms
 5) [6,11],  25 ms
 6) [8,9],  25 ms
 7) [8,12],  4728 ms
 8) [8,7],  15014 ms
 9) [8,8],  14053 ms
10) [9,7],  5969 ms
11) [7,7],  15027 ms
12) [9,9],  2217 ms
13) [10,8],  5467 ms
14) [9,8],  433 ms
15) [9,6],  5887 ms
16) [9,10],  2106 ms
17) [9,11],  25 ms
18) [10,9],  743 ms
19) [11,10],  6926 ms
20) [12,7],  57 ms
21) [11,8],  15000 ms
22) [11,9],  28 ms
23) [12,9],  30 ms
24) [10,7],  31 ms
25) [11,7],  25 ms
26) [9,12],  11705 ms
27) [12,5],  5831 ms
28) [7,6],  15008 ms
29) [6,5],  25 ms
30) [11,4],  11230 ms
31) [9,5],  13853 ms
32) [10,6],  14495 ms
33) [4,12],  4497 ms
34) [5,11],  12365 ms
35) [5,13],  4193 ms
36) [6,14],  15016 ms
37) [4,13],  6730 ms
38) [5,12],  15008 ms
39) [3,13],  11079 ms
40) [2,13],  15000 ms
41) [7,8],  9500 ms
42) [6,13],  9947 ms
43) [7,14],  3912 ms
44) [4,11],  15010 ms
45) [5,10],  7605 ms
46) [10,4],  7950 ms
47) [10,3],  2209 ms
48) [13,8],  9532 ms
49) [9,4],  3501 ms
50) [9,3],  15017 ms
51) [4,14],  5687 ms
52) [3,15],  9195 ms
53) [6,15],  4884 ms
54) [5,15],  7848 ms
55) [3,10],  2571 ms
56) [7,12],  7307 ms
57) [8,11],  25 ms
58) [3,11],  15001 ms
59) [2,11],  2270 ms
60) [3,12],  34 ms
61) [4,10],  36 ms
62) [6,10],  25 ms
63) [5,8],  29 ms
64) [4,9],  5375 ms
65) [6,8],  28 ms
66) [4,8],  25 ms
67) [5,9],  27 ms
68) [8,6],  26 ms
69) [5,6],  27 ms
70) [5,7],  27 ms
71) [8,3],  29 ms
72) [7,4],  26 ms
73) [10,5],  27 ms
74) [7,2],  26 ms
75) [11,5],  26 ms
76) [13,5],  25 ms
77) [8,5],  26 ms

pela 15.0 wins

pela 15.0:  3996 ms/turn
pela 15.0:  6126 ms/turn
