 0) [8,11],  25 ms
 1) [9,12],  25 ms
 2) [9,10],  25 ms
 3) [7,12],  24 ms
 4) [10,11],  25 ms
 5) [8,9],  25 ms
 6) [6,12],  8221 ms
 7) [11,11],  14897 ms
 8) [6,11],  8385 ms
 9) [7,11],  12428 ms
10) [7,9],  6837 ms
11) [6,10],  15018 ms
12) [9,13],  11010 ms
13) [12,12],  8411 ms
14) [13,13],  5501 ms
15) [10,13],  15035 ms
16) [12,11],  11525 ms
17) [9,14],  10867 ms
18) [11,12],  5826 ms
19) [13,14],  14752 ms
20) [12,15],  10281 ms
21) [5,10],  4940 ms
22) [7,14],  9291 ms
23) [10,15],  10641 ms
24) [11,16],  15005 ms
25) [12,16],  10420 ms
26) [10,9],  11164 ms
27) [9,8],  3367 ms
28) [5,9],  10196 ms
29) [14,14],  8461 ms
30) [13,15],  15025 ms
31) [14,15],  3564 ms
32) [15,14],  15001 ms
33) [10,8],  3455 ms
34) [10,7],  7052 ms
35) [13,12],  6246 ms
36) [10,14],  15035 ms
37) [9,7],  1960 ms
38) [8,8],  5494 ms
39) [4,11],  2211 ms
40) [3,10],  5637 ms
41) [4,13],  3121 ms
42) [4,12],  5874 ms
43) [11,8],  4298 ms
44) [11,9],  13545 ms
45) [13,7],  3702 ms
46) [13,8],  15005 ms
47) [14,9],  3156 ms
48) [14,12],  15001 ms
49) [12,14],  849 ms
50) [15,9],  14995 ms
51) [14,7],  2286 ms
52) [14,8],  13261 ms
53) [16,8],  866 ms
54) [16,7],  4782 ms
55) [8,15],  1415 ms
56) [7,7],  15002 ms
57) [8,6],  1936 ms
58) [2,13],  7553 ms
59) [2,12],  1548 ms
60) [7,15],  15010 ms
61) [6,14],  538 ms
62) [3,9],  13088 ms
63) [7,16],  689 ms
64) [6,17],  25 ms
65) [7,5],  1046 ms
66) [6,4],  25 ms
67) [3,11],  344 ms
68) [6,6],  14997 ms
69) [9,9],  1062 ms
70) [11,7],  15001 ms
71) [6,9],  419 ms
72) [7,8],  4700 ms
73) [9,5],  851 ms
74) [9,6],  24 ms
75) [4,4],  726 ms
76) [6,7],  29 ms
77) [6,5],  627 ms
78) [7,6],  23 ms
79) [7,10],  25 ms
80) [5,8],  25 ms
81) [4,9],  24 ms
82) [4,8],  25 ms
83) [6,8],  24 ms
84) [5,7],  24 ms
85) [2,10],  25 ms
86) [4,7],  25 ms
87) [8,7],  25 ms
88) [3,7],  24 ms

pela 15.0 wins

pela 15.0:  4007 ms/turn
pela 15.0:  7658 ms/turn
