 0) [12,10],  24 ms
 1) [12,11],  25 ms
 2) [13,11],  23 ms
 3) [13,10],  25 ms
 4) [11,9],  26 ms
 5) [10,8],  24 ms
 6) [14,12],  15001 ms
 7) [15,13],  25 ms
 8) [16,7],  11341 ms
 9) [15,12],  4298 ms
10) [14,13],  15010 ms
11) [14,11],  464 ms
12) [12,9],  8438 ms
13) [15,10],  583 ms
14) [15,11],  11553 ms
15) [16,9],  146 ms
16) [17,8],  13784 ms
17) [14,9],  39 ms
18) [11,12],  5763 ms
19) [17,12],  46 ms
20) [16,11],  12951 ms
21) [17,14],  28 ms
22) [16,13],  25 ms
23) [17,11],  29 ms
24) [17,13],  31 ms
25) [16,12],  25 ms
26) [18,10],  42 ms
27) [15,9],  50 ms
28) [17,9],  25 ms
29) [18,12],  98 ms
30) [19,12],  25 ms
31) [16,10],  25 ms
32) [19,13],  25 ms
33) [14,8],  24 ms

pela 15.0 wins

pela 15.0:  5534 ms/turn
pela 15.0:  350 ms/turn
