 0) [8,10],  25 ms
 1) [7,11],  24 ms
 2) [7,9],  25 ms
 3) [9,11],  57 ms
 4) [6,9],  24 ms
 5) [9,10],  25 ms
 6) [6,11],  24 ms
 7) [9,9],  25 ms
 8) [9,8],  13576 ms
 9) [8,9],  13331 ms
10) [6,10],  462 ms
11) [6,8],  15005 ms
12) [6,12],  107 ms
13) [6,13],  24 ms
14) [5,11],  115 ms
15) [4,12],  4841 ms
16) [4,10],  51 ms
17) [9,12],  15003 ms
18) [9,13],  24 ms
19) [3,9],  11108 ms
20) [5,10],  31 ms
21) [7,10],  25 ms
22) [8,8],  26 ms
23) [9,7],  27 ms
24) [7,8],  113 ms
25) [4,11],  15006 ms
26) [3,10],  26 ms
27) [2,10],  24 ms
28) [8,7],  35 ms
29) [9,6],  25 ms
30) [4,9],  26 ms
31) [7,12],  4752 ms
32) [2,7],  26 ms
33) [3,8],  25 ms
34) [7,13],  24 ms
35) [8,14],  26 ms
36) [8,11],  7058 ms
37) [5,8],  7763 ms
38) [4,8],  15035 ms
39) [4,7],  7187 ms
40) [10,11],  15003 ms
41) [7,6],  8869 ms
42) [8,6],  4959 ms
43) [8,5],  4937 ms
44) [9,5],  5939 ms
45) [9,4],  3352 ms
46) [6,7],  24 ms
47) [7,4],  1826 ms
48) [11,8],  8561 ms
49) [10,8],  24 ms
50) [6,3],  6288 ms
51) [10,3],  532 ms
52) [11,2],  24 ms
53) [10,4],  188 ms
54) [8,4],  14995 ms
55) [10,5],  120 ms
56) [10,2],  15005 ms
57) [11,6],  33 ms
58) [8,3],  15000 ms
59) [10,6],  28 ms
60) [10,7],  26 ms
61) [13,6],  27 ms
62) [12,6],  26 ms
63) [11,4],  29 ms
64) [12,5],  7362 ms
65) [12,7],  26 ms
66) [13,8],  26 ms
67) [12,3],  26 ms
68) [13,2],  26 ms
69) [12,4],  27 ms
70) [13,4],  25 ms
71) [13,3],  27 ms
72) [11,5],  26 ms
73) [11,3],  26 ms
74) [14,3],  26 ms
75) [9,3],  27 ms

pela 15.0 wins

pela 15.0:  3011 ms/turn
pela 15.0:  3425 ms/turn
