 0) [11,11],  26 ms
 1) [10,12],  26 ms
 2) [12,12],  27 ms
 3) [10,10],  27 ms
 4) [12,13],  26 ms
 5) [11,10],  26 ms
 6) [10,13],  26 ms
 7) [12,10],  26 ms
 8) [9,10],  5783 ms
 9) [11,13],  12110 ms
10) [13,10],  9582 ms
11) [11,12],  5104 ms
12) [11,9],  5858 ms
13) [12,15],  5261 ms
14) [8,11],  15009 ms
15) [10,9],  15001 ms
16) [10,8],  5963 ms
17) [7,10],  5640 ms
18) [13,13],  7323 ms
19) [13,12],  7448 ms
20) [12,11],  6430 ms
21) [9,11],  13588 ms
22) [8,10],  5354 ms
23) [15,15],  9405 ms
24) [13,15],  15005 ms
25) [8,12],  6771 ms
26) [9,12],  4729 ms
27) [11,7],  6498 ms
28) [7,14],  6981 ms
29) [6,13],  9569 ms
30) [14,14],  15044 ms
31) [15,13],  11965 ms
32) [15,14],  4285 ms
33) [16,14],  4543 ms
34) [14,12],  9572 ms
35) [14,11],  8409 ms
36) [14,16],  4380 ms
37) [14,15],  3997 ms
38) [9,8],  15000 ms
39) [7,8],  6764 ms
40) [7,13],  11521 ms
41) [7,15],  2456 ms
42) [7,11],  9293 ms
43) [6,12],  2174 ms
44) [6,9],  9334 ms
45) [17,15],  5328 ms
46) [18,15],  6947 ms
47) [17,13],  2929 ms
48) [18,12],  8971 ms
49) [12,14],  4987 ms
50) [17,16],  14999 ms
51) [15,16],  1468 ms
52) [18,16],  6837 ms
53) [18,17],  3742 ms
54) [17,18],  7013 ms
55) [5,14],  3536 ms
56) [6,15],  5685 ms
57) [8,13],  3049 ms
58) [5,12],  15001 ms
59) [6,11],  2593 ms
60) [18,13],  10440 ms
61) [18,14],  29 ms
62) [7,12],  15011 ms
63) [6,14],  165 ms
64) [6,10],  24 ms
65) [8,16],  191 ms
66) [5,13],  7727 ms
67) [11,16],  111 ms
68) [9,17],  9810 ms
69) [8,15],  23 ms
70) [8,14],  25 ms
71) [11,15],  24 ms
72) [11,14],  24 ms
73) [9,15],  23 ms
74) [10,15],  24 ms
75) [10,14],  24 ms
76) [7,17],  146 ms
77) [12,16],  25 ms
78) [9,13],  24 ms
79) [12,18],  23 ms
80) [12,17],  24 ms
81) [14,18],  25 ms
82) [13,17],  24 ms
83) [15,17],  24 ms
84) [16,16],  24 ms
85) [15,18],  23 ms
86) [15,19],  24 ms
87) [13,18],  23 ms
88) [16,18],  24 ms
89) [11,18],  24 ms

pela 15.0 wins

pela 15.0:  3671 ms/turn
pela 15.0:  6119 ms/turn
