 0) [9,8],  25 ms
 1) [8,8],  26 ms
 2) [10,9],  25 ms
 3) [8,7],  53 ms
 4) [8,6],  5369 ms
 5) [10,8],  10601 ms
 6) [9,10],  15014 ms
 7) [8,11],  15014 ms
 8) [7,10],  6957 ms
 9) [6,11],  8487 ms
10) [8,10],  6630 ms
11) [10,10],  14993 ms
12) [7,11],  6537 ms
13) [9,9],  8038 ms
14) [11,11],  10842 ms
15) [6,10],  10791 ms
16) [7,9],  14331 ms
17) [7,8],  15009 ms
18) [6,9],  14999 ms
19) [7,13],  15000 ms
20) [11,12],  7338 ms
21) [9,11],  15006 ms
22) [8,12],  13127 ms
23) [7,7],  15001 ms
24) [6,6],  24 ms
25) [11,13],  9158 ms
26) [10,11],  448 ms
27) [12,13],  7271 ms
28) [10,12],  250 ms
29) [9,12],  8097 ms
30) [5,9],  317 ms
31) [4,9],  8148 ms
32) [9,13],  546 ms
33) [8,14],  8660 ms
34) [10,14],  46 ms
35) [11,15],  23 ms
36) [10,13],  44 ms
37) [10,15],  24 ms
38) [12,11],  28 ms
39) [13,10],  5622 ms
40) [12,10],  23 ms
41) [13,9],  24 ms
42) [13,12],  24 ms
43) [11,10],  23 ms
44) [13,11],  24 ms
45) [14,11],  23 ms
46) [14,12],  23 ms
47) [12,12],  25 ms
48) [15,13],  23 ms
49) [16,14],  24 ms
50) [11,9],  23 ms

pela 15.0 wins

pela 15.0:  3962 ms/turn
pela 15.0:  7005 ms/turn
