 0) [9,11],  28 ms
 1) [10,12],  27 ms
 2) [9,10],  28 ms
 3) [9,9],  43 ms
 4) [8,11],  7871 ms
 5) [10,11],  26 ms
 6) [8,12],  8113 ms
 7) [8,10],  6777 ms
 8) [10,8],  15001 ms
 9) [7,12],  5390 ms
10) [9,13],  15001 ms
11) [9,14],  15017 ms
12) [10,15],  15011 ms
13) [11,15],  8980 ms
14) [11,8],  9111 ms
15) [10,9],  13957 ms
16) [10,13],  13830 ms
17) [11,9],  4466 ms
18) [12,9],  13711 ms
19) [8,13],  15001 ms
20) [7,14],  4909 ms
21) [10,7],  8853 ms
22) [7,9],  11052 ms
23) [6,10],  9295 ms
24) [6,13],  6094 ms
25) [5,12],  5437 ms
26) [5,10],  8601 ms
27) [7,13],  15006 ms
28) [5,14],  6786 ms
29) [7,10],  15016 ms
30) [8,9],  2247 ms
31) [12,14],  15016 ms
32) [13,13],  2743 ms
33) [12,13],  5224 ms
34) [12,15],  5691 ms
35) [11,14],  13875 ms
36) [10,14],  1968 ms
37) [9,8],  15001 ms
38) [11,16],  4594 ms
39) [10,17],  7377 ms
40) [8,7],  3299 ms
41) [7,8],  9218 ms
42) [4,15],  3477 ms
43) [3,14],  14560 ms
44) [6,11],  2687 ms
45) [9,17],  5366 ms
46) [6,15],  911 ms
47) [10,16],  7218 ms
48) [8,18],  26 ms
49) [8,14],  12110 ms
50) [11,17],  2452 ms
51) [6,12],  5215 ms
52) [9,15],  26 ms
53) [7,15],  15029 ms
54) [5,13],  1621 ms
55) [3,16],  14990 ms
56) [4,9],  1798 ms
57) [3,12],  12197 ms
58) [4,12],  26 ms
59) [3,11],  4397 ms
60) [3,13],  1220 ms
61) [4,13],  15034 ms
62) [5,11],  136 ms
63) [7,11],  24 ms
64) [5,9],  140 ms
65) [6,9],  24 ms
66) [3,8],  204 ms
67) [2,7],  25 ms
68) [5,8],  32 ms
69) [5,7],  25 ms
70) [4,8],  33 ms
71) [2,8],  11905 ms
72) [4,10],  27 ms
73) [4,11],  25 ms
74) [3,10],  82 ms
75) [6,7],  45 ms
76) [4,7],  24 ms
77) [4,6],  25 ms
78) [1,10],  25 ms
79) [2,10],  24 ms
80) [2,9],  25 ms
81) [5,6],  25 ms
82) [0,11],  25 ms

pela 15.0 wins

pela 15.0:  4063 ms/turn
pela 15.0:  7494 ms/turn
