 0) [10,10],  25 ms
 1) [11,9],  24 ms
 2) [11,11],  24 ms
 3) [9,9],  24 ms
 4) [12,10],  24 ms
 5) [10,12],  23 ms
 6) [8,9],  7766 ms
 7) [13,10],  13286 ms
 8) [9,10],  7603 ms
 9) [8,10],  15050 ms
10) [11,7],  13369 ms
11) [11,12],  15007 ms
12) [12,12],  15001 ms
13) [13,13],  15031 ms
14) [11,13],  7657 ms
15) [13,11],  5249 ms
16) [13,12],  15002 ms
17) [12,11],  6148 ms
18) [14,9],  4924 ms
19) [12,7],  14306 ms
20) [7,11],  5338 ms
21) [7,8],  4758 ms
22) [7,12],  5352 ms
23) [8,11],  9009 ms
24) [11,14],  8523 ms
25) [7,13],  6868 ms
26) [16,9],  6341 ms
27) [15,9],  8834 ms
28) [14,7],  5371 ms
29) [14,8],  3251 ms
30) [13,7],  8991 ms
31) [17,10],  9023 ms
32) [10,13],  5345 ms
33) [10,14],  2363 ms
34) [5,12],  4596 ms
35) [6,11],  2877 ms
36) [11,6],  12147 ms
37) [11,4],  2224 ms
38) [12,5],  14981 ms
39) [13,6],  5658 ms
40) [11,8],  14999 ms
41) [8,14],  2338 ms
42) [8,12],  9716 ms
43) [6,12],  5420 ms
44) [5,11],  7154 ms
45) [5,9],  4739 ms
46) [6,9],  6048 ms
47) [15,11],  3715 ms
48) [15,10],  4648 ms
49) [14,11],  1075 ms
50) [16,11],  26 ms
51) [17,12],  2658 ms
52) [17,11],  15004 ms
53) [7,15],  2783 ms
54) [9,8],  6448 ms
55) [10,7],  27 ms
56) [6,14],  15008 ms
57) [14,12],  299 ms
58) [16,10],  14998 ms
59) [16,12],  238 ms
60) [15,12],  9902 ms
61) [9,15],  27 ms
62) [10,16],  28 ms
63) [9,13],  28 ms
64) [6,16],  28 ms
65) [11,15],  27 ms
66) [12,14],  27 ms
67) [10,15],  28 ms
68) [8,15],  27 ms
69) [12,16],  28 ms
70) [13,17],  27 ms
71) [13,15],  28 ms
72) [12,15],  27 ms
73) [14,14],  27 ms
74) [15,13],  27 ms
75) [14,13],  26 ms
76) [14,15],  28 ms
77) [14,10],  26 ms

pela 15.0 wins

pela 15.0:  4167 ms/turn
pela 15.0:  6475 ms/turn
