 0) [8,9],  26 ms
 1) [8,10],  25 ms
 2) [9,9],  24 ms
 3) [10,9],  25 ms
 4) [8,8],  12487 ms
 5) [7,7],  5755 ms
 6) [8,5],  14069 ms
 7) [8,6],  5132 ms
 8) [6,8],  15006 ms
 9) [7,8],  5072 ms
10) [7,6],  11435 ms
11) [9,4],  14801 ms
12) [10,4],  9104 ms
13) [9,7],  15008 ms
14) [10,7],  12986 ms
15) [9,6],  15003 ms
16) [9,5],  6888 ms
17) [10,5],  10310 ms
18) [8,7],  13993 ms
19) [6,5],  12721 ms
20) [6,7],  6699 ms
21) [5,8],  11475 ms
22) [6,4],  5623 ms
23) [9,10],  4574 ms
24) [7,10],  10244 ms
25) [9,8],  5691 ms
26) [12,7],  5188 ms
27) [5,6],  15003 ms
28) [7,4],  3959 ms
29) [7,3],  5301 ms
30) [12,8],  5435 ms
31) [11,7],  6426 ms
32) [5,9],  6722 ms
33) [6,9],  5201 ms
34) [12,6],  5726 ms
35) [12,9],  8940 ms
36) [11,10],  3765 ms
37) [13,7],  12612 ms
38) [7,2],  1727 ms
39) [5,4],  12047 ms
40) [5,5],  4130 ms
41) [13,5],  5317 ms
42) [13,6],  1013 ms
43) [12,5],  15003 ms
44) [4,6],  2458 ms
45) [3,7],  15016 ms
46) [11,9],  2289 ms
47) [11,11],  15007 ms
48) [8,11],  2398 ms
49) [10,12],  5823 ms
50) [14,5],  943 ms
51) [15,4],  11665 ms
52) [12,10],  1757 ms
53) [16,4],  11234 ms
54) [17,4],  1985 ms
55) [12,12],  15002 ms
56) [11,13],  1703 ms
57) [11,5],  6428 ms
58) [11,4],  1472 ms
59) [3,5],  14988 ms
60) [3,8],  848 ms
61) [13,11],  15012 ms
62) [10,10],  524 ms
63) [14,11],  185 ms
64) [8,12],  31 ms
65) [9,11],  25 ms
66) [13,10],  31 ms
67) [14,10],  25 ms
68) [12,11],  362 ms
69) [15,9],  36 ms
70) [16,8],  25 ms
71) [14,9],  27 ms
72) [14,12],  370 ms
73) [14,8],  27 ms
74) [14,7],  24 ms
75) [17,11],  28 ms
76) [16,10],  25 ms
77) [16,11],  26 ms
78) [15,11],  24 ms
79) [16,9],  25 ms
80) [13,9],  25 ms
81) [17,9],  24 ms
82) [18,9],  26 ms
83) [15,10],  25 ms
84) [17,12],  24 ms
85) [17,8],  26 ms
86) [18,7],  24 ms
87) [13,12],  25 ms

pela 15.0 wins

pela 15.0:  3945 ms/turn
pela 15.0:  6866 ms/turn
