 0) [9,12],  25 ms
 1) [10,12],  24 ms
 2) [10,11],  24 ms
 3) [9,11],  24 ms
 4) [8,13],  24 ms
 5) [7,14],  25 ms
 6) [8,15],  8359 ms
 7) [8,16],  10146 ms
 8) [11,13],  7293 ms
 9) [12,13],  7851 ms
10) [11,14],  14992 ms
11) [11,12],  13239 ms
12) [9,14],  15005 ms
13) [10,15],  5847 ms
14) [7,12],  13787 ms
15) [10,13],  6521 ms
16) [6,13],  4747 ms
17) [8,12],  6986 ms
18) [10,16],  6656 ms
19) [6,11],  15024 ms
20) [12,14],  14370 ms
21) [10,14],  8358 ms
22) [9,15],  127 ms
23) [11,17],  26 ms
24) [9,16],  25 ms
25) [9,13],  24 ms
26) [9,17],  24 ms
27) [9,18],  24 ms
28) [11,15],  24 ms
29) [13,13],  24 ms
30) [8,18],  24 ms

pela 15.0 wins

pela 15.0:  5344 ms/turn
pela 15.0:  4942 ms/turn
