 0) [9,9],  27 ms
 1) [9,10],  27 ms
 2) [10,10],  26 ms
 3) [10,9],  27 ms
 4) [8,11],  27 ms
 5) [9,11],  26 ms
 6) [8,12],  26 ms
 7) [8,10],  28 ms
 8) [10,14],  27 ms
 9) [9,13],  6261 ms
10) [8,14],  14587 ms
11) [9,14],  9860 ms
12) [9,12],  27 ms
13) [10,12],  15027 ms
14) [7,9],  10125 ms
15) [6,9],  7623 ms
16) [8,8],  6219 ms
17) [7,7],  7162 ms
18) [12,13],  4743 ms
19) [11,11],  15006 ms
20) [12,10],  14603 ms
21) [8,13],  8725 ms
22) [11,13],  5556 ms
23) [12,12],  8197 ms
24) [5,10],  13378 ms
25) [5,11],  8744 ms
26) [9,8],  12555 ms
27) [9,7],  4106 ms
28) [6,12],  5678 ms
29) [11,12],  5428 ms
30) [9,15],  7696 ms
31) [10,16],  11948 ms
32) [14,12],  9360 ms
33) [14,13],  10259 ms
34) [8,15],  15009 ms
35) [10,15],  2803 ms
36) [7,12],  15010 ms
37) [5,12],  24 ms
38) [6,7],  10332 ms
39) [8,16],  4933 ms
40) [11,16],  15009 ms
41) [7,10],  5873 ms
42) [4,13],  7970 ms
43) [10,8],  6845 ms
44) [11,8],  9953 ms
45) [15,13],  3474 ms
46) [16,13],  13761 ms
47) [16,15],  3450 ms
48) [15,14],  8865 ms
49) [10,6],  2215 ms
50) [7,5],  11438 ms
51) [10,7],  2283 ms
52) [10,5],  27 ms
53) [10,18],  2861 ms
54) [10,19],  15007 ms
55) [9,5],  3812 ms
56) [11,7],  14997 ms
57) [17,12],  1380 ms
58) [17,14],  15037 ms
59) [15,15],  1118 ms
60) [13,13],  9467 ms
61) [13,10],  2728 ms
62) [12,11],  5218 ms
63) [15,12],  1679 ms
64) [17,10],  15009 ms
65) [16,10],  1559 ms
66) [18,12],  15052 ms
67) [11,5],  1093 ms
68) [12,4],  5120 ms
69) [15,9],  1334 ms
70) [14,8],  10301 ms
71) [16,8],  872 ms
72) [15,11],  6079 ms
73) [18,14],  520 ms
74) [13,11],  13453 ms
75) [11,15],  1511 ms
76) [11,19],  14029 ms
77) [14,11],  548 ms
78) [16,9],  4900 ms
79) [14,7],  890 ms
80) [8,6],  13171 ms
81) [8,7],  692 ms
82) [6,6],  10820 ms
83) [5,6],  999 ms
84) [6,4],  4878 ms
85) [6,5],  646 ms
86) [12,8],  14696 ms
87) [12,7],  765 ms
88) [8,4],  176 ms
89) [9,3],  390 ms
90) [9,4],  308 ms
91) [10,4],  595 ms
92) [8,2],  80 ms
93) [8,3],  532 ms
94) [15,8],  26 ms
95) [13,8],  25 ms
96) [13,9],  25 ms
97) [14,10],  25 ms
98) [18,11],  25 ms
99) [19,12],  24 ms
100) [7,4],  26 ms
101) [5,4],  24 ms
102) [7,6],  29 ms
103) [8,5],  43 ms
104) [7,3],  24 ms
105) [7,2],  25 ms
106) [5,5],  24 ms
107) [9,1],  25 ms
108) [4,6],  24 ms

pela 15.0 wins

pela 15.0:  3279 ms/turn
pela 15.0:  7273 ms/turn
