 0) [12,8],  25 ms
 1) [11,7],  26 ms
 2) [13,7],  25 ms
 3) [11,9],  25 ms
 4) [13,6],  24 ms
 5) [12,9],  25 ms
 6) [11,6],  24 ms
 7) [13,9],  26 ms
 8) [10,9],  10910 ms
 9) [12,6],  13166 ms
10) [14,9],  9740 ms
11) [12,7],  6062 ms
12) [12,10],  5389 ms
13) [13,4],  14996 ms
14) [9,8],  15016 ms
15) [11,10],  15020 ms
16) [11,11],  6005 ms
17) [8,9],  5306 ms
18) [14,6],  7005 ms
19) [14,7],  7578 ms
20) [13,8],  8211 ms
21) [10,8],  13135 ms
22) [9,9],  5735 ms
23) [16,4],  10727 ms
24) [14,4],  15017 ms
25) [9,7],  4516 ms
26) [10,7],  11023 ms
27) [12,12],  5193 ms
28) [8,5],  5309 ms
29) [7,6],  6717 ms
30) [15,5],  11510 ms
31) [16,6],  15000 ms
32) [16,5],  3948 ms
33) [13,5],  9075 ms
34) [15,4],  9292 ms
35) [14,3],  12072 ms
36) [10,11],  7974 ms
37) [9,11],  15002 ms
38) [6,7],  6828 ms
39) [16,1],  5936 ms
40) [15,2],  5002 ms
41) [15,3],  11743 ms
42) [12,3],  5120 ms
43) [8,12],  11061 ms
44) [7,9],  2311 ms
45) [9,13],  4668 ms
46) [7,11],  1524 ms
47) [7,13],  33 ms
48) [10,10],  25 ms
49) [8,13],  38 ms
50) [10,13],  2967 ms
51) [10,12],  25 ms
52) [9,12],  1221 ms
53) [8,11],  25 ms
54) [8,10],  25 ms
55) [5,13],  26 ms
56) [6,13],  25 ms
57) [8,14],  66 ms
58) [8,15],  26 ms
59) [6,14],  27 ms
60) [5,15],  25 ms
61) [7,15],  25 ms
62) [6,16],  26 ms
63) [4,12],  26 ms
64) [8,16],  24 ms
65) [3,11],  25 ms

pela 15.0 wins

pela 15.0:  4767 ms/turn
pela 15.0:  5678 ms/turn
