 0) [10,12],  26 ms
 1) [11,12],  26 ms
 2) [11,11],  25 ms
 3) [10,11],  26 ms
 4) [12,13],  26 ms
 5) [11,13],  26 ms
 6) [12,14],  26 ms
 7) [12,12],  25 ms
 8) [10,16],  27 ms
 9) [11,15],  8293 ms
10) [12,16],  5125 ms
11) [11,16],  15004 ms
12) [11,14],  26 ms
13) [10,14],  8414 ms
14) [13,11],  8426 ms
15) [14,11],  5290 ms
16) [12,10],  7069 ms
17) [13,9],  7836 ms
18) [8,15],  5210 ms
19) [8,14],  8853 ms
20) [12,15],  14531 ms
21) [12,17],  27 ms
22) [9,16],  14987 ms
23) [10,15],  11580 ms
24) [13,18],  15001 ms
25) [13,16],  14903 ms
26) [8,13],  8082 ms
27) [6,13],  5313 ms
28) [9,15],  13749 ms
29) [14,12],  8299 ms
30) [14,13],  12521 ms
31) [12,9],  2805 ms
32) [15,12],  10745 ms
33) [14,9],  652 ms
34) [11,9],  9020 ms
35) [13,8],  355 ms
36) [11,10],  4087 ms
37) [14,8],  26 ms
38) [14,10],  26 ms
39) [15,10],  5276 ms
40) [13,10],  2507 ms
41) [10,10],  26 ms
42) [10,8],  5707 ms
43) [9,7],  25 ms
44) [16,11],  4943 ms
45) [13,14],  26 ms
46) [15,9],  5437 ms
47) [14,7],  15020 ms
48) [16,8],  4656 ms
49) [17,7],  26 ms
50) [17,10],  2578 ms
51) [18,9],  25 ms
52) [15,6],  2196 ms
53) [15,7],  55 ms
54) [16,7],  1665 ms
55) [14,5],  30 ms
56) [14,6],  26 ms
57) [16,6],  29 ms
58) [17,5],  26 ms
59) [12,7],  27 ms
60) [11,6],  54 ms
61) [16,9],  29 ms
62) [13,12],  2714 ms
63) [18,7],  26 ms
64) [17,8],  26 ms
65) [12,11],  8764 ms
66) [11,7],  1030 ms
67) [11,8],  26 ms
68) [13,6],  2195 ms
69) [12,6],  28 ms
70) [12,8],  1001 ms
71) [9,10],  7925 ms
72) [8,9],  765 ms
73) [9,9],  15007 ms
74) [9,8],  1206 ms
75) [7,10],  7335 ms
76) [8,11],  777 ms
77) [9,12],  15014 ms
78) [15,14],  1294 ms
79) [15,5],  15006 ms
80) [18,8],  667 ms
81) [15,13],  8267 ms
82) [8,10],  1406 ms
83) [8,12],  27 ms
84) [9,13],  458 ms
85) [10,7],  7940 ms
86) [10,6],  1120 ms
87) [8,7],  7454 ms
88) [7,7],  965 ms
89) [9,5],  15032 ms
90) [8,5],  809 ms
91) [6,14],  4936 ms
92) [7,13],  269 ms
93) [9,6],  5300 ms
94) [14,4],  388 ms
95) [16,15],  9497 ms
96) [6,8],  201 ms
97) [7,8],  15037 ms
98) [10,5],  594 ms
99) [9,11],  5918 ms
100) [10,3],  508 ms
101) [10,4],  14949 ms
102) [9,3],  213 ms
103) [8,3],  12118 ms
104) [6,11],  407 ms
105) [9,14],  11144 ms
106) [7,14],  24 ms
107) [7,16],  9062 ms
108) [16,4],  124 ms
109) [17,4],  15016 ms
110) [11,3],  104 ms
111) [13,3],  3972 ms
112) [6,15],  321 ms
113) [7,15],  15001 ms
114) [5,11],  256 ms
115) [5,9],  15011 ms
116) [12,4],  123 ms
117) [10,2],  15003 ms
118) [5,13],  234 ms
119) [11,18],  11582 ms
120) [11,17],  97 ms
121) [5,16],  15009 ms
122) [15,3],  157 ms
123) [14,2],  9741 ms
124) [4,10],  78 ms
125) [6,12],  15027 ms
126) [6,10],  115 ms
127) [4,11],  15009 ms
128) [11,4],  109 ms
129) [11,5],  26 ms
130) [13,7],  48 ms
131) [4,15],  4567 ms
132) [3,14],  94 ms
133) [6,16],  15035 ms
134) [4,16],  34 ms
135) [5,17],  8612 ms
136) [4,18],  26 ms
137) [5,12],  9901 ms
138) [7,12],  26 ms
139) [5,15],  12809 ms
140) [5,10],  51 ms
141) [4,9],  26 ms
142) [19,8],  46 ms
143) [15,8],  26 ms
144) [19,7],  28 ms
145) [18,6],  25 ms
146) [12,5],  42 ms
147) [9,2],  25 ms
148) [13,4],  38 ms
149) [15,4],  25 ms
150) [15,2],  33 ms
151) [14,3],  25 ms
152) [12,18],  37 ms
153) [13,19],  26 ms
154) [5,18],  25 ms
155) [4,14],  31 ms
156) [6,9],  26 ms
157) [6,7],  26 ms
158) [7,17],  25 ms
159) [3,10],  25 ms
160) [2,9],  26 ms
161) [5,8],  25 ms
162) [7,6],  25 ms
163) [2,11],  26 ms

pela 15.0 wins

pela 15.0:  2194 ms/turn
pela 15.0:  6046 ms/turn
