 0) [8,12],  24 ms
 1) [7,11],  25 ms
 2) [8,13],  24 ms
 3) [8,14],  24 ms
 4) [9,12],  15007 ms
 5) [7,12],  26 ms
 6) [7,15],  9262 ms
 7) [6,15],  13455 ms
 8) [7,10],  14516 ms
 9) [8,11],  7786 ms
10) [5,14],  8240 ms
11) [6,17],  6268 ms
12) [9,11],  9369 ms
13) [9,10],  6841 ms
14) [10,9],  12078 ms
15) [10,10],  8744 ms
16) [11,10],  15008 ms
17) [10,11],  13855 ms
18) [9,8],  5346 ms
19) [8,7],  6052 ms
20) [11,12],  789 ms
21) [11,13],  6365 ms
22) [8,9],  32 ms
23) [10,7],  9219 ms
24) [11,9],  49 ms
25) [9,9],  8661 ms
26) [11,11],  26 ms
27) [11,8],  24 ms
28) [12,11],  27 ms
29) [13,12],  24 ms
30) [10,12],  26 ms
31) [12,12],  24 ms
32) [13,9],  74 ms
33) [12,10],  24 ms
34) [14,9],  25 ms
35) [12,9],  25 ms
36) [13,10],  25 ms
37) [15,8],  25 ms
38) [10,13],  25 ms

pela 15.0 wins

pela 15.0:  4498 ms/turn
pela 15.0:  4603 ms/turn
