 0) [12,8],  25 ms
 1) [11,9],  25 ms
 2) [13,9],  26 ms
 3) [11,7],  24 ms
 4) [13,10],  25 ms
 5) [12,7],  24 ms
 6) [11,10],  25 ms
 7) [13,7],  24 ms
 8) [10,7],  10494 ms
 9) [12,10],  15049 ms
10) [14,7],  10033 ms
11) [12,9],  4859 ms
12) [12,6],  5423 ms
13) [13,12],  15019 ms
14) [9,8],  14903 ms
15) [11,6],  15000 ms
16) [11,5],  5862 ms
17) [8,7],  5226 ms
18) [14,10],  6995 ms
19) [14,9],  7009 ms
20) [13,8],  8252 ms
21) [10,8],  13300 ms
22) [9,7],  15004 ms
23) [16,12],  10457 ms
24) [14,12],  14731 ms
25) [9,9],  5264 ms
26) [10,9],  4600 ms
27) [12,4],  4804 ms
28) [8,11],  5913 ms
29) [7,10],  7469 ms
30) [15,11],  11108 ms
31) [16,10],  12409 ms
32) [16,11],  4780 ms
33) [14,11],  8581 ms
34) [12,13],  2933 ms
35) [12,14],  15018 ms
36) [15,12],  8407 ms
37) [14,13],  15000 ms
38) [14,14],  2593 ms
39) [15,8],  11745 ms
40) [10,5],  6827 ms
41) [8,5],  13427 ms
42) [8,10],  4494 ms
43) [8,12],  6276 ms
44) [15,15],  5228 ms
45) [15,14],  9420 ms
46) [16,15],  2058 ms
47) [17,15],  5600 ms
48) [14,16],  4174 ms
49) [16,16],  8954 ms
50) [14,17],  1287 ms
51) [14,15],  15009 ms
52) [7,9],  3391 ms
53) [8,8],  11017 ms
54) [8,6],  1215 ms
55) [7,12],  14991 ms
56) [7,13],  1582 ms
57) [9,13],  9822 ms
58) [10,12],  1009 ms
59) [9,11],  15010 ms
60) [9,12],  2360 ms
61) [10,14],  10751 ms
62) [11,15],  2030 ms
63) [9,14],  8937 ms
64) [11,14],  820 ms
65) [13,16],  11349 ms
66) [12,17],  1226 ms
67) [11,17],  8590 ms
68) [13,17],  1455 ms
69) [17,12],  15001 ms
70) [16,13],  24 ms
71) [7,11],  15009 ms
72) [6,10],  25 ms
73) [12,18],  15008 ms
74) [15,16],  80 ms
75) [17,14],  14998 ms
76) [17,13],  25 ms
77) [16,14],  25 ms
78) [13,18],  26 ms
79) [12,19],  25 ms
80) [18,14],  381 ms
81) [10,13],  15004 ms
82) [9,15],  715 ms
83) [15,17],  15004 ms
84) [10,4],  871 ms
85) [10,3],  7359 ms
86) [6,8],  293 ms
87) [6,9],  14244 ms
88) [14,18],  890 ms
89) [9,3],  8389 ms
90) [8,3],  768 ms
91) [6,14],  15001 ms
92) [6,11],  656 ms
93) [10,15],  15000 ms
94) [11,16],  222 ms
95) [5,13],  8625 ms
96) [8,14],  526 ms
97) [6,12],  4761 ms
98) [4,12],  228 ms
99) [11,3],  12476 ms
100) [10,2],  157 ms
101) [9,5],  11947 ms
102) [9,4],  268 ms
103) [7,2],  11793 ms
104) [10,17],  356 ms
105) [7,4],  4655 ms
106) [7,5],  270 ms
107) [11,13],  11452 ms
108) [4,14],  212 ms
109) [5,7],  6269 ms
110) [7,7],  108 ms
111) [3,13],  7353 ms
112) [14,5],  90 ms
113) [3,9],  7877 ms
114) [4,13],  219 ms
115) [4,11],  5085 ms
116) [3,12],  144 ms
117) [4,15],  5124 ms
118) [15,6],  81 ms
119) [16,5],  4721 ms
120) [15,13],  142 ms
121) [15,9],  1563 ms
122) [8,15],  52 ms
123) [9,16],  2644 ms
124) [4,8],  55 ms
125) [5,12],  2883 ms
126) [6,13],  116 ms
127) [6,3],  3595 ms
128) [15,19],  49 ms
129) [12,16],  24 ms
130) [13,5],  97 ms
131) [12,5],  25 ms
132) [19,13],  66 ms
133) [18,13],  24 ms
134) [5,2],  30 ms
135) [5,4],  46 ms
136) [4,5],  29 ms
137) [6,4],  37 ms
138) [4,4],  47 ms
139) [8,1],  30 ms
140) [9,0],  24 ms
141) [12,3],  30 ms
142) [13,3],  26 ms
143) [12,2],  31 ms
144) [12,1],  25 ms
145) [9,2],  31 ms
146) [11,4],  24 ms
147) [6,5],  30 ms
148) [6,2],  25 ms
149) [5,10],  24 ms
150) [7,8],  25 ms
151) [7,6],  24 ms
152) [4,3],  25 ms
153) [5,11],  23 ms
154) [5,14],  25 ms
155) [5,9],  24 ms

pela 15.0 wins

pela 15.0:  2305 ms/turn
pela 15.0:  7419 ms/turn
