 0) [12,8],  26 ms
 1) [13,9],  25 ms
 2) [12,7],  25 ms
 3) [12,6],  24 ms
 4) [11,8],  10159 ms
 5) [13,8],  25 ms
 6) [11,9],  9766 ms
 7) [11,7],  7383 ms
 8) [13,5],  15045 ms
 9) [10,9],  5362 ms
10) [12,10],  15003 ms
11) [12,11],  15042 ms
12) [13,12],  15021 ms
13) [14,12],  7485 ms
14) [14,5],  7957 ms
15) [13,6],  11921 ms
16) [13,10],  11512 ms
17) [14,6],  4527 ms
18) [15,6],  13644 ms
19) [11,10],  15024 ms
20) [10,11],  5449 ms
21) [13,4],  11850 ms
22) [10,6],  10936 ms
23) [10,8],  5990 ms
24) [9,6],  6934 ms
25) [10,5],  15023 ms
26) [9,8],  5007 ms
27) [10,7],  14862 ms
28) [12,13],  7648 ms
29) [9,10],  15001 ms
30) [13,14],  6532 ms
31) [8,10],  15000 ms
32) [9,9],  25 ms
33) [10,10],  9850 ms
34) [7,10],  27 ms
35) [14,11],  9929 ms
36) [13,15],  537 ms
37) [13,11],  15000 ms
38) [15,11],  470 ms
39) [13,16],  5603 ms
40) [14,15],  27 ms
41) [11,12],  26 ms
42) [15,15],  27 ms
43) [16,15],  5538 ms
44) [12,15],  27 ms
45) [11,15],  25 ms
46) [15,12],  27 ms
47) [14,13],  6502 ms
48) [14,14],  25 ms
49) [15,13],  25 ms
50) [12,14],  27 ms
51) [11,14],  25 ms
52) [12,12],  25 ms
53) [12,16],  40 ms
54) [13,13],  25 ms
55) [16,16],  25 ms
56) [11,11],  25 ms

pela 15.0 wins

pela 15.0:  4895 ms/turn
pela 15.0:  7040 ms/turn
