 0) [11,12],  25 ms
 1) [12,13],  24 ms
 2) [10,13],  25 ms
 3) [12,11],  24 ms
 4) [10,14],  25 ms
 5) [11,11],  24 ms
 6) [12,14],  24 ms
 7) [10,11],  25 ms
 8) [9,11],  12944 ms
 9) [10,12],  12696 ms
10) [11,14],  495 ms
11) [9,14],  12412 ms
12) [13,14],  108 ms
13) [14,14],  24 ms
14) [12,15],  34 ms
15) [13,16],  15041 ms
16) [11,16],  27 ms
17) [13,11],  15006 ms
18) [14,11],  24 ms
19) [10,17],  14001 ms
20) [11,15],  27 ms
21) [11,13],  25 ms
22) [13,15],  46 ms
23) [10,15],  9103 ms
24) [9,13],  43 ms
25) [8,12],  7205 ms
26) [11,17],  27 ms
27) [11,18],  25 ms
28) [10,16],  27 ms
29) [9,17],  25 ms
30) [12,16],  26 ms
31) [13,17],  25 ms
32) [12,18],  23 ms
33) [12,17],  24 ms
34) [9,15],  23 ms
35) [13,19],  24 ms
36) [8,14],  23 ms

pela 15.0 wins

pela 15.0:  736 ms/turn
pela 15.0:  4762 ms/turn
