 0) [8,9],  25 ms
 1) [7,8],  25 ms
 2) [7,10],  24 ms
 3) [9,8],  52 ms
 4) [6,10],  24 ms
 5) [9,9],  26 ms
 6) [6,8],  24 ms
 7) [9,10],  25 ms
 8) [9,7],  8972 ms
 9) [6,9],  14773 ms
10) [9,11],  12200 ms
11) [7,9],  9999 ms
12) [10,9],  5812 ms
13) [4,10],  15012 ms
14) [8,6],  10445 ms
15) [10,8],  5596 ms
16) [11,8],  5480 ms
17) [9,5],  4525 ms
18) [6,11],  5604 ms
19) [7,11],  5720 ms
20) [8,10],  8653 ms
21) [8,7],  13695 ms
22) [5,10],  4022 ms
23) [5,12],  14986 ms
24) [11,11],  14437 ms
25) [10,5],  5061 ms
26) [9,6],  24 ms
27) [11,10],  6281 ms
28) [8,12],  1331 ms
29) [8,11],  10055 ms
30) [7,13],  44 ms
31) [6,14],  10600 ms
32) [7,12],  38 ms
33) [8,13],  9088 ms
34) [10,10],  28 ms
35) [11,9],  25 ms
36) [10,12],  29 ms
37) [9,12],  3113 ms
38) [10,11],  25 ms
39) [10,13],  25 ms
40) [12,10],  27 ms
41) [13,9],  7337 ms
42) [12,14],  27 ms
43) [11,13],  25 ms
44) [12,9],  26 ms
45) [10,7],  25 ms
46) [12,11],  25 ms
47) [13,11],  26 ms
48) [12,8],  24 ms
49) [12,12],  25 ms
50) [12,7],  25 ms

pela 15.0 wins

pela 15.0:  5444 ms/turn
pela 15.0:  2976 ms/turn
