 0) [12,10],  26 ms
 1) [11,9],  26 ms
 2) [12,11],  26 ms
 3) [12,12],  26 ms
 4) [13,10],  12609 ms
 5) [11,10],  25 ms
 6) [11,13],  7359 ms
 7) [10,13],  10043 ms
 8) [11,8],  14961 ms
 9) [12,9],  8442 ms
10) [9,12],  7551 ms
11) [10,15],  5809 ms
12) [13,9],  10095 ms
13) [13,8],  6779 ms
14) [14,7],  15003 ms
15) [14,8],  7685 ms
16) [10,12],  7049 ms
17) [11,11],  13918 ms
18) [15,8],  15043 ms
19) [14,9],  5599 ms
20) [13,6],  2474 ms
21) [12,5],  5881 ms
22) [9,11],  33 ms
23) [8,10],  5778 ms
24) [7,12],  29 ms
25) [8,12],  9375 ms
26) [9,10],  30 ms
27) [9,13],  9135 ms
28) [10,9],  26 ms
29) [12,7],  26 ms
30) [8,11],  26 ms

pela 15.0 wins

pela 15.0:  5771 ms/turn
pela 15.0:  5903 ms/turn
