 0) [9,9],  26 ms
 1) [8,10],  27 ms
 2) [10,10],  26 ms
 3) [8,8],  57 ms
 4) [10,11],  26 ms
 5) [9,8],  26 ms
 6) [8,11],  26 ms
 7) [10,8],  25 ms
 8) [7,8],  9778 ms
 9) [9,11],  15000 ms
10) [11,8],  10053 ms
11) [9,10],  5043 ms
12) [9,7],  5564 ms
13) [10,13],  15029 ms
14) [6,9],  15001 ms
15) [8,7],  15001 ms
16) [8,6],  6230 ms
17) [5,8],  5706 ms
18) [11,11],  7541 ms
19) [11,10],  7430 ms
20) [10,9],  7345 ms
21) [7,9],  13488 ms
22) [6,8],  15028 ms
23) [13,13],  9896 ms
24) [11,13],  5894 ms
25) [6,10],  5719 ms
26) [7,10],  5491 ms
27) [9,5],  5176 ms
28) [5,12],  5555 ms
29) [4,11],  7852 ms
30) [10,14],  11827 ms
31) [9,15],  3344 ms
32) [9,13],  13749 ms
33) [11,15],  7078 ms
34) [10,16],  15013 ms
35) [5,9],  9156 ms
36) [5,11],  15001 ms
37) [8,14],  7851 ms
38) [10,15],  4983 ms
39) [8,15],  3952 ms
40) [11,14],  8455 ms
41) [9,16],  5888 ms
42) [9,14],  14998 ms
43) [12,14],  4247 ms
44) [10,17],  15037 ms
45) [10,18],  26 ms
46) [11,16],  15025 ms
47) [12,17],  1972 ms
48) [13,9],  15018 ms
49) [12,9],  1633 ms
50) [5,6],  15000 ms
51) [6,7],  1397 ms
52) [4,9],  6052 ms
53) [8,16],  4003 ms
54) [8,17],  14986 ms
55) [12,10],  1322 ms
56) [14,12],  7687 ms
57) [7,12],  2181 ms
58) [8,12],  15026 ms
59) [7,6],  999 ms
60) [9,4],  11046 ms
61) [11,18],  1984 ms
62) [12,18],  14083 ms
63) [7,15],  2498 ms
64) [9,17],  15057 ms
65) [7,17],  1713 ms
66) [5,15],  13022 ms
67) [12,15],  1890 ms
68) [12,16],  10843 ms
69) [4,13],  1322 ms
70) [7,16],  10267 ms
71) [7,3],  1433 ms
72) [6,5],  4481 ms
73) [8,3],  587 ms
74) [7,5],  15004 ms
75) [6,4],  1065 ms
76) [8,2],  7068 ms
77) [5,13],  401 ms
78) [4,12],  6759 ms
79) [3,12],  736 ms
80) [2,13],  15018 ms
81) [6,15],  709 ms
82) [2,11],  14999 ms
83) [2,14],  738 ms
84) [3,15],  14038 ms
85) [14,15],  659 ms
86) [13,16],  11815 ms
87) [14,16],  24 ms
88) [15,15],  4795 ms
89) [13,14],  395 ms
90) [14,17],  9513 ms
91) [14,13],  327 ms
92) [12,11],  15024 ms
93) [14,11],  190 ms
94) [12,13],  11926 ms
95) [15,14],  304 ms
96) [16,13],  8219 ms
97) [15,10],  303 ms
98) [16,11],  14997 ms
99) [16,10],  116 ms
100) [13,10],  12962 ms
101) [13,11],  102 ms
102) [8,4],  11103 ms
103) [10,2],  129 ms
104) [16,12],  9498 ms
105) [15,9],  98 ms
106) [13,12],  6087 ms
107) [15,12],  250 ms
108) [15,8],  7272 ms
109) [14,9],  141 ms
110) [14,8],  5239 ms
111) [13,8],  131 ms
112) [12,7],  4767 ms
113) [11,3],  103 ms
114) [10,3],  4550 ms
115) [13,6],  74 ms
116) [14,7],  4162 ms
117) [11,2],  130 ms
118) [13,5],  3406 ms
119) [15,7],  101 ms
120) [15,13],  3082 ms
121) [16,15],  109 ms
122) [14,4],  2626 ms
123) [12,6],  58 ms
124) [11,6],  2254 ms
125) [11,7],  33 ms
126) [12,2],  1082 ms
127) [14,5],  43 ms
128) [13,4],  745 ms
129) [15,4],  35 ms
130) [16,3],  505 ms
131) [14,3],  48 ms
132) [16,2],  998 ms
133) [15,3],  73 ms
134) [15,6],  488 ms
135) [15,5],  44 ms
136) [15,1],  543 ms
137) [16,1],  50 ms
138) [13,3],  1122 ms
139) [13,2],  50 ms
140) [16,5],  1157 ms
141) [17,4],  31 ms
142) [3,8],  310 ms
143) [4,7],  34 ms
144) [3,7],  937 ms
145) [16,4],  32 ms
146) [17,5],  812 ms
147) [3,6],  29 ms
148) [18,4],  402 ms
149) [17,3],  26 ms
150) [18,2],  621 ms
151) [4,4],  29 ms
152) [5,7],  549 ms
153) [6,6],  28 ms
154) [6,3],  473 ms
155) [5,5],  28 ms
156) [7,7],  26 ms
157) [4,14],  28 ms
158) [11,1],  402 ms
159) [10,0],  26 ms
160) [14,14],  349 ms
161) [13,15],  26 ms
162) [18,10],  287 ms
163) [17,11],  25 ms
164) [7,11],  256 ms
165) [16,9],  28 ms
166) [17,8],  88 ms
167) [16,8],  29 ms
168) [14,10],  199 ms
169) [15,11],  25 ms
170) [9,1],  178 ms
171) [4,17],  28 ms
172) [8,1],  144 ms
173) [12,1],  26 ms
174) [11,0],  26 ms
175) [2,7],  28 ms
176) [11,4],  123 ms
177) [9,2],  26 ms
178) [10,4],  27 ms
179) [12,4],  25 ms
180) [7,4],  26 ms

pela 15.0 wins

pela 15.0:  2003 ms/turn
pela 15.0:  6585 ms/turn
