 0) [11,8],  26 ms
 1) [11,9],  27 ms
 2) [10,10],  26 ms
 3) [10,9],  42 ms
 4) [12,9],  26 ms
 5) [12,10],  32 ms
 6) [10,8],  15009 ms
 7) [13,8],  6524 ms
 8) [8,8],  15024 ms
 9) [9,8],  12576 ms
10) [8,7],  5324 ms
11) [8,9],  14995 ms
12) [10,7],  2875 ms
13) [9,6],  15041 ms
14) [9,7],  415 ms
15) [7,7],  5875 ms
16) [11,7],  1926 ms
17) [12,7],  25 ms
18) [10,6],  752 ms
19) [11,5],  7075 ms
20) [8,4],  55 ms
21) [9,5],  12044 ms
22) [10,5],  27 ms
23) [10,4],  25 ms
24) [8,6],  24 ms
25) [8,5],  24 ms
26) [7,9],  26 ms
27) [6,10],  25 ms
28) [7,5],  26 ms
29) [6,4],  25 ms
30) [8,10],  57 ms
31) [12,6],  15012 ms
32) [9,3],  5894 ms
33) [14,8],  7190 ms
34) [13,7],  24 ms
35) [6,6],  13253 ms
36) [15,8],  4661 ms
37) [13,10],  6025 ms
38) [15,10],  9893 ms
39) [7,11],  11190 ms
40) [5,9],  4428 ms
41) [5,5],  15038 ms
42) [10,2],  8671 ms
43) [11,1],  24 ms
44) [6,8],  240 ms
45) [9,11],  15003 ms
46) [4,6],  5954 ms
47) [5,7],  24 ms
48) [4,4],  6039 ms
49) [11,11],  27 ms
50) [13,9],  58 ms
51) [10,11],  24 ms
52) [8,11],  25 ms
53) [12,11],  24 ms
54) [13,11],  25 ms
55) [11,10],  25 ms
56) [13,12],  24 ms
57) [11,12],  25 ms
58) [11,13],  24 ms
59) [9,10],  24 ms
60) [12,13],  25 ms
61) [7,8],  24 ms

pela 15.0 wins

pela 15.0:  2825 ms/turn
pela 15.0:  5073 ms/turn
