 0) [9,9],  24 ms
 1) [10,8],  25 ms
 2) [10,10],  23 ms
 3) [8,8],  24 ms
 4) [11,10],  24 ms
 5) [8,9],  25 ms
 6) [11,8],  24 ms
 7) [8,10],  23 ms
 8) [8,7],  9400 ms
 9) [11,9],  15001 ms
10) [8,11],  10667 ms
11) [10,9],  4690 ms
12) [7,9],  5914 ms
13) [13,10],  5126 ms
14) [9,6],  14998 ms
15) [7,8],  11962 ms
16) [6,8],  5988 ms
17) [8,5],  6269 ms
18) [11,11],  6971 ms
19) [10,11],  8966 ms
20) [9,10],  7670 ms
21) [9,7],  14707 ms
22) [8,6],  14993 ms
23) [13,13],  11586 ms
24) [13,11],  5127 ms
25) [10,6],  4872 ms
26) [10,7],  6996 ms
27) [5,9],  4508 ms
28) [6,11],  10552 ms
29) [9,11],  13175 ms
30) [11,13],  15012 ms
31) [11,12],  10886 ms
32) [11,5],  15007 ms
33) [11,4],  9190 ms
34) [7,12],  14998 ms
35) [5,10],  2798 ms
36) [6,12],  434 ms
37) [6,10],  2791 ms
38) [8,12],  231 ms
39) [5,12],  7622 ms
40) [5,11],  29 ms
41) [7,11],  6533 ms
42) [8,14],  29 ms
43) [7,13],  58 ms
44) [10,12],  25 ms
45) [9,12],  24 ms
46) [9,13],  24 ms
47) [12,10],  25 ms
48) [7,15],  24 ms

pela 15.0 wins

pela 15.0:  5870 ms/turn
pela 15.0:  5807 ms/turn
