 0) [12,8],  25 ms
 1) [11,7],  24 ms
 2) [13,7],  25 ms
 3) [11,9],  50 ms
 4) [13,6],  24 ms
 5) [12,9],  25 ms
 6) [11,6],  25 ms
 7) [13,9],  25 ms
 8) [10,9],  10997 ms
 9) [12,6],  13606 ms
10) [14,9],  9656 ms
11) [12,7],  5899 ms
12) [12,10],  5064 ms
13) [13,4],  15000 ms
14) [9,8],  14993 ms
15) [11,10],  15033 ms
16) [11,11],  6118 ms
17) [8,9],  5581 ms
18) [14,6],  6880 ms
19) [14,7],  7522 ms
20) [13,8],  8273 ms
21) [10,8],  12838 ms
22) [9,9],  5660 ms
23) [16,4],  11072 ms
24) [14,4],  4446 ms
25) [9,7],  6350 ms
26) [10,7],  15013 ms
27) [12,12],  6803 ms
28) [8,5],  7886 ms
29) [7,6],  9876 ms
30) [15,5],  12125 ms
31) [16,6],  5431 ms
32) [16,5],  4659 ms
33) [13,5],  11213 ms
34) [15,4],  9730 ms
35) [14,3],  15000 ms
36) [10,11],  8345 ms
37) [9,11],  4440 ms
38) [6,7],  2393 ms
39) [16,1],  7906 ms
40) [15,2],  6631 ms
41) [15,3],  14548 ms
42) [12,3],  5705 ms
43) [8,12],  10227 ms
44) [7,9],  5043 ms
45) [9,13],  15000 ms
46) [7,11],  2605 ms
47) [7,13],  32 ms
48) [10,10],  25 ms
49) [8,13],  38 ms
50) [10,13],  1557 ms
51) [10,12],  25 ms
52) [9,12],  3719 ms
53) [8,11],  25 ms
54) [8,10],  25 ms
55) [5,13],  25 ms
56) [6,13],  25 ms
57) [8,14],  25 ms
58) [8,15],  26 ms
59) [6,14],  25 ms
60) [5,15],  24 ms
61) [7,15],  25 ms
62) [6,16],  25 ms
63) [4,12],  25 ms
64) [8,16],  25 ms
65) [3,11],  25 ms

pela 15.0 wins

pela 15.0:  4780 ms/turn
pela 15.0:  5870 ms/turn
