 0) [9,9],  24 ms
 1) [8,9],  25 ms
 2) [9,10],  25 ms
 3) [9,11],  24 ms
 4) [10,9],  15016 ms
 5) [11,8],  9755 ms
 6) [13,9],  5145 ms
 7) [12,9],  9059 ms
 8) [10,7],  4884 ms
 9) [10,8],  6056 ms
10) [13,8],  5886 ms
11) [13,7],  14884 ms
12) [14,9],  14237 ms
13) [15,10],  5878 ms
14) [14,6],  14999 ms
15) [14,8],  5552 ms
16) [12,6],  5897 ms
17) [11,6],  9597 ms
18) [11,9],  5724 ms
19) [15,8],  15012 ms
20) [15,11],  11996 ms
21) [13,11],  6483 ms
22) [9,8],  12723 ms
23) [9,6],  13957 ms
24) [17,9],  15000 ms
25) [16,9],  3760 ms
26) [16,10],  5497 ms
27) [18,8],  7279 ms
28) [17,8],  9832 ms
29) [14,12],  5762 ms
30) [17,10],  4925 ms
31) [17,11],  8705 ms
32) [14,11],  14414 ms
33) [17,7],  5267 ms
34) [15,9],  13283 ms
35) [8,11],  7562 ms
36) [8,12],  15001 ms
37) [16,12],  3570 ms
38) [15,13],  6197 ms
39) [8,7],  2484 ms
40) [8,8],  3960 ms
41) [7,8],  314 ms
42) [6,9],  6168 ms
43) [10,5],  148 ms
44) [11,4],  26 ms
45) [9,4],  79 ms
46) [8,3],  8488 ms
47) [9,5],  48 ms
48) [9,3],  5889 ms
49) [7,5],  55 ms
50) [8,5],  7076 ms
51) [7,11],  31 ms
52) [6,11],  10395 ms
53) [7,7],  30 ms
54) [7,6],  31 ms
55) [5,7],  31 ms
56) [6,7],  29 ms
57) [7,9],  33 ms
58) [7,10],  32 ms
59) [6,8],  29 ms
60) [8,10],  29 ms
61) [8,6],  27 ms
62) [10,4],  30 ms
63) [5,9],  30 ms

pela 15.0 wins

pela 15.0:  4422 ms/turn
pela 15.0:  6964 ms/turn
