 0) [9,9],  25 ms
 1) [9,8],  26 ms
 2) [10,10],  24 ms
 3) [8,8],  41 ms
 4) [7,8],  14999 ms
 5) [9,10],  14997 ms
 6) [11,9],  15048 ms
 7) [12,8],  14621 ms
 8) [11,7],  5533 ms
 9) [12,6],  10759 ms
10) [11,8],  5694 ms
11) [11,10],  14468 ms
12) [12,7],  5251 ms
13) [10,9],  5894 ms
14) [12,11],  9149 ms
15) [11,6],  8115 ms
16) [10,7],  8628 ms
17) [9,7],  15005 ms
18) [10,6],  14014 ms
19) [14,7],  13425 ms
20) [13,11],  5858 ms
21) [12,9],  11819 ms
22) [13,8],  11926 ms
23) [8,7],  4226 ms
24) [7,6],  25 ms
25) [14,11],  5939 ms
26) [12,10],  379 ms
27) [14,12],  5265 ms
28) [13,10],  213 ms
29) [13,9],  6507 ms
30) [10,5],  203 ms
31) [10,4],  5909 ms
32) [14,9],  366 ms
33) [15,8],  6143 ms
34) [15,10],  47 ms
35) [16,11],  25 ms
36) [14,10],  44 ms
37) [16,10],  25 ms
38) [12,12],  30 ms
39) [11,13],  3724 ms
40) [11,12],  25 ms
41) [10,13],  25 ms
42) [13,13],  25 ms
43) [11,11],  24 ms
44) [12,13],  25 ms
45) [12,14],  25 ms
46) [13,14],  25 ms
47) [13,12],  25 ms
48) [14,15],  25 ms
49) [15,16],  25 ms
50) [10,11],  25 ms

pela 15.0 wins

pela 15.0:  5882 ms/turn
pela 15.0:  3754 ms/turn
