 0) [9,12],  27 ms
 1) [10,13],  27 ms
 2) [8,13],  26 ms
 3) [10,11],  26 ms
 4) [9,14],  27 ms
 5) [7,12],  26 ms
 6) [10,10],  15018 ms
 7) [9,15],  9580 ms
 8) [9,10],  6410 ms
 9) [9,11],  15011 ms
10) [7,11],  7365 ms
11) [8,10],  12302 ms
12) [11,13],  7127 ms
13) [10,16],  5957 ms
14) [11,17],  15001 ms
15) [11,14],  11987 ms
16) [9,16],  10305 ms
17) [12,16],  15007 ms
18) [13,16],  7171 ms
19) [12,13],  10226 ms
20) [10,15],  5139 ms
21) [12,17],  5319 ms
22) [12,11],  6352 ms
23) [14,18],  6872 ms
24) [12,14],  4687 ms
25) [12,10],  15003 ms
26) [12,12],  13610 ms
27) [11,11],  5133 ms
28) [8,14],  7667 ms
29) [7,14],  14998 ms
30) [13,12],  3220 ms
31) [14,12],  5197 ms
32) [13,14],  1098 ms
33) [13,13],  11540 ms
34) [14,13],  6000 ms
35) [15,14],  7198 ms
36) [13,15],  2996 ms
37) [14,16],  4356 ms
38) [12,15],  8681 ms
39) [11,16],  7450 ms
40) [14,15],  3107 ms
41) [11,15],  27 ms
42) [13,17],  3011 ms
43) [13,18],  27 ms
44) [11,12],  5462 ms
45) [10,12],  27 ms
46) [13,9],  5767 ms
47) [14,10],  6513 ms
48) [10,9],  3371 ms
49) [11,10],  27 ms
50) [15,18],  2905 ms
51) [16,14],  15018 ms
52) [15,13],  1552 ms
53) [15,12],  14995 ms
54) [17,14],  1647 ms
55) [16,19],  9295 ms
56) [17,16],  3621 ms
57) [16,15],  14391 ms
58) [15,10],  1292 ms
59) [16,17],  15005 ms
60) [16,16],  2907 ms
61) [12,7],  5688 ms
62) [6,11],  2297 ms
63) [11,9],  15017 ms
64) [11,7],  1358 ms
65) [17,13],  6025 ms
66) [18,12],  659 ms
67) [11,6],  15037 ms
68) [10,8],  1859 ms
69) [10,7],  9028 ms
70) [12,5],  1550 ms
71) [13,8],  28 ms
72) [10,5],  674 ms
73) [12,9],  30 ms
74) [14,7],  26 ms
75) [9,6],  33 ms
76) [11,8],  26 ms
77) [12,6],  27 ms
78) [12,8],  25 ms
79) [10,6],  27 ms
80) [13,6],  25 ms
81) [8,6],  26 ms

pela 15.0 wins

pela 15.0:  4172 ms/turn
pela 15.0:  7061 ms/turn
