 0) [9,11],  25 ms
 1) [9,12],  26 ms
 2) [10,13],  25 ms
 3) [10,12],  42 ms
 4) [11,12],  25 ms
 5) [11,11],  25 ms
 6) [9,13],  15001 ms
 7) [12,13],  6895 ms
 8) [7,13],  4511 ms
 9) [8,13],  14177 ms
10) [7,14],  5887 ms
11) [7,12],  15005 ms
12) [9,14],  2223 ms
13) [8,15],  11895 ms
14) [8,14],  323 ms
15) [6,14],  4176 ms
16) [10,14],  1598 ms
17) [11,14],  26 ms
18) [9,15],  589 ms
19) [10,16],  5780 ms
20) [7,17],  55 ms
21) [8,16],  13398 ms
22) [9,16],  29 ms
23) [9,17],  25 ms
24) [7,15],  26 ms
25) [7,16],  25 ms
26) [12,14],  8663 ms
27) [5,17],  14751 ms
28) [6,12],  8647 ms
29) [5,11],  26 ms
30) [4,16],  10583 ms
31) [5,14],  11763 ms
32) [6,15],  15017 ms
33) [12,10],  11703 ms
34) [12,9],  7317 ms
35) [13,10],  4768 ms
36) [13,11],  5216 ms
37) [5,10],  9346 ms
38) [12,12],  10642 ms
39) [11,13],  25 ms
40) [6,11],  8713 ms
41) [4,10],  3488 ms
42) [5,12],  15013 ms
43) [6,10],  6112 ms
44) [7,10],  14243 ms
45) [8,9],  2984 ms
46) [4,15],  11250 ms
47) [4,13],  6225 ms
48) [4,12],  12705 ms
49) [3,15],  2848 ms
50) [5,9],  15009 ms
51) [8,8],  4923 ms
52) [3,12],  15011 ms
53) [2,12],  26 ms
54) [10,10],  5956 ms
55) [8,12],  2856 ms
56) [8,10],  8838 ms
57) [4,14],  1686 ms
58) [5,13],  35 ms
59) [1,11],  2944 ms
60) [3,13],  5488 ms
61) [2,10],  3022 ms
62) [3,10],  25 ms
63) [3,11],  892 ms
64) [2,11],  12035 ms
65) [4,11],  2575 ms
66) [11,9],  15024 ms
67) [12,8],  2242 ms
68) [14,8],  15001 ms
69) [15,9],  1021 ms
70) [10,9],  15043 ms
71) [13,9],  1752 ms
72) [15,10],  5508 ms
73) [7,11],  741 ms
74) [15,11],  7666 ms
75) [11,10],  980 ms
76) [7,9],  15010 ms
77) [14,11],  1193 ms
78) [14,9],  4375 ms
79) [13,8],  437 ms
80) [13,6],  15027 ms
81) [8,7],  402 ms
82) [1,13],  15013 ms
83) [11,15],  581 ms
84) [15,12],  15002 ms
85) [5,7],  906 ms
86) [3,9],  15017 ms
87) [6,7],  463 ms
88) [7,7],  27 ms
89) [7,8],  28 ms
90) [6,9],  25 ms
91) [4,9],  26 ms
92) [5,6],  25 ms
93) [8,5],  26 ms
94) [8,6],  26 ms
95) [5,8],  25 ms
96) [7,6],  74 ms
97) [4,8],  25 ms
98) [6,8],  24 ms
99) [4,7],  25 ms

pela 15.0 wins

pela 15.0:  3506 ms/turn
pela 15.0:  7172 ms/turn
