 0) [12,9],  26 ms
 1) [13,8],  26 ms
 2) [12,10],  26 ms
 3) [12,11],  26 ms
 4) [11,9],  9982 ms
 5) [10,9],  27 ms
 6) [10,11],  5370 ms
 7) [14,12],  15039 ms
 8) [13,12],  15024 ms
 9) [10,8],  6523 ms
10) [9,8],  11127 ms
11) [11,10],  4386 ms
12) [8,11],  7490 ms
13) [9,11],  8070 ms
14) [11,14],  8516 ms
15) [14,11],  7917 ms
16) [14,9],  8826 ms
17) [15,9],  5022 ms
18) [15,11],  6409 ms
19) [10,13],  10616 ms
20) [14,10],  5631 ms
21) [7,13],  15037 ms
22) [9,13],  14490 ms
23) [10,12],  5341 ms
24) [6,14],  12481 ms
25) [12,8],  14773 ms
26) [10,7],  10664 ms
27) [9,6],  15038 ms
28) [14,8],  8319 ms
29) [12,6],  11124 ms
30) [11,7],  4356 ms
31) [14,6],  15041 ms
32) [13,6],  2659 ms
33) [8,7],  4612 ms
34) [11,13],  2542 ms
35) [11,15],  15001 ms
36) [10,14],  6578 ms
37) [9,14],  13409 ms
38) [11,12],  2149 ms
39) [12,13],  6073 ms
40) [5,14],  4626 ms
41) [7,12],  7509 ms
42) [7,8],  3342 ms
43) [8,9],  6190 ms
44) [8,13],  4220 ms
45) [6,15],  13782 ms
46) [5,13],  1726 ms
47) [7,15],  8762 ms
48) [7,14],  3356 ms
49) [8,14],  9057 ms
50) [5,15],  50 ms
51) [5,12],  8611 ms
52) [5,16],  33 ms
53) [5,17],  24 ms
54) [6,16],  26 ms
55) [4,14],  24 ms
56) [12,12],  26 ms
57) [13,11],  25 ms
58) [8,16],  24 ms
59) [9,15],  24 ms
60) [7,16],  25 ms
61) [9,16],  24 ms
62) [4,16],  24 ms

pela 15.0 wins

pela 15.0:  5004 ms/turn
pela 15.0:  7326 ms/turn
