 0) [12,11],  25 ms
 1) [12,10],  25 ms
 2) [13,10],  25 ms
 3) [13,11],  25 ms
 4) [14,12],  25 ms
 5) [14,11],  24 ms
 6) [15,12],  23 ms
 7) [13,12],  71 ms
 8) [17,10],  24 ms
 9) [16,11],  6456 ms
10) [13,9],  5059 ms
11) [15,8],  10880 ms
12) [15,11],  10613 ms
13) [16,10],  10411 ms
14) [16,9],  8246 ms
15) [15,9],  5354 ms
16) [13,7],  6343 ms
17) [13,13],  8718 ms
18) [13,14],  5053 ms
19) [13,8],  15032 ms
20) [16,8],  15001 ms
21) [16,12],  10979 ms
22) [12,13],  8237 ms
23) [11,12],  5060 ms
24) [16,13],  14995 ms
25) [12,15],  7458 ms
26) [12,12],  6073 ms
27) [15,14],  9682 ms
28) [14,7],  10852 ms
29) [14,6],  4881 ms
30) [16,7],  5257 ms
31) [15,7],  7608 ms
32) [15,6],  25 ms
33) [16,5],  7902 ms
34) [17,8],  4962 ms
35) [18,9],  5232 ms
36) [12,7],  3497 ms
37) [11,7],  8164 ms
38) [12,5],  5721 ms
39) [13,4],  6725 ms
40) [12,6],  9992 ms
41) [12,4],  6089 ms
42) [14,4],  8570 ms
43) [11,3],  14998 ms
44) [13,5],  25 ms
45) [11,5],  15006 ms
46) [11,4],  5360 ms
47) [13,6],  13698 ms
48) [10,5],  5966 ms
49) [11,15],  5511 ms
50) [10,15],  5179 ms
51) [12,16],  5717 ms
52) [10,14],  4976 ms
53) [11,9],  15041 ms
54) [15,3],  2900 ms
55) [16,2],  25 ms
56) [10,8],  3850 ms
57) [11,14],  13419 ms
58) [11,13],  2164 ms
59) [12,17],  98 ms
60) [9,15],  1374 ms
61) [8,16],  24 ms
62) [12,18],  1113 ms
63) [10,16],  60 ms
64) [13,16],  28 ms
65) [11,16],  24 ms
66) [9,16],  27 ms
67) [9,17],  25 ms
68) [12,14],  24 ms
69) [11,17],  26 ms
70) [11,18],  26 ms
71) [10,17],  58 ms
72) [13,17],  23 ms
73) [8,17],  24 ms

pela 15.0 wins

pela 15.0:  4369 ms/turn
pela 15.0:  5960 ms/turn
