 0) [12,10],  26 ms
 1) [13,9],  25 ms
 2) [11,9],  25 ms
 3) [13,11],  30 ms
 4) [12,8],  26 ms
 5) [10,10],  25 ms
 6) [13,12],  7936 ms
 7) [12,7],  13646 ms
 8) [12,12],  8253 ms
 9) [12,11],  15042 ms
10) [10,11],  8170 ms
11) [11,12],  15018 ms
12) [14,9],  8869 ms
13) [13,6],  15007 ms
14) [14,11],  5368 ms
15) [13,7],  10255 ms
16) [13,8],  4815 ms
17) [14,7],  7975 ms
18) [11,7],  15049 ms
19) [15,7],  6446 ms
20) [16,7],  24 ms
21) [15,8],  696 ms
22) [16,9],  15017 ms
23) [15,10],  83 ms
24) [15,6],  13217 ms
25) [15,9],  46 ms
26) [15,11],  23 ms
27) [14,8],  46 ms
28) [12,6],  6901 ms
29) [17,5],  29 ms
30) [16,6],  24 ms
31) [16,8],  24 ms
32) [17,7],  8396 ms
33) [18,8],  24 ms
34) [17,8],  24 ms
35) [14,5],  23 ms
36) [15,4],  23 ms
37) [14,6],  24 ms
38) [14,4],  23 ms
39) [13,5],  24 ms
40) [17,9],  23 ms
41) [12,4],  24 ms

pela 15.0 wins

pela 15.0:  4868 ms/turn
pela 15.0:  4024 ms/turn
