 0) [12,10],  25 ms
 1) [11,10],  25 ms
 2) [12,9],  24 ms
 3) [12,8],  25 ms
 4) [13,10],  15005 ms
 5) [14,11],  6441 ms
 6) [16,10],  14998 ms
 7) [15,10],  6650 ms
 8) [13,12],  14992 ms
 9) [13,11],  6997 ms
10) [16,11],  4998 ms
11) [16,12],  12939 ms
12) [15,12],  11984 ms
13) [17,10],  5479 ms
14) [14,10],  14995 ms
15) [10,10],  14765 ms
16) [10,11],  5932 ms
17) [9,8],  15008 ms
18) [11,9],  7814 ms
19) [9,10],  4413 ms
20) [10,8],  5632 ms
21) [9,9],  15003 ms
22) [9,7],  10993 ms
23) [8,6],  25 ms
24) [10,9],  3157 ms
25) [7,7],  4963 ms
26) [13,9],  7359 ms
27) [14,9],  25 ms
28) [11,11],  8869 ms
29) [10,12],  819 ms
30) [9,11],  4960 ms
31) [8,11],  258 ms
32) [14,8],  3598 ms
33) [15,7],  25 ms
34) [7,10],  3213 ms
35) [6,6],  33 ms
36) [8,8],  25 ms
37) [6,8],  29 ms
38) [5,9],  2656 ms
39) [6,5],  27 ms
40) [6,7],  27 ms
41) [9,5],  27 ms
42) [10,4],  25 ms
43) [7,6],  26 ms
44) [7,5],  26 ms
45) [5,6],  24 ms
46) [9,6],  26 ms
47) [4,6],  25 ms

pela 15.0 wins

pela 15.0:  5888 ms/turn
pela 15.0:  3918 ms/turn
