 0) [8,8],  27 ms
 1) [9,7],  26 ms
 2) [8,9],  27 ms
 3) [8,10],  27 ms
 4) [7,8],  5857 ms
 5) [9,8],  27 ms
 6) [9,11],  6133 ms
 7) [10,11],  10252 ms
 8) [9,6],  15048 ms
 9) [8,7],  7762 ms
10) [11,10],  12486 ms
11) [7,5],  14998 ms
12) [6,4],  15001 ms
13) [5,7],  14331 ms
14) [7,7],  5388 ms
15) [6,6],  9434 ms
16) [4,8],  12771 ms
17) [6,8],  15016 ms
18) [4,6],  10115 ms
19) [7,9],  13997 ms
20) [10,10],  5835 ms
21) [11,11],  6453 ms
22) [9,12],  5856 ms
23) [8,12],  10365 ms
24) [8,4],  7980 ms
25) [7,4],  8035 ms
26) [7,6],  9970 ms
27) [4,5],  9914 ms
28) [4,7],  4431 ms
29) [9,10],  7785 ms
30) [3,8],  5760 ms
31) [5,5],  4057 ms
32) [6,5],  4304 ms
33) [4,9],  6528 ms
34) [5,6],  8759 ms
35) [2,9],  25 ms
36) [3,9],  10235 ms
37) [3,7],  3132 ms
38) [2,8],  11678 ms
39) [1,8],  3216 ms
40) [6,10],  9359 ms
41) [6,12],  2835 ms
42) [5,13],  13659 ms
43) [6,14],  2731 ms
44) [8,14],  10760 ms
45) [9,13],  4148 ms
46) [10,14],  15000 ms
47) [11,14],  1211 ms
48) [7,12],  15008 ms
49) [11,16],  2982 ms
50) [12,13],  15003 ms
51) [13,16],  2954 ms
52) [10,16],  6402 ms
53) [9,15],  2410 ms
54) [12,15],  15002 ms
55) [12,14],  2186 ms
56) [14,16],  10720 ms
57) [13,13],  953 ms
58) [11,15],  9301 ms
59) [5,14],  1017 ms
60) [6,15],  9298 ms
61) [10,17],  1034 ms
62) [15,15],  8356 ms
63) [14,15],  609 ms
64) [12,17],  5837 ms
65) [16,14],  617 ms
66) [16,13],  14996 ms
67) [12,18],  1266 ms
68) [4,13],  14537 ms
69) [6,13],  1104 ms
70) [4,15],  4464 ms
71) [3,15],  922 ms
72) [4,10],  15005 ms
73) [1,7],  271 ms
74) [3,10],  691 ms
75) [5,10],  727 ms
76) [3,11],  1071 ms
77) [3,12],  26 ms
78) [1,13],  186 ms
79) [2,12],  361 ms
80) [4,12],  33 ms
81) [4,11],  280 ms
82) [2,13],  26 ms
83) [3,13],  26 ms
84) [2,10],  26 ms
85) [1,9],  25 ms
86) [4,14],  26 ms
87) [4,16],  24 ms
88) [1,10],  27 ms
89) [0,10],  26 ms
90) [1,11],  25 ms
91) [0,12],  26 ms
92) [1,12],  26 ms
93) [1,14],  26 ms
94) [3,14],  25 ms
95) [5,16],  26 ms
96) [0,11],  24 ms

pela 15.0 wins

pela 15.0:  3670 ms/turn
pela 15.0:  7194 ms/turn
