 0) [9,10],  24 ms
 1) [9,9],  23 ms
 2) [8,10],  23 ms
 3) [7,10],  24 ms
 4) [6,9],  14986 ms
 5) [7,7],  5485 ms
 6) [8,8],  10686 ms
 7) [8,9],  6193 ms
 8) [6,11],  15003 ms
 9) [6,10],  11805 ms
10) [10,7],  9078 ms
11) [8,7],  13430 ms
12) [7,6],  6067 ms
13) [11,8],  8749 ms
14) [5,7],  15026 ms
15) [5,8],  9681 ms
16) [8,6],  15038 ms
17) [6,6],  6717 ms
18) [10,10],  12749 ms
19) [11,10],  7413 ms
20) [11,9],  3467 ms
21) [10,8],  14857 ms
22) [9,11],  8548 ms
23) [8,12],  13123 ms
24) [11,6],  7595 ms
25) [10,6],  5189 ms
26) [13,7],  8859 ms
27) [12,8],  23 ms
28) [13,8],  4516 ms
29) [12,7],  15009 ms
30) [13,9],  2382 ms
31) [13,6],  11821 ms
32) [14,5],  2595 ms
33) [13,10],  12747 ms
34) [12,5],  31 ms
35) [13,4],  9568 ms
36) [11,5],  25 ms
37) [13,5],  15004 ms
38) [7,9],  2762 ms
39) [6,8],  24 ms
40) [10,12],  1992 ms
41) [11,13],  23 ms
42) [8,11],  4325 ms
43) [7,11],  9191 ms
44) [5,9],  1747 ms
45) [4,9],  15016 ms
46) [3,10],  4641 ms
47) [12,11],  2394 ms
48) [14,9],  3966 ms
49) [12,9],  49 ms
50) [12,10],  24 ms
51) [14,11],  25 ms
52) [15,12],  24 ms
53) [11,11],  23 ms
54) [13,11],  24 ms
55) [10,9],  24 ms
56) [9,8],  23 ms
57) [10,14],  23 ms
58) [9,13],  23 ms
59) [11,14],  24 ms
60) [11,12],  23 ms
61) [13,12],  24 ms
62) [14,13],  23 ms
63) [12,13],  23 ms
64) [15,10],  24 ms
65) [10,15],  23 ms

pela 15.0 wins

pela 15.0:  4736 ms/turn
pela 15.0:  5871 ms/turn
