 0) [8,11],  26 ms
 1) [8,10],  25 ms
 2) [7,11],  25 ms
 3) [6,11],  25 ms
 4) [8,12],  13563 ms
 5) [9,13],  6219 ms
 6) [8,15],  15002 ms
 7) [8,14],  9371 ms
 8) [10,12],  7643 ms
 9) [9,12],  7321 ms
10) [9,15],  14006 ms
11) [10,15],  13773 ms
12) [10,14],  13890 ms
13) [8,16],  8770 ms
14) [8,13],  15008 ms
15) [8,9],  15000 ms
16) [9,9],  7620 ms
17) [6,8],  5127 ms
18) [7,10],  10186 ms
19) [8,8],  5917 ms
20) [6,9],  6950 ms
21) [7,8],  15019 ms
22) [5,8],  10862 ms
23) [4,7],  25 ms
24) [7,9],  3495 ms
25) [5,6],  6194 ms
26) [7,12],  7451 ms
27) [7,13],  26 ms
28) [9,10],  2272 ms
29) [10,9],  1167 ms
30) [9,8],  6636 ms
31) [9,7],  362 ms
32) [6,13],  5070 ms
33) [5,14],  25 ms
34) [8,6],  4713 ms
35) [4,5],  34 ms
36) [6,7],  25 ms
37) [6,5],  29 ms
38) [7,4],  3211 ms
39) [3,5],  28 ms
40) [5,5],  29 ms
41) [3,8],  26 ms
42) [2,9],  26 ms
43) [4,6],  27 ms
44) [3,6],  25 ms
45) [4,4],  26 ms
46) [4,8],  25 ms
47) [4,3],  25 ms

pela 15.0 wins

pela 15.0:  6156 ms/turn
pela 15.0:  3940 ms/turn
