 0) [10,10],  26 ms
 1) [11,11],  25 ms
 2) [11,9],  26 ms
 3) [9,11],  26 ms
 4) [12,10],  25 ms
 5) [10,8],  27 ms
 6) [8,11],  15013 ms
 7) [13,10],  12759 ms
 8) [9,10],  8414 ms
 9) [8,10],  15011 ms
10) [10,12],  15032 ms
11) [10,9],  11215 ms
12) [11,7],  15055 ms
13) [11,8],  15011 ms
14) [9,8],  8991 ms
15) [14,11],  7732 ms
16) [12,9],  8161 ms
17) [12,8],  8177 ms
18) [13,8],  4619 ms
19) [10,11],  7313 ms
20) [12,11],  12537 ms
21) [11,6],  13955 ms
22) [7,10],  5473 ms
23) [9,12],  4274 ms
24) [13,6],  7867 ms
25) [14,7],  11321 ms
26) [6,8],  27 ms
27) [5,8],  7250 ms
28) [9,14],  11400 ms
29) [6,11],  9413 ms
30) [6,12],  14987 ms
31) [4,9],  27 ms
32) [5,10],  5765 ms
33) [14,12],  27 ms
34) [7,13],  15011 ms
35) [8,14],  2858 ms
36) [7,12],  475 ms
37) [7,14],  2750 ms
38) [6,13],  616 ms
39) [5,14],  26 ms
40) [8,13],  876 ms
41) [9,13],  5093 ms
42) [4,12],  626 ms
43) [5,12],  6543 ms
44) [7,11],  46 ms
45) [7,9],  25 ms
46) [5,13],  60 ms
47) [4,13],  25 ms
48) [3,11],  38 ms
49) [2,15],  5595 ms
50) [3,14],  25 ms
51) [2,10],  4367 ms
52) [3,12],  27 ms
53) [3,13],  4155 ms
54) [6,14],  28 ms
55) [7,15],  26 ms
56) [4,10],  28 ms
57) [5,9],  1132 ms
58) [3,9],  25 ms
59) [5,11],  25 ms
60) [3,10],  26 ms
61) [6,10],  26 ms
62) [3,8],  25 ms

pela 15.0 wins

pela 15.0:  5039 ms/turn
pela 15.0:  4729 ms/turn
