 0) [9,9],  28 ms
 1) [8,10],  26 ms
 2) [9,8],  26 ms
 3) [9,7],  26 ms
 4) [10,9],  14997 ms
 5) [11,9],  26 ms
 6) [11,7],  6039 ms
 7) [11,10],  10927 ms
 8) [12,10],  6662 ms
 9) [12,6],  15015 ms
10) [13,6],  11677 ms
11) [11,8],  14995 ms
12) [11,11],  5002 ms
13) [10,12],  9143 ms
14) [9,11],  4766 ms
15) [12,12],  6237 ms
16) [9,12],  11277 ms
17) [9,10],  25 ms
18) [13,9],  15006 ms
19) [12,8],  15001 ms
20) [10,10],  5603 ms
21) [14,8],  7189 ms
22) [13,8],  15014 ms
23) [13,7],  5886 ms
24) [11,5],  15037 ms
25) [8,8],  5894 ms
26) [15,9],  7548 ms
27) [16,9],  6057 ms
28) [6,10],  10455 ms
29) [6,9],  7891 ms
30) [12,5],  8986 ms
31) [11,6],  5885 ms
32) [8,6],  6222 ms
33) [11,4],  9685 ms
34) [8,12],  6259 ms
35) [7,13],  2869 ms
36) [7,6],  8462 ms
37) [8,7],  4009 ms
38) [8,9],  8802 ms
39) [7,11],  3110 ms
40) [15,10],  15019 ms
41) [15,11],  3079 ms
42) [14,6],  6669 ms
43) [7,10],  4834 ms
44) [7,9],  9463 ms
45) [14,5],  3181 ms
46) [7,14],  7091 ms
47) [8,13],  3852 ms
48) [9,6],  6309 ms
49) [6,6],  3163 ms
50) [5,13],  4887 ms
51) [9,5],  2072 ms
52) [7,7],  5141 ms
53) [16,11],  2261 ms
54) [16,12],  15011 ms
55) [4,11],  3274 ms
56) [5,10],  7513 ms
57) [7,5],  1531 ms
58) [5,7],  15011 ms
59) [5,12],  1192 ms
60) [3,10],  14996 ms
61) [4,10],  1445 ms
62) [5,11],  8257 ms
63) [3,13],  2877 ms
64) [4,12],  4213 ms
65) [5,8],  1231 ms
66) [4,7],  9827 ms
67) [3,7],  920 ms
68) [14,11],  8793 ms
69) [16,7],  993 ms
70) [16,8],  15000 ms
71) [14,10],  2016 ms
72) [9,15],  8219 ms
73) [9,14],  597 ms
74) [10,15],  5576 ms
75) [7,15],  710 ms
76) [4,6],  13239 ms
77) [4,8],  739 ms
78) [6,8],  13062 ms
79) [3,5],  25 ms
80) [3,4],  7105 ms
81) [15,8],  1433 ms
82) [17,6],  13517 ms
83) [12,15],  686 ms
84) [12,14],  6491 ms
85) [9,4],  661 ms
86) [15,6],  4697 ms
87) [16,6],  26 ms
88) [10,5],  5076 ms
89) [3,11],  990 ms
90) [2,12],  7358 ms
91) [11,16],  890 ms
92) [10,17],  12732 ms
93) [10,18],  342 ms
94) [9,17],  11584 ms
95) [8,17],  453 ms
96) [5,6],  4490 ms
97) [4,5],  451 ms
98) [1,5],  4588 ms
99) [13,16],  259 ms
100) [10,16],  12149 ms
101) [11,15],  319 ms
102) [10,13],  8778 ms
103) [10,14],  28 ms
104) [11,17],  15015 ms
105) [12,18],  354 ms
106) [12,16],  14994 ms
107) [8,15],  155 ms
108) [8,18],  5049 ms
109) [3,14],  280 ms
110) [3,15],  7326 ms
111) [4,15],  392 ms
112) [6,17],  4415 ms
113) [11,13],  25 ms
114) [13,11],  28 ms
115) [8,14],  25 ms
116) [8,16],  25 ms
117) [4,13],  25 ms
118) [6,11],  25 ms
119) [6,16],  72 ms
120) [9,13],  67 ms
121) [2,15],  25 ms
122) [1,16],  25 ms
123) [5,17],  26 ms
124) [4,18],  57 ms
125) [5,15],  62 ms
126) [6,15],  72 ms
127) [4,14],  27 ms
128) [7,17],  27 ms
129) [4,16],  26 ms
130) [4,17],  27 ms
131) [6,14],  26 ms
132) [3,17],  27 ms
133) [5,14],  26 ms
134) [2,14],  27 ms
135) [5,16],  27 ms
136) [5,18],  26 ms
137) [3,16],  27 ms
138) [7,16],  26 ms
139) [2,16],  27 ms

pela 15.0 wins

pela 15.0:  2543 ms/turn
pela 15.0:  7242 ms/turn
