 0) [9,9],  26 ms
 1) [9,10],  26 ms
 2) [8,9],  26 ms
 3) [7,9],  26 ms
 4) [9,8],  15033 ms
 5) [10,7],  6779 ms
 6) [9,5],  15002 ms
 7) [9,6],  9156 ms
 8) [11,8],  5398 ms
 9) [10,8],  7137 ms
10) [10,6],  14998 ms
11) [8,4],  6364 ms
12) [7,4],  10597 ms
13) [8,7],  4884 ms
14) [7,7],  12297 ms
15) [8,6],  15001 ms
16) [8,5],  5986 ms
17) [7,5],  9021 ms
18) [9,7],  14363 ms
19) [11,5],  5382 ms
20) [6,6],  11138 ms
21) [8,8],  4935 ms
22) [6,7],  3687 ms
23) [5,6],  7937 ms
24) [11,9],  6918 ms
25) [10,11],  13424 ms
26) [10,5],  8195 ms
27) [5,5],  15027 ms
28) [5,4],  7533 ms
29) [6,8],  8280 ms
30) [4,6],  7017 ms
31) [6,3],  7264 ms
32) [10,12],  5440 ms
33) [12,9],  7398 ms
34) [10,10],  3765 ms
35) [11,7],  6920 ms
36) [6,9],  3085 ms
37) [9,11],  15005 ms
38) [8,11],  3119 ms
39) [5,8],  15007 ms
40) [5,7],  1392 ms
41) [3,7],  9459 ms
42) [3,8],  3571 ms
43) [12,6],  15017 ms
44) [13,7],  1134 ms
45) [14,6],  7371 ms
46) [14,4],  1721 ms
47) [15,7],  5118 ms
48) [15,6],  889 ms
49) [16,8],  14919 ms
50) [17,9],  1930 ms
51) [13,8],  3279 ms
52) [14,7],  1740 ms
53) [14,8],  381 ms
54) [12,8],  2004 ms
55) [13,5],  33 ms
56) [12,4],  28 ms
57) [13,9],  79 ms
58) [16,6],  1595 ms
59) [11,11],  34 ms
60) [12,10],  28 ms
61) [12,11],  31 ms
62) [13,11],  30 ms
63) [15,8],  29 ms
64) [17,8],  28 ms
65) [14,9],  33 ms
66) [13,10],  805 ms
67) [15,9],  27 ms
68) [16,9],  31 ms
69) [15,10],  27 ms
70) [15,11],  27 ms
71) [12,7],  27 ms
72) [16,11],  27 ms
73) [11,6],  28 ms

pela 15.0 wins

pela 15.0:  4610 ms/turn
pela 15.0:  5969 ms/turn
