 0) [12,10],  25 ms
 1) [13,9],  25 ms
 2) [12,11],  26 ms
 3) [12,12],  25 ms
 4) [11,10],  9873 ms
 5) [10,10],  24 ms
 6) [10,12],  5632 ms
 7) [14,13],  15049 ms
 8) [13,13],  15012 ms
 9) [10,9],  6469 ms
10) [9,9],  10732 ms
11) [11,11],  4678 ms
12) [8,12],  7155 ms
13) [9,12],  8070 ms
14) [11,15],  7625 ms
15) [14,12],  6808 ms
16) [14,10],  8571 ms
17) [15,10],  4531 ms
18) [15,12],  5770 ms
19) [10,14],  8231 ms
20) [14,11],  4596 ms
21) [7,14],  14208 ms
22) [9,14],  11062 ms
23) [10,13],  4197 ms
24) [6,15],  10713 ms
25) [12,9],  11765 ms
26) [10,8],  4797 ms
27) [9,7],  5565 ms
28) [14,9],  7351 ms
29) [12,7],  9247 ms
30) [11,8],  10142 ms
31) [14,7],  12740 ms
32) [13,7],  8107 ms
33) [8,8],  15014 ms
34) [11,14],  7531 ms
35) [11,16],  9092 ms
36) [16,11],  3749 ms
37) [13,11],  6217 ms
38) [10,16],  5920 ms
39) [9,17],  13553 ms
40) [16,13],  2040 ms
41) [17,14],  5775 ms
42) [14,15],  2212 ms
43) [13,15],  15001 ms
44) [11,13],  2305 ms
45) [8,10],  14607 ms
46) [7,9],  3102 ms
47) [16,14],  9659 ms
48) [17,15],  1185 ms
49) [15,14],  5062 ms
50) [14,14],  1508 ms
51) [16,15],  10255 ms
52) [17,16],  1461 ms
53) [15,16],  9923 ms
54) [14,17],  3108 ms
55) [18,14],  14988 ms
56) [19,14],  25 ms
57) [18,13],  13150 ms
58) [19,12],  25 ms
59) [18,12],  5267 ms
60) [14,16],  1151 ms
61) [14,18],  25 ms
62) [18,11],  2396 ms
63) [17,11],  9336 ms
64) [8,9],  953 ms
65) [6,8],  8876 ms
66) [7,12],  2017 ms
67) [6,11],  10152 ms
68) [7,8],  1136 ms
69) [6,9],  15010 ms
70) [6,10],  1274 ms
71) [7,11],  12126 ms
72) [8,11],  1341 ms
73) [9,10],  4772 ms
74) [16,18],  727 ms
75) [13,5],  14998 ms
76) [18,16],  654 ms
77) [12,5],  6606 ms
78) [12,8],  949 ms
79) [13,8],  8487 ms
80) [15,8],  759 ms
81) [13,10],  9122 ms
82) [13,12],  25 ms
83) [14,5],  36 ms
84) [16,5],  29 ms
85) [11,5],  24 ms
86) [15,5],  25 ms
87) [10,5],  24 ms

pela 15.0 wins

pela 15.0:  3972 ms/turn
pela 15.0:  8154 ms/turn
