 0) [10,9],  25 ms
 1) [11,10],  26 ms
 2) [10,8],  24 ms
 3) [10,7],  25 ms
 4) [9,9],  6644 ms
 5) [8,9],  25 ms
 6) [8,7],  4361 ms
 7) [11,7],  14436 ms
 8) [11,6],  6982 ms
 9) [8,6],  5041 ms
10) [9,8],  6910 ms
11) [9,10],  15016 ms
12) [11,12],  5156 ms
13) [7,6],  6551 ms
14) [7,8],  7805 ms
15) [8,8],  8731 ms
16) [6,6],  4748 ms
17) [10,6],  14404 ms
18) [12,8],  4475 ms
19) [13,8],  15008 ms
20) [12,9],  9629 ms
21) [11,9],  12040 ms
22) [10,10],  15047 ms
23) [10,12],  6128 ms
24) [11,11],  5364 ms
25) [12,12],  11794 ms
26) [12,7],  15003 ms
27) [12,10],  7655 ms
28) [7,9],  4915 ms
29) [6,9],  8891 ms
30) [5,7],  15063 ms
31) [8,10],  4047 ms
32) [8,11],  15024 ms
33) [12,5],  7176 ms
34) [12,11],  7811 ms
35) [10,13],  3491 ms
36) [11,15],  14570 ms
37) [6,10],  5639 ms
38) [11,14],  13230 ms
39) [11,13],  25 ms
40) [13,11],  10011 ms
41) [14,11],  3570 ms
42) [9,11],  8684 ms
43) [10,11],  25 ms
44) [5,10],  15006 ms
45) [4,8],  1985 ms
46) [10,14],  14996 ms
47) [8,12],  4031 ms
48) [12,14],  543 ms
49) [13,14],  3458 ms
50) [10,16],  1017 ms
51) [13,13],  3014 ms
52) [9,13],  460 ms
53) [12,13],  1020 ms
54) [14,13],  25 ms
55) [9,15],  1341 ms
56) [12,16],  35 ms
57) [13,17],  41 ms
58) [9,14],  41 ms
59) [8,14],  25 ms
60) [11,16],  30 ms
61) [13,16],  2189 ms
62) [13,15],  24 ms
63) [11,17],  1046 ms
64) [9,17],  28 ms
65) [8,18],  25 ms
66) [8,16],  28 ms
67) [9,16],  25 ms
68) [7,15],  45 ms
69) [10,18],  24 ms
70) [7,11],  27 ms
71) [7,10],  28 ms
72) [5,13],  25 ms
73) [6,14],  25 ms
74) [5,11],  25 ms
75) [6,11],  24 ms
76) [5,12],  25 ms
77) [5,14],  25 ms
78) [5,9],  24 ms

pela 15.0 wins

pela 15.0:  4309 ms/turn
pela 15.0:  5347 ms/turn
