 0) [10,8],  28 ms
 1) [11,9],  28 ms
 2) [10,7],  27 ms
 3) [10,6],  28 ms
 4) [9,8],  6294 ms
 5) [8,8],  28 ms
 6) [8,6],  15029 ms
 7) [11,6],  9048 ms
 8) [11,5],  4224 ms
 9) [8,5],  15033 ms
10) [9,7],  6454 ms
11) [9,9],  15011 ms
12) [11,11],  4323 ms
13) [7,5],  5641 ms
14) [7,7],  6410 ms
15) [8,7],  7498 ms
16) [6,5],  15011 ms
17) [10,5],  12426 ms
18) [12,7],  15002 ms
19) [13,7],  15013 ms
20) [12,8],  9323 ms
21) [11,8],  10252 ms
22) [11,7],  13989 ms
23) [9,4],  15016 ms
24) [10,4],  3589 ms
25) [9,5],  15005 ms
26) [9,6],  8673 ms
27) [7,6],  31 ms
28) [6,7],  7918 ms
29) [8,3],  26 ms
30) [7,2],  25 ms
31) [10,3],  26 ms
32) [11,2],  24 ms
33) [9,3],  26 ms
34) [7,3],  9105 ms
35) [9,1],  25 ms
36) [9,2],  25 ms
37) [10,2],  25 ms
38) [8,4],  26 ms
39) [11,3],  25 ms
40) [12,3],  24 ms
41) [12,4],  25 ms
42) [13,5],  24 ms
43) [8,0],  25 ms

pela 15.0 wins

pela 15.0:  5706 ms/turn
pela 15.0:  5466 ms/turn
