 0) [12,10],  27 ms
 1) [13,11],  28 ms
 2) [13,9],  27 ms
 3) [11,11],  26 ms
 4) [14,10],  27 ms
 5) [12,8],  27 ms
 6) [10,11],  12286 ms
 7) [15,10],  10528 ms
 8) [10,10],  8237 ms
 9) [11,10],  12245 ms
10) [11,8],  6809 ms
11) [10,9],  12768 ms
12) [13,12],  9254 ms
13) [16,11],  7878 ms
14) [17,12],  4551 ms
15) [14,12],  14342 ms
16) [16,10],  11842 ms
17) [13,13],  15010 ms
18) [15,11],  4413 ms
19) [14,14],  10658 ms
20) [14,13],  15040 ms
21) [17,13],  10521 ms
22) [12,12],  15004 ms
23) [12,13],  4887 ms
24) [13,10],  13207 ms
25) [16,12],  13647 ms
26) [16,14],  8544 ms
27) [12,7],  7122 ms
28) [17,11],  6508 ms
29) [16,6],  8801 ms
30) [12,6],  4380 ms
31) [15,7],  13885 ms
32) [14,9],  3849 ms
33) [15,9],  15017 ms
34) [15,6],  7563 ms
35) [11,12],  5033 ms
36) [11,13],  4326 ms
37) [14,7],  12824 ms
38) [13,7],  6303 ms
39) [13,6],  15001 ms
40) [17,5],  2028 ms
41) [15,15],  5464 ms
42) [9,11],  3540 ms
43) [10,12],  13033 ms
44) [9,10],  3278 ms
45) [9,9],  8006 ms
46) [9,14],  4136 ms
47) [9,13],  9876 ms
48) [8,15],  3335 ms
49) [8,12],  10623 ms
50) [7,11],  3076 ms
51) [8,9],  85 ms
52) [7,9],  2633 ms
53) [8,11],  44 ms
54) [8,10],  58 ms
55) [7,10],  28 ms
56) [9,12],  29 ms
57) [9,8],  31 ms
58) [8,7],  26 ms
59) [6,11],  28 ms
60) [10,7],  27 ms
61) [5,12],  44 ms

pela 15.0 wins

pela 15.0:  5302 ms/turn
pela 15.0:  7661 ms/turn
