 0) [11,10],  28 ms
 1) [11,11],  27 ms
 2) [10,12],  27 ms
 3) [10,11],  27 ms
 4) [12,11],  28 ms
 5) [12,12],  27 ms
 6) [10,10],  12041 ms
 7) [13,10],  14993 ms
 8) [8,10],  15014 ms
 9) [9,10],  12339 ms
10) [8,9],  5736 ms
11) [8,11],  15033 ms
12) [10,9],  2289 ms
13) [9,8],  15009 ms
14) [9,9],  492 ms
15) [7,9],  6037 ms
16) [11,9],  1912 ms
17) [12,9],  26 ms
18) [10,8],  746 ms
19) [11,7],  7411 ms
20) [8,6],  56 ms
21) [9,7],  12729 ms
22) [10,7],  28 ms
23) [10,6],  28 ms
24) [8,8],  26 ms
25) [8,7],  28 ms
26) [7,11],  27 ms
27) [6,12],  27 ms
28) [7,7],  27 ms
29) [6,6],  27 ms
30) [8,12],  28 ms
31) [12,8],  14988 ms
32) [9,5],  6611 ms
33) [14,10],  7386 ms
34) [13,9],  26 ms
35) [6,8],  13979 ms
36) [15,10],  4619 ms
37) [13,12],  6167 ms
38) [15,12],  10434 ms
39) [7,13],  11277 ms
40) [5,11],  4672 ms
41) [5,7],  14998 ms
42) [10,4],  8669 ms
43) [11,3],  25 ms
44) [6,10],  290 ms
45) [9,13],  15001 ms
46) [4,8],  5804 ms
47) [5,9],  26 ms
48) [4,6],  5743 ms
49) [11,13],  28 ms
50) [13,11],  28 ms
51) [10,13],  98 ms
52) [8,13],  26 ms
53) [12,13],  26 ms
54) [13,13],  26 ms
55) [11,12],  69 ms
56) [13,14],  26 ms
57) [11,14],  27 ms
58) [11,15],  26 ms
59) [9,12],  26 ms
60) [12,15],  26 ms
61) [7,10],  26 ms

pela 15.0 wins

pela 15.0:  2759 ms/turn
pela 15.0:  5416 ms/turn
