 0) [12,12],  26 ms
 1) [11,11],  26 ms
 2) [12,13],  25 ms
 3) [12,14],  26 ms
 4) [13,12],  11633 ms
 5) [11,12],  26 ms
 6) [11,15],  5371 ms
 7) [10,15],  7877 ms
 8) [11,10],  11189 ms
 9) [12,11],  7746 ms
10) [9,14],  7788 ms
11) [10,17],  6104 ms
12) [13,11],  8864 ms
13) [13,10],  6340 ms
14) [14,9],  13797 ms
15) [14,10],  7526 ms
16) [15,10],  15041 ms
17) [14,11],  12477 ms
18) [13,8],  4597 ms
19) [12,7],  5588 ms
20) [15,12],  894 ms
21) [15,13],  5787 ms
22) [12,9],  32 ms
23) [14,7],  5826 ms
24) [15,9],  48 ms
25) [13,9],  8299 ms
26) [15,11],  26 ms
27) [15,8],  24 ms
28) [16,11],  27 ms
29) [17,12],  24 ms
30) [14,12],  25 ms
31) [16,12],  25 ms
32) [17,9],  26 ms
33) [16,10],  24 ms
34) [18,9],  25 ms
35) [16,9],  23 ms
36) [17,10],  25 ms
37) [19,8],  24 ms
38) [14,13],  25 ms

pela 15.0 wins

pela 15.0:  3974 ms/turn
pela 15.0:  3883 ms/turn
