 0) [10,9],  25 ms
 1) [9,8],  24 ms
 2) [10,10],  24 ms
 3) [10,11],  24 ms
 4) [11,9],  15047 ms
 5) [12,9],  24 ms
 6) [12,11],  6471 ms
 7) [12,8],  10350 ms
 8) [13,8],  8337 ms
 9) [8,9],  12381 ms
10) [10,7],  15048 ms
11) [10,8],  8266 ms
12) [9,10],  4805 ms
13) [11,10],  4666 ms
14) [8,8],  10132 ms
15) [12,7],  11003 ms
16) [12,6],  15006 ms
17) [7,7],  6900 ms
18) [10,13],  9665 ms
19) [9,14],  8403 ms
20) [8,13],  5625 ms
21) [7,13],  9960 ms
22) [6,10],  11354 ms
23) [7,10],  13715 ms
24) [6,11],  5845 ms
25) [8,11],  5474 ms
26) [7,11],  3247 ms
27) [8,12],  15004 ms
28) [13,7],  9915 ms
29) [13,9],  8273 ms
30) [7,9],  1357 ms
31) [5,11],  5498 ms
32) [11,5],  595 ms
33) [10,4],  8517 ms
34) [10,6],  231 ms
35) [9,7],  26 ms
36) [13,6],  335 ms
37) [11,6],  5315 ms
38) [13,5],  113 ms
39) [13,4],  26 ms
40) [14,4],  39 ms
41) [15,3],  15015 ms
42) [14,8],  28 ms
43) [15,9],  27 ms
44) [14,5],  29 ms
45) [12,5],  10389 ms
46) [14,6],  29 ms
47) [14,7],  27 ms
48) [16,8],  29 ms
49) [14,3],  5307 ms
50) [15,2],  26 ms
51) [15,7],  10909 ms
52) [16,6],  28 ms
53) [15,6],  25 ms
54) [15,8],  26 ms
55) [17,8],  26 ms
56) [16,5],  26 ms
57) [15,5],  104 ms
58) [15,4],  26 ms
59) [16,7],  13969 ms
60) [16,3],  26 ms
61) [17,2],  27 ms
62) [16,4],  26 ms
63) [16,2],  27 ms
64) [17,4],  26 ms
65) [18,4],  27 ms
66) [14,1],  27 ms
67) [18,5],  26 ms
68) [13,0],  27 ms

pela 15.0 wins

pela 15.0:  3531 ms/turn
pela 15.0:  5581 ms/turn
