 0) [9,9],  26 ms
 1) [8,9],  26 ms
 2) [8,10],  25 ms
 3) [9,10],  27 ms
 4) [7,11],  25 ms
 5) [6,12],  25 ms
 6) [7,13],  6886 ms
 7) [7,14],  9621 ms
 8) [10,11],  15013 ms
 9) [11,11],  6856 ms
10) [10,12],  15006 ms
11) [10,10],  15038 ms
12) [8,12],  15033 ms
13) [9,13],  5804 ms
14) [10,14],  14235 ms
15) [9,11],  5958 ms
16) [11,13],  5942 ms
17) [10,15],  13516 ms
18) [9,16],  15025 ms
19) [9,15],  15032 ms
20) [9,14],  10491 ms
21) [12,14],  15029 ms
22) [8,15],  15032 ms
23) [11,12],  10299 ms
24) [12,15],  10807 ms
25) [11,8],  5549 ms
26) [11,9],  15017 ms
27) [13,10],  6461 ms
28) [12,10],  3983 ms
29) [10,8],  5635 ms
30) [10,9],  15002 ms
31) [12,9],  58 ms
32) [10,7],  25 ms
33) [12,11],  25 ms
34) [14,9],  25 ms
35) [14,11],  25 ms
36) [15,12],  25 ms
37) [13,8],  25 ms
38) [12,8],  24 ms
39) [13,11],  25 ms
40) [15,11],  24 ms
41) [13,9],  24 ms
42) [13,12],  24 ms
43) [13,7],  24 ms

pela 15.0 wins

pela 15.0:  5231 ms/turn
pela 15.0:  7167 ms/turn
