 0) [9,10],  27 ms
 1) [10,9],  27 ms
 2) [10,11],  27 ms
 3) [8,9],  60 ms
 4) [11,11],  28 ms
 5) [8,10],  27 ms
 6) [11,9],  27 ms
 7) [8,11],  27 ms
 8) [8,8],  8475 ms
 9) [11,10],  15000 ms
10) [8,12],  10128 ms
11) [10,10],  5184 ms
12) [7,10],  5867 ms
13) [13,11],  5313 ms
14) [9,7],  15028 ms
15) [7,9],  12047 ms
16) [6,9],  6242 ms
17) [8,6],  6328 ms
18) [11,12],  6759 ms
19) [10,12],  9001 ms
20) [9,11],  8133 ms
21) [9,8],  14979 ms
22) [8,7],  15005 ms
23) [13,14],  11270 ms
24) [13,12],  4725 ms
25) [10,7],  5006 ms
26) [10,8],  6833 ms
27) [5,10],  4227 ms
28) [6,6],  11110 ms
29) [7,7],  13082 ms
30) [9,5],  11803 ms
31) [5,7],  11213 ms
32) [6,8],  13898 ms
33) [6,7],  9604 ms
34) [4,7],  12340 ms
35) [9,6],  5471 ms
36) [7,6],  14459 ms
37) [12,12],  4895 ms
38) [6,5],  15041 ms
39) [5,8],  6734 ms
40) [5,9],  14998 ms
41) [5,6],  4743 ms
42) [4,5],  13851 ms
43) [4,3],  2633 ms
44) [11,13],  15000 ms
45) [11,14],  4724 ms
46) [5,4],  14959 ms
47) [6,3],  2910 ms
48) [7,4],  14993 ms
49) [5,5],  3697 ms
50) [13,10],  5732 ms
51) [9,13],  3119 ms
52) [12,15],  6478 ms
53) [3,10],  2249 ms
54) [2,11],  5446 ms
55) [9,14],  682 ms
56) [9,16],  9212 ms
57) [11,6],  1287 ms
58) [12,5],  24 ms
59) [12,4],  995 ms
60) [4,10],  14991 ms
61) [4,8],  701 ms
62) [4,13],  8033 ms
63) [4,12],  992 ms
64) [3,11],  12878 ms
65) [2,12],  24 ms
66) [12,14],  4237 ms
67) [11,4],  511 ms
68) [10,6],  7194 ms
69) [8,4],  1650 ms
70) [9,4],  15000 ms
71) [5,14],  1360 ms
72) [5,12],  7689 ms
73) [6,11],  481 ms
74) [7,12],  4590 ms
75) [6,12],  464 ms
76) [6,14],  15015 ms
77) [7,13],  496 ms
78) [7,11],  5674 ms
79) [11,3],  721 ms
80) [11,5],  11306 ms
81) [10,5],  260 ms
82) [12,3],  12179 ms
83) [12,10],  323 ms
84) [10,2],  10884 ms
85) [12,17],  425 ms
86) [8,16],  15000 ms
87) [10,16],  317 ms
88) [8,14],  5493 ms
89) [8,15],  266 ms
90) [12,6],  14875 ms
91) [13,7],  660 ms
92) [12,2],  7820 ms
93) [9,2],  240 ms
94) [6,17],  4702 ms
95) [6,16],  521 ms
96) [10,15],  5765 ms
97) [13,17],  422 ms
98) [14,17],  5642 ms
99) [7,15],  171 ms
100) [5,15],  15000 ms
101) [3,16],  190 ms
102) [13,4],  14998 ms
103) [11,2],  313 ms
104) [4,15],  12020 ms
105) [2,15],  212 ms
106) [13,13],  13209 ms
107) [11,15],  139 ms
108) [13,5],  12763 ms
109) [14,4],  120 ms
110) [11,7],  10914 ms
111) [9,9],  24 ms
112) [14,5],  9351 ms
113) [15,5],  25 ms
114) [13,9],  8023 ms
115) [12,8],  24 ms
116) [14,9],  6866 ms
117) [14,6],  88 ms
118) [16,4],  25 ms
119) [11,1],  99 ms
120) [11,0],  25 ms
121) [10,14],  201 ms
122) [12,16],  24 ms
123) [12,11],  149 ms
124) [12,9],  24 ms
125) [15,9],  24 ms
126) [14,11],  77 ms
127) [15,12],  108 ms
128) [16,7],  31 ms
129) [15,6],  25 ms
130) [15,8],  29 ms
131) [17,6],  32 ms
132) [16,6],  25 ms
133) [16,5],  67 ms
134) [16,9],  29 ms
135) [15,10],  31 ms
136) [14,7],  24 ms
137) [13,6],  40 ms
138) [16,10],  25 ms
139) [16,8],  24 ms
140) [14,10],  25 ms
141) [14,8],  25 ms
142) [14,12],  24 ms
143) [15,11],  24 ms
144) [14,13],  25 ms

pela 15.0 wins

pela 15.0:  2493 ms/turn
pela 15.0:  7659 ms/turn
