 0) [10,11],  26 ms
 1) [10,12],  25 ms
 2) [9,12],  25 ms
 3) [9,11],  25 ms
 4) [11,13],  25 ms
 5) [10,13],  25 ms
 6) [11,14],  25 ms
 7) [11,12],  25 ms
 8) [9,16],  25 ms
 9) [10,15],  6197 ms
10) [11,16],  4955 ms
11) [10,16],  15023 ms
12) [10,14],  25 ms
13) [9,14],  8514 ms
14) [12,11],  8089 ms
15) [13,11],  5447 ms
16) [11,10],  6933 ms
17) [12,9],  7898 ms
18) [7,15],  5366 ms
19) [7,14],  9202 ms
20) [11,15],  14226 ms
21) [11,17],  31 ms
22) [8,16],  15008 ms
23) [9,15],  10033 ms
24) [12,18],  14999 ms
25) [12,16],  15001 ms
26) [7,13],  10097 ms
27) [5,13],  7406 ms
28) [8,15],  14312 ms
29) [13,12],  13448 ms
30) [13,13],  6355 ms
31) [11,9],  4431 ms
32) [14,12],  11361 ms
33) [13,9],  1011 ms
34) [10,9],  9755 ms
35) [12,8],  548 ms
36) [10,10],  6239 ms
37) [13,8],  25 ms
38) [13,10],  23 ms
39) [12,10],  15010 ms
40) [12,14],  38 ms
41) [15,11],  26 ms
42) [10,8],  26 ms
43) [10,7],  26 ms
44) [9,8],  25 ms
45) [8,7],  25 ms
46) [14,10],  26 ms
47) [11,11],  25 ms
48) [14,8],  26 ms
49) [9,13],  25 ms

pela 15.0 wins

pela 15.0:  5120 ms/turn
pela 15.0:  4778 ms/turn
