 0) [8,9],  33 ms
 1) [9,8],  25 ms
 2) [9,10],  25 ms
 3) [7,8],  27 ms
 4) [10,9],  25 ms
 5) [8,11],  25 ms
 6) [6,8],  15046 ms
 7) [11,9],  13484 ms
 8) [7,9],  7916 ms
 9) [6,9],  13985 ms
10) [9,6],  14102 ms
11) [9,11],  15008 ms
12) [10,11],  15009 ms
13) [11,12],  14999 ms
14) [9,12],  8124 ms
15) [11,10],  6489 ms
16) [11,11],  14998 ms
17) [10,10],  7423 ms
18) [12,8],  5909 ms
19) [10,6],  14996 ms
20) [9,13],  5340 ms
21) [12,10],  11781 ms
22) [14,10],  9977 ms
23) [13,11],  11817 ms
24) [14,12],  6601 ms
25) [14,11],  6453 ms
26) [10,8],  6197 ms
27) [13,10],  15021 ms
28) [13,12],  6781 ms
29) [5,7],  13945 ms
30) [5,10],  4658 ms
31) [4,7],  6896 ms
32) [5,8],  4021 ms
33) [5,6],  9251 ms
34) [3,7],  2428 ms
35) [16,12],  5829 ms
36) [16,11],  2179 ms
37) [12,7],  13782 ms
38) [10,13],  2197 ms
39) [8,13],  4995 ms
40) [8,12],  6938 ms
41) [7,11],  15039 ms
42) [5,11],  2006 ms
43) [5,12],  15013 ms
44) [6,10],  27 ms
45) [8,8],  32 ms
46) [4,12],  27 ms
47) [3,13],  25 ms
48) [7,10],  27 ms
49) [8,10],  25 ms
50) [3,10],  26 ms
51) [4,10],  25 ms
52) [4,9],  27 ms
53) [6,7],  10758 ms
54) [2,11],  25 ms
55) [1,12],  26 ms
56) [7,7],  5622 ms
57) [3,8],  15048 ms
58) [6,5],  2392 ms
59) [13,8],  5560 ms
60) [13,9],  1494 ms
61) [14,7],  1206 ms
62) [12,9],  1885 ms
63) [14,9],  34 ms
64) [11,7],  2128 ms
65) [15,11],  24 ms
66) [11,6],  2543 ms
67) [15,8],  25 ms
68) [12,11],  25 ms
69) [16,7],  24 ms
70) [17,6],  25 ms
71) [15,7],  25 ms
72) [13,7],  24 ms
73) [15,10],  25 ms
74) [15,9],  25 ms
75) [18,7],  25 ms
76) [17,7],  60 ms
77) [16,9],  25 ms
78) [17,8],  25 ms
79) [13,6],  25 ms
80) [17,10],  24 ms
81) [12,5],  25 ms

pela 15.0 wins

pela 15.0:  3827 ms/turn
pela 15.0:  6079 ms/turn
