 0) [9,8],  25 ms
 1) [8,9],  26 ms
 2) [8,7],  25 ms
 3) [10,9],  25 ms
 4) [7,8],  25 ms
 5) [9,6],  25 ms
 6) [11,9],  7348 ms
 7) [6,8],  12639 ms
 8) [11,8],  8367 ms
 9) [10,8],  15025 ms
10) [10,6],  9752 ms
11) [11,7],  5720 ms
12) [8,10],  10588 ms
13) [5,9],  5532 ms
14) [4,10],  4873 ms
15) [4,9],  15038 ms
16) [6,9],  11528 ms
17) [4,11],  10626 ms
18) [2,9],  15019 ms
19) [5,7],  13365 ms
20) [4,6],  5326 ms
21) [9,5],  15002 ms
22) [7,7],  7939 ms
23) [7,6],  4847 ms
24) [6,7],  5652 ms
25) [9,7],  4435 ms
26) [9,4],  13359 ms
27) [7,5],  15046 ms
28) [6,6],  11309 ms
29) [4,4],  8940 ms
30) [6,4],  2737 ms
31) [6,3],  6289 ms
32) [8,5],  4080 ms
33) [8,4],  14993 ms
34) [10,10],  8877 ms
35) [9,11],  5180 ms
36) [7,10],  7600 ms
37) [6,10],  15008 ms
38) [5,8],  6500 ms
39) [4,7],  7827 ms
40) [11,10],  1824 ms
41) [9,10],  26 ms
42) [9,12],  1316 ms
43) [8,11],  25 ms
44) [7,11],  1114 ms
45) [7,9],  25 ms
46) [11,11],  98 ms
47) [11,12],  26 ms
48) [10,11],  146 ms
49) [8,13],  99 ms
50) [12,9],  34 ms
51) [13,8],  26 ms
52) [13,10],  29 ms
53) [14,11],  14996 ms
54) [12,12],  27 ms
55) [12,10],  26 ms
56) [9,9],  26 ms
57) [13,13],  25 ms
58) [8,8],  26 ms

pela 15.0 wins

pela 15.0:  4852 ms/turn
pela 15.0:  6581 ms/turn
