 0) [12,10],  24 ms
 1) [12,9],  24 ms
 2) [11,8],  24 ms
 3) [11,9],  24 ms
 4) [13,9],  25 ms
 5) [13,8],  24 ms
 6) [11,10],  14990 ms
 7) [14,10],  7406 ms
 8) [9,10],  15007 ms
 9) [10,10],  14181 ms
10) [9,11],  6042 ms
11) [9,9],  14997 ms
12) [11,11],  1600 ms
13) [10,12],  9911 ms
14) [10,11],  393 ms
15) [8,11],  4642 ms
16) [12,11],  1639 ms
17) [13,11],  24 ms
18) [11,12],  589 ms
19) [12,13],  4607 ms
20) [9,14],  55 ms
21) [10,13],  9171 ms
22) [11,13],  26 ms
23) [11,14],  25 ms
24) [9,12],  26 ms
25) [9,13],  24 ms
26) [14,11],  7260 ms
27) [7,14],  15012 ms
28) [8,9],  15000 ms
29) [7,8],  24 ms
30) [10,15],  8366 ms
31) [7,11],  14268 ms
32) [14,8],  15000 ms
33) [15,7],  26 ms
34) [7,12],  15007 ms
35) [8,13],  4618 ms
36) [8,12],  7976 ms
37) [6,13],  28 ms
38) [7,13],  26 ms
39) [4,11],  27 ms
40) [5,12],  28 ms
41) [6,12],  26 ms
42) [8,10],  26 ms
43) [6,11],  26 ms
44) [5,11],  25 ms
45) [6,9],  26 ms
46) [6,10],  26 ms
47) [5,10],  25 ms
48) [8,7],  26 ms
49) [3,12],  26 ms

pela 15.0 wins

pela 15.0:  3967 ms/turn
pela 15.0:  4368 ms/turn
