 0) [12,8],  25 ms
 1) [12,7],  25 ms
 2) [13,8],  24 ms
 3) [14,8],  42 ms
 4) [12,9],  13936 ms
 5) [11,10],  9779 ms
 6) [12,12],  5278 ms
 7) [12,11],  9318 ms
 8) [10,9],  15016 ms
 9) [11,9],  7338 ms
10) [11,12],  5413 ms
11) [10,12],  14688 ms
12) [10,11],  14520 ms
13) [12,13],  8567 ms
14) [12,10],  7524 ms
15) [12,6],  5983 ms
16) [11,6],  8967 ms
17) [14,5],  6224 ms
18) [13,7],  11480 ms
19) [12,5],  5983 ms
20) [14,6],  5184 ms
21) [13,5],  15019 ms
22) [15,5],  8983 ms
23) [16,4],  25 ms
24) [12,3],  5218 ms
25) [15,4],  25 ms
26) [11,8],  11203 ms
27) [10,8],  11706 ms
28) [14,4],  9592 ms
29) [13,10],  7450 ms
30) [16,3],  4254 ms
31) [14,11],  14999 ms
32) [13,12],  7504 ms
33) [13,13],  15028 ms
34) [11,13],  5525 ms
35) [14,10],  11516 ms
36) [14,12],  3663 ms
37) [15,12],  24 ms
38) [15,11],  5244 ms
39) [16,10],  2821 ms
40) [16,11],  3888 ms
41) [15,9],  12904 ms
42) [14,9],  1401 ms
43) [17,11],  40 ms
44) [18,12],  23 ms
45) [17,10],  32 ms
46) [15,10],  24 ms
47) [17,12],  23 ms
48) [17,13],  2549 ms
49) [16,8],  29 ms
50) [17,7],  2654 ms
51) [16,13],  24 ms
52) [17,14],  24 ms
53) [17,8],  23 ms
54) [17,9],  24 ms
55) [16,6],  24 ms
56) [16,7],  1132 ms
57) [15,8],  25 ms
58) [18,8],  23 ms
59) [18,11],  24 ms
60) [15,14],  24 ms
61) [16,9],  23 ms
62) [19,12],  23 ms
63) [14,7],  24 ms

pela 15.0 wins

pela 15.0:  5010 ms/turn
pela 15.0:  4992 ms/turn
