 0) [12,10],  26 ms
 1) [11,9],  25 ms
 2) [12,11],  25 ms
 3) [12,12],  25 ms
 4) [13,10],  13198 ms
 5) [14,10],  25 ms
 6) [14,12],  5003 ms
 7) [14,9],  10392 ms
 8) [15,9],  8755 ms
 9) [10,10],  11887 ms
10) [12,8],  15034 ms
11) [12,9],  7894 ms
12) [11,11],  4746 ms
13) [13,11],  14986 ms
14) [10,9],  9961 ms
15) [14,8],  10733 ms
16) [14,7],  15027 ms
17) [9,8],  6081 ms
18) [12,14],  8434 ms
19) [11,15],  7448 ms
20) [10,14],  5278 ms
21) [9,14],  8574 ms
22) [8,11],  8722 ms
23) [9,11],  11713 ms
24) [8,12],  4624 ms
25) [10,12],  15023 ms
26) [9,12],  11626 ms
27) [10,13],  15016 ms
28) [15,8],  9938 ms
29) [15,10],  14200 ms
30) [9,10],  1179 ms
31) [7,12],  4873 ms
32) [13,6],  438 ms
33) [12,5],  6804 ms
34) [12,7],  231 ms
35) [11,8],  25 ms
36) [15,7],  261 ms
37) [13,7],  12009 ms
38) [15,6],  76 ms
39) [15,5],  25 ms
40) [16,5],  37 ms
41) [17,4],  15001 ms
42) [16,9],  26 ms
43) [17,10],  25 ms
44) [16,6],  28 ms
45) [14,6],  9277 ms
46) [16,7],  27 ms
47) [16,8],  25 ms
48) [18,9],  27 ms
49) [16,4],  15003 ms
50) [17,3],  25 ms
51) [14,5],  11152 ms
52) [18,7],  25 ms
53) [17,7],  27 ms
54) [11,5],  4475 ms
55) [8,15],  27 ms
56) [7,16],  25 ms
57) [10,15],  28 ms
58) [8,13],  26 ms
59) [9,15],  25 ms
60) [12,15],  26 ms
61) [7,15],  24 ms

pela 15.0 wins

pela 15.0:  4107 ms/turn
pela 15.0:  6721 ms/turn
