 0) [12,10],  26 ms
 1) [13,11],  26 ms
 2) [11,11],  26 ms
 3) [13,9],  34 ms
 4) [12,12],  26 ms
 5) [10,10],  26 ms
 6) [13,8],  15012 ms
 7) [12,13],  10235 ms
 8) [12,8],  6210 ms
 9) [12,9],  15041 ms
10) [10,9],  7775 ms
11) [11,8],  15023 ms
12) [14,11],  7801 ms
13) [13,14],  5634 ms
14) [14,15],  4510 ms
15) [14,12],  15031 ms
16) [12,14],  15030 ms
17) [15,14],  12368 ms
18) [16,14],  15004 ms
19) [15,11],  13733 ms
20) [13,13],  4455 ms
21) [15,15],  13282 ms
22) [15,13],  10533 ms
23) [11,7],  11359 ms
24) [10,12],  15001 ms
25) [11,13],  8132 ms
26) [13,12],  15009 ms
27) [9,12],  2745 ms
28) [10,7],  12267 ms
29) [14,13],  6381 ms
30) [8,13],  5768 ms
31) [8,11],  7264 ms
32) [9,10],  5791 ms
33) [7,11],  6241 ms
34) [7,10],  14995 ms
35) [8,9],  5343 ms
36) [15,10],  5741 ms
37) [17,9],  3444 ms
38) [16,10],  15004 ms
39) [16,9],  1556 ms
40) [10,15],  15014 ms
41) [8,14],  3860 ms
42) [8,12],  6613 ms
43) [17,10],  1200 ms
44) [16,11],  6012 ms
45) [14,9],  1231 ms
46) [15,9],  26 ms
47) [16,12],  982 ms
48) [17,13],  15021 ms
49) [9,15],  1034 ms
50) [12,15],  4777 ms
51) [11,15],  2099 ms
52) [5,11],  15029 ms
53) [12,6],  1254 ms
54) [11,5],  5271 ms
55) [14,6],  1169 ms
56) [14,8],  15041 ms
57) [17,11],  829 ms
58) [17,8],  4232 ms
59) [9,14],  1058 ms
60) [9,13],  4712 ms
61) [10,14],  1763 ms
62) [7,14],  15048 ms
63) [14,5],  497 ms
64) [13,5],  15004 ms
65) [8,10],  764 ms
66) [8,16],  7787 ms
67) [7,13],  1325 ms
68) [10,16],  5730 ms
69) [9,16],  1145 ms
70) [15,8],  14730 ms
71) [16,8],  26 ms
72) [18,10],  11929 ms
73) [14,4],  341 ms
74) [14,3],  7778 ms
75) [15,4],  355 ms
76) [13,6],  15000 ms
77) [13,4],  891 ms
78) [16,4],  13826 ms
79) [11,4],  752 ms
80) [12,4],  26 ms
81) [12,3],  479 ms
82) [11,2],  6119 ms
83) [16,7],  496 ms
84) [15,6],  26 ms
85) [15,7],  26 ms
86) [8,8],  14995 ms
87) [9,7],  501 ms
88) [16,6],  14999 ms
89) [8,15],  144 ms
90) [14,2],  10625 ms
91) [13,3],  404 ms
92) [10,8],  9423 ms
93) [15,3],  114 ms
94) [10,5],  15027 ms
95) [10,6],  28 ms
96) [10,18],  10831 ms
97) [10,17],  189 ms
98) [11,18],  15000 ms
99) [12,18],  241 ms
100) [5,13],  12421 ms
101) [8,6],  276 ms
102) [4,12],  12579 ms
103) [11,6],  120 ms
104) [9,6],  25 ms
105) [9,17],  214 ms
106) [9,18],  24 ms
107) [11,9],  180 ms
108) [11,10],  24 ms
109) [9,8],  28 ms
110) [5,10],  27 ms
111) [5,12],  25 ms
112) [6,14],  25 ms
113) [7,15],  24 ms
114) [6,10],  25 ms
115) [7,9],  25 ms
116) [3,11],  24 ms
117) [2,10],  25 ms
118) [3,10],  24 ms
119) [4,10],  24 ms
120) [3,13],  46 ms
121) [2,14],  24 ms
122) [3,12],  25 ms
123) [3,14],  24 ms
124) [3,9],  26 ms

pela 15.0 wins

pela 15.0:  2888 ms/turn
pela 15.0:  7887 ms/turn
