 0) [10,11],  25 ms
 1) [11,12],  24 ms
 2) [11,10],  25 ms
 3) [9,12],  24 ms
 4) [12,10],  25 ms
 5) [9,11],  24 ms
 6) [12,12],  25 ms
 7) [9,10],  24 ms
 8) [9,13],  5227 ms
 9) [12,11],  15027 ms
10) [9,9],  10807 ms
11) [11,11],  4634 ms
12) [8,11],  5088 ms
13) [14,10],  15007 ms
14) [10,14],  15010 ms
15) [8,12],  13006 ms
16) [7,12],  5479 ms
17) [9,15],  4953 ms
18) [12,9],  6440 ms
19) [11,9],  8433 ms
20) [10,10],  5001 ms
21) [10,13],  15047 ms
22) [9,14],  9712 ms
23) [14,7],  14846 ms
24) [14,9],  5205 ms
25) [11,14],  6843 ms
26) [11,13],  6616 ms
27) [6,11],  4628 ms
28) [12,7],  9431 ms
29) [12,6],  10583 ms
30) [11,8],  6006 ms
31) [10,9],  9127 ms
32) [13,7],  5033 ms
33) [10,7],  6447 ms
34) [12,16],  9567 ms
35) [13,17],  2492 ms
36) [9,8],  11855 ms
37) [7,13],  2816 ms
38) [6,14],  4994 ms
39) [13,6],  3043 ms
40) [12,15],  5064 ms
41) [12,14],  3487 ms
42) [15,8],  15040 ms
43) [13,8],  4717 ms
44) [10,6],  15018 ms
45) [8,8],  2442 ms
46) [9,5],  6716 ms
47) [9,7],  3438 ms
48) [4,14],  14999 ms
49) [5,14],  3411 ms
50) [6,16],  9099 ms
51) [8,14],  1227 ms
52) [6,12],  11691 ms
53) [5,13],  1837 ms
54) [5,12],  15004 ms
55) [4,12],  3187 ms
56) [11,16],  8709 ms
57) [10,15],  1646 ms
58) [10,16],  5579 ms
59) [13,16],  994 ms
60) [8,15],  7500 ms
61) [9,16],  1347 ms
62) [12,13],  7714 ms
63) [6,17],  1043 ms
64) [13,15],  15032 ms
65) [15,13],  896 ms
66) [7,18],  8685 ms
67) [8,18],  1904 ms
68) [8,6],  15001 ms
69) [8,4],  1641 ms
70) [15,9],  15000 ms
71) [13,9],  415 ms
72) [15,11],  14992 ms
73) [15,10],  547 ms
74) [16,10],  6105 ms
75) [17,9],  1255 ms
76) [17,11],  34 ms
77) [14,8],  23 ms
78) [18,11],  91 ms
79) [16,11],  625 ms
80) [15,15],  29 ms
81) [14,15],  488 ms
82) [18,12],  26 ms
83) [19,13],  23 ms
84) [17,13],  28 ms
85) [16,14],  890 ms
86) [18,14],  26 ms
87) [18,13],  373 ms
88) [17,12],  25 ms
89) [17,14],  23 ms
90) [16,12],  23 ms
91) [19,15],  23 ms
92) [15,12],  22 ms
93) [19,12],  23 ms
94) [14,12],  23 ms

pela 15.0 wins

pela 15.0:  3722 ms/turn
pela 15.0:  6642 ms/turn
