 0) [8,11],  26 ms
 1) [8,12],  27 ms
 2) [7,11],  27 ms
 3) [6,11],  25 ms
 4) [8,10],  9372 ms
 5) [9,9],  15011 ms
 6) [8,7],  15007 ms
 7) [8,8],  9191 ms
 8) [10,10],  5262 ms
 9) [9,10],  6986 ms
10) [9,8],  14997 ms
11) [7,6],  6313 ms
12) [6,6],  10385 ms
13) [7,9],  4873 ms
14) [6,9],  11983 ms
15) [7,8],  4188 ms
16) [7,7],  6892 ms
17) [6,7],  11014 ms
18) [8,9],  14995 ms
19) [10,7],  11434 ms
20) [5,8],  9552 ms
21) [7,10],  14993 ms
22) [5,9],  12098 ms
23) [4,8],  6325 ms
24) [10,11],  13334 ms
25) [9,13],  12831 ms
26) [9,7],  7322 ms
27) [11,13],  3985 ms
28) [9,12],  5999 ms
29) [8,13],  10391 ms
30) [10,13],  7931 ms
31) [10,9],  8944 ms
32) [9,5],  7998 ms
33) [8,6],  3112 ms
34) [5,5],  6261 ms
35) [9,6],  7193 ms
36) [11,6],  5938 ms
37) [5,6],  6169 ms
38) [13,8],  5172 ms
39) [12,9],  5285 ms
40) [11,8],  7459 ms
41) [11,9],  4541 ms
42) [13,9],  26 ms
43) [4,5],  1627 ms
44) [3,4],  26 ms
45) [12,8],  2350 ms
46) [11,11],  991 ms
47) [9,11],  25 ms
48) [13,7],  214 ms
49) [13,6],  1338 ms
50) [12,7],  315 ms
51) [14,9],  29 ms
52) [14,8],  31 ms
53) [12,10],  2023 ms
54) [15,9],  31 ms
55) [12,6],  838 ms
56) [10,14],  94 ms
57) [10,12],  26 ms
58) [13,11],  38 ms
59) [13,10],  26 ms
60) [3,3],  26 ms
61) [4,4],  47 ms
62) [11,14],  68 ms
63) [12,15],  26 ms
64) [10,5],  27 ms
65) [9,4],  26 ms
66) [12,11],  5897 ms
67) [14,11],  26 ms
68) [8,5],  10863 ms
69) [15,12],  2246 ms
70) [16,13],  26 ms
71) [4,7],  2394 ms
72) [4,6],  26 ms
73) [12,14],  2022 ms
74) [13,15],  26 ms
75) [11,5],  1635 ms
76) [15,7],  32 ms
77) [14,7],  28 ms
78) [16,10],  30 ms
79) [17,11],  27 ms
80) [16,8],  30 ms
81) [14,10],  28 ms
82) [15,8],  27 ms
83) [17,8],  31 ms
84) [15,6],  27 ms
85) [15,10],  26 ms
86) [15,5],  27 ms

pela 15.0 wins

pela 15.0:  3945 ms/turn
pela 15.0:  4475 ms/turn
