 0) [8,9],  23 ms
 1) [9,8],  24 ms
 2) [7,8],  23 ms
 3) [9,10],  25 ms
 4) [8,7],  23 ms
 5) [6,9],  23 ms
 6) [9,11],  4594 ms
 7) [8,6],  13112 ms
 8) [8,11],  7577 ms
 9) [8,10],  15005 ms
10) [6,10],  8686 ms
11) [7,11],  5501 ms
12) [10,8],  10359 ms
13) [9,5],  15012 ms
14) [10,10],  6533 ms
15) [11,9],  15047 ms
16) [7,7],  14997 ms
17) [9,7],  6185 ms
18) [9,6],  10562 ms
19) [7,6],  12370 ms
20) [9,9],  9728 ms
21) [8,8],  5781 ms
22) [10,4],  6112 ms
23) [11,7],  7584 ms
24) [10,6],  7257 ms
25) [10,5],  15011 ms
26) [11,5],  6043 ms
27) [10,7],  8352 ms
28) [12,4],  12498 ms
29) [13,3],  4983 ms
30) [11,8],  10751 ms
31) [13,4],  13267 ms
32) [12,7],  3409 ms
33) [12,6],  13550 ms
34) [13,2],  8572 ms
35) [9,4],  8176 ms
36) [11,6],  6774 ms
37) [13,5],  15022 ms
38) [14,4],  4771 ms
39) [8,3],  9938 ms
40) [8,5],  4797 ms
41) [7,3],  11906 ms
42) [7,2],  4243 ms
43) [5,3],  171 ms
44) [6,3],  3840 ms
45) [6,4],  67 ms
46) [7,5],  23 ms
47) [5,5],  42 ms
48) [4,6],  2468 ms
49) [9,1],  25 ms
50) [8,2],  24 ms
51) [13,6],  26 ms
52) [13,7],  23 ms
53) [9,2],  12012 ms
54) [9,3],  24 ms
55) [7,1],  23 ms
56) [5,4],  3102 ms
57) [4,5],  7271 ms
58) [3,5],  1999 ms
59) [5,2],  5837 ms
60) [6,1],  1353 ms
61) [14,3],  15003 ms
62) [10,1],  2703 ms
63) [10,2],  15001 ms
64) [3,6],  2213 ms
65) [5,7],  14991 ms
66) [12,2],  683 ms
67) [3,7],  6604 ms
68) [4,7],  1157 ms
69) [2,6],  10670 ms
70) [16,3],  1281 ms
71) [2,3],  8677 ms
72) [5,6],  1054 ms
73) [3,8],  6704 ms
74) [2,7],  1375 ms
75) [2,2],  6472 ms
76) [8,1],  564 ms
77) [9,0],  24 ms
78) [4,2],  724 ms
79) [4,8],  8504 ms
80) [5,9],  1009 ms
81) [3,3],  195 ms
82) [4,4],  654 ms
83) [1,5],  28 ms
84) [0,4],  25 ms
85) [1,8],  29 ms
86) [2,8],  320 ms
87) [1,6],  27 ms
88) [1,7],  486 ms
89) [4,3],  26 ms
90) [1,3],  25 ms
91) [2,5],  24 ms
92) [3,4],  25 ms
93) [2,4],  25 ms

pela 15.0 wins

pela 15.0:  3733 ms/turn
pela 15.0:  6688 ms/turn
