 0) [9,11],  26 ms
 1) [10,10],  26 ms
 2) [9,12],  27 ms
 3) [9,13],  26 ms
 4) [8,11],  7875 ms
 5) [10,11],  28 ms
 6) [10,14],  8756 ms
 7) [11,14],  11657 ms
 8) [10,9],  15000 ms
 9) [9,10],  8075 ms
10) [12,13],  12292 ms
11) [8,8],  15025 ms
12) [7,7],  15035 ms
13) [6,10],  14646 ms
14) [8,10],  5379 ms
15) [7,9],  9821 ms
16) [5,11],  12202 ms
17) [7,11],  14998 ms
18) [5,9],  10587 ms
19) [8,12],  15040 ms
20) [11,13],  6389 ms
21) [12,14],  6908 ms
22) [11,10],  5964 ms
23) [12,11],  7433 ms
24) [9,7],  5977 ms
25) [8,7],  10894 ms
26) [11,9],  12708 ms
27) [8,6],  9360 ms
28) [11,11],  4161 ms
29) [11,12],  24 ms
30) [8,9],  6256 ms
31) [12,9],  4524 ms
32) [13,11],  628 ms
33) [12,12],  3011 ms
34) [12,10],  32 ms
35) [10,8],  24 ms
36) [13,9],  32 ms
37) [8,5],  6809 ms
38) [8,4],  24 ms
39) [14,8],  5998 ms
40) [13,13],  26 ms
41) [15,13],  3716 ms
42) [13,10],  27 ms
43) [13,12],  31 ms
44) [14,13],  27 ms
45) [10,13],  28 ms
46) [11,7],  25 ms
47) [11,8],  26 ms
48) [14,10],  25 ms
49) [15,10],  26 ms
50) [12,8],  25 ms
51) [15,11],  25 ms
52) [10,6],  24 ms

pela 15.0 wins

pela 15.0:  5699 ms/turn
pela 15.0:  4797 ms/turn
