 0) [11,12],  30 ms
 1) [12,12],  29 ms
 2) [13,13],  28 ms
 3) [12,13],  61 ms
 4) [12,14],  29 ms
 5) [11,14],  29 ms
 6) [13,12],  30 ms
 7) [13,15],  7943 ms
 8) [13,10],  15055 ms
 9) [13,11],  13645 ms
10) [14,10],  6141 ms
11) [12,10],  15012 ms
12) [14,12],  2151 ms
13) [15,11],  15006 ms
14) [14,11],  411 ms
15) [14,9],  4920 ms
16) [14,13],  1884 ms
17) [14,14],  26 ms
18) [15,12],  589 ms
19) [16,13],  6627 ms
20) [17,10],  56 ms
21) [16,11],  14679 ms
22) [16,12],  30 ms
23) [17,12],  26 ms
24) [15,10],  26 ms
25) [16,10],  26 ms
26) [14,15],  9278 ms
27) [17,8],  13504 ms
28) [12,9],  8338 ms
29) [11,8],  26 ms
30) [16,7],  11101 ms
31) [14,8],  9955 ms
32) [15,9],  15003 ms
33) [10,14],  11220 ms
34) [9,15],  12983 ms
35) [10,16],  6409 ms
36) [10,13],  12562 ms
37) [12,11],  8699 ms
38) [11,15],  9015 ms
39) [8,13],  2065 ms
40) [11,11],  6412 ms
41) [12,7],  2239 ms
42) [13,6],  6241 ms
43) [17,14],  6841 ms
44) [12,16],  15016 ms
45) [9,16],  1831 ms
46) [8,17],  4604 ms
47) [7,14],  2226 ms
48) [8,15],  9104 ms
49) [10,15],  3378 ms
50) [9,14],  15000 ms
51) [7,16],  25 ms
52) [8,16],  7070 ms
53) [8,18],  4749 ms
54) [9,12],  6988 ms
55) [16,14],  1435 ms
56) [15,14],  9442 ms
57) [13,8],  3903 ms
58) [12,8],  15000 ms
59) [17,13],  3353 ms
60) [17,15],  15016 ms
61) [17,16],  1859 ms
62) [7,17],  6641 ms
63) [6,18],  848 ms
64) [15,8],  9976 ms
65) [15,6],  2495 ms
66) [10,6],  5268 ms
67) [11,7],  788 ms
68) [11,6],  15007 ms
69) [12,6],  1448 ms
70) [14,7],  165 ms
71) [16,9],  25 ms
72) [12,5],  533 ms
73) [11,4],  26 ms
74) [10,7],  192 ms
75) [10,17],  865 ms
76) [10,18],  26 ms
77) [13,4],  584 ms
78) [10,9],  95 ms
79) [10,10],  1616 ms
80) [9,11],  26 ms
81) [9,13],  26 ms
82) [8,9],  26 ms
83) [9,8],  26 ms
84) [10,8],  27 ms
85) [10,5],  26 ms
86) [9,9],  26 ms
87) [11,9],  72 ms
88) [6,9],  24 ms
89) [7,9],  25 ms
90) [8,11],  25 ms
91) [7,10],  24 ms
92) [7,11],  26 ms
93) [10,11],  25 ms
94) [8,10],  25 ms
95) [6,12],  24 ms
96) [8,8],  25 ms
97) [8,12],  25 ms
98) [8,7],  25 ms

pela 15.0 wins

pela 15.0:  3483 ms/turn
pela 15.0:  5055 ms/turn
