 0) [11,9],  26 ms
 1) [11,8],  25 ms
 2) [12,9],  25 ms
 3) [13,9],  26 ms
 4) [14,8],  15001 ms
 5) [13,6],  14999 ms
 6) [12,7],  9082 ms
 7) [12,8],  15063 ms
 8) [14,7],  5114 ms
 9) [11,10],  4970 ms
10) [10,8],  4833 ms
11) [13,7],  4915 ms
12) [13,8],  15049 ms
13) [14,9],  6347 ms
14) [11,7],  10117 ms
15) [9,7],  15005 ms
16) [15,8],  14998 ms
17) [15,6],  8414 ms
18) [14,5],  9005 ms
19) [9,9],  15050 ms
20) [9,10],  6112 ms
21) [8,8],  8753 ms
22) [7,7],  3930 ms
23) [9,8],  9767 ms
24) [10,6],  12378 ms
25) [14,4],  5917 ms
26) [14,6],  7871 ms
27) [16,8],  7984 ms
28) [9,5],  9510 ms
29) [10,4],  5703 ms
30) [7,8],  8127 ms
31) [7,6],  6378 ms
32) [12,11],  2223 ms
33) [8,4],  12760 ms
34) [8,7],  4694 ms
35) [6,9],  4598 ms
36) [7,4],  2700 ms
37) [5,8],  10866 ms
38) [7,10],  5595 ms
39) [6,7],  701 ms
40) [7,9],  4799 ms
41) [7,11],  25 ms
42) [8,5],  4148 ms
43) [3,10],  85 ms
44) [4,9],  24 ms
45) [6,10],  88 ms
46) [6,8],  1142 ms
47) [5,9],  36 ms
48) [8,12],  1378 ms
49) [3,7],  30 ms
50) [4,8],  24 ms
51) [3,9],  29 ms
52) [3,8],  1601 ms
53) [5,11],  28 ms
54) [5,10],  26 ms
55) [6,11],  24 ms
56) [4,11],  24 ms
57) [6,12],  25 ms
58) [6,13],  24 ms
59) [4,10],  24 ms
60) [7,13],  25 ms
61) [2,8],  24 ms

pela 15.0 wins

pela 15.0:  5148 ms/turn
pela 15.0:  5118 ms/turn
