 0) [9,9],  26 ms
 1) [9,10],  26 ms
 2) [8,10],  26 ms
 3) [8,9],  44 ms
 4) [7,8],  26 ms
 5) [7,9],  25 ms
 6) [6,8],  26 ms
 7) [8,8],  26 ms
 8) [4,10],  26 ms
 9) [5,9],  9810 ms
10) [4,9],  5159 ms
11) [4,11],  10170 ms
12) [6,10],  12951 ms
13) [6,11],  15035 ms
14) [5,12],  15033 ms
15) [5,10],  15001 ms
16) [6,7],  13224 ms
17) [6,6],  13611 ms
18) [10,8],  12743 ms
19) [11,7],  9854 ms
20) [7,7],  15000 ms
21) [7,6],  5056 ms
22) [8,6],  10990 ms
23) [9,7],  11674 ms
24) [11,5],  13356 ms
25) [9,5],  11619 ms
26) [5,11],  3898 ms
27) [6,12],  7396 ms
28) [12,7],  11068 ms
29) [8,4],  5292 ms
30) [7,3],  9477 ms
31) [9,4],  4885 ms
32) [9,6],  3715 ms
33) [10,6],  8005 ms
34) [12,8],  25 ms
35) [12,9],  7012 ms
36) [9,3],  3225 ms
37) [8,2],  10280 ms
38) [10,4],  7141 ms
39) [13,7],  5022 ms
40) [4,7],  4467 ms
41) [5,7],  4588 ms
42) [4,8],  1833 ms
43) [4,6],  25 ms
44) [5,6],  3658 ms
45) [3,8],  6143 ms
46) [8,3],  3192 ms
47) [6,3],  14996 ms
48) [11,4],  572 ms
49) [11,3],  14997 ms
50) [11,8],  208 ms
51) [13,8],  7921 ms
52) [13,6],  184 ms
53) [14,5],  9695 ms
54) [10,5],  28 ms
55) [8,7],  26 ms
56) [12,3],  3752 ms
57) [13,2],  26 ms
58) [12,5],  3021 ms
59) [10,3],  5691 ms
60) [11,2],  2310 ms
61) [7,4],  14993 ms
62) [5,4],  942 ms
63) [14,9],  7060 ms
64) [14,7],  1178 ms
65) [15,8],  24 ms
66) [13,9],  1580 ms
67) [3,5],  4880 ms
68) [2,4],  920 ms
69) [3,4],  8457 ms
70) [5,2],  1835 ms
71) [15,10],  5447 ms
72) [12,4],  650 ms
73) [12,6],  24 ms
74) [5,5],  1058 ms
75) [5,3],  24 ms
76) [14,4],  762 ms
77) [13,4],  27 ms
78) [12,2],  984 ms
79) [12,1],  25 ms
80) [16,7],  106 ms
81) [15,11],  179 ms
82) [15,9],  1268 ms
83) [16,11],  29 ms
84) [17,12],  25 ms
85) [14,11],  30 ms
86) [13,11],  1207 ms
87) [16,9],  26 ms
88) [17,8],  834 ms
89) [12,13],  24 ms
90) [13,12],  24 ms
91) [11,12],  24 ms
92) [10,11],  24 ms
93) [18,11],  25 ms
94) [17,11],  24 ms
95) [13,10],  24 ms
96) [12,11],  25 ms
97) [17,10],  23 ms
98) [19,12],  25 ms
99) [14,10],  24 ms
100) [16,10],  24 ms
101) [15,12],  24 ms
102) [16,13],  65 ms
103) [14,12],  24 ms
104) [14,13],  24 ms
105) [14,8],  25 ms

pela 15.0 wins

pela 15.0:  3281 ms/turn
pela 15.0:  4818 ms/turn
