 0) [9,8],  32 ms
 1) [9,7],  27 ms
 2) [8,8],  27 ms
 3) [7,8],  27 ms
 4) [9,9],  15004 ms
 5) [10,10],  6913 ms
 6) [9,12],  15011 ms
 7) [9,11],  9282 ms
 8) [11,9],  7780 ms
 9) [10,9],  7459 ms
10) [10,12],  14718 ms
11) [11,12],  14433 ms
12) [11,11],  13714 ms
13) [9,13],  8559 ms
14) [9,10],  6667 ms
15) [9,6],  4901 ms
16) [10,6],  8006 ms
17) [7,5],  5924 ms
18) [8,7],  12137 ms
19) [9,5],  6580 ms
20) [7,6],  7488 ms
21) [8,5],  15038 ms
22) [6,5],  11344 ms
23) [5,4],  26 ms
24) [8,6],  3543 ms
25) [6,3],  12246 ms
26) [8,9],  6439 ms
27) [8,10],  26 ms
28) [10,7],  7621 ms
29) [11,6],  13433 ms
30) [10,5],  6109 ms
31) [10,4],  14998 ms
32) [7,10],  4721 ms
33) [6,11],  26 ms
34) [9,3],  2180 ms
35) [5,2],  31 ms
36) [7,4],  31 ms
37) [7,2],  29 ms
38) [4,5],  362 ms
39) [6,2],  30 ms
40) [8,2],  29 ms
41) [5,3],  28 ms
42) [5,1],  26 ms
43) [3,2],  28 ms
44) [4,2],  26 ms
45) [3,3],  37 ms
46) [4,3],  26 ms
47) [4,4],  26 ms
48) [3,5],  26 ms
49) [5,5],  26 ms
50) [5,6],  25 ms
51) [2,2],  26 ms
52) [6,6],  25 ms
53) [1,1],  26 ms

pela 15.0 wins

pela 15.0:  5300 ms/turn
pela 15.0:  4451 ms/turn
