 0) [12,11],  25 ms
 1) [12,10],  26 ms
 2) [13,9],  26 ms
 3) [13,10],  41 ms
 4) [11,10],  25 ms
 5) [11,9],  24 ms
 6) [13,11],  25 ms
 7) [10,11],  6771 ms
 8) [15,11],  15028 ms
 9) [14,11],  13900 ms
10) [15,12],  6680 ms
11) [15,10],  15013 ms
12) [13,12],  1954 ms
13) [14,13],  5560 ms
14) [14,12],  468 ms
15) [16,12],  6262 ms
16) [12,12],  2096 ms
17) [11,12],  25 ms
18) [13,13],  829 ms
19) [12,14],  7272 ms
20) [15,15],  55 ms
21) [14,14],  14357 ms
22) [13,14],  76 ms
23) [13,15],  26 ms
24) [15,13],  24 ms
25) [15,14],  106 ms
26) [16,10],  73 ms
27) [17,9],  25 ms
28) [16,14],  27 ms
29) [17,15],  24 ms
30) [15,9],  27 ms
31) [11,13],  15049 ms
32) [14,16],  9757 ms
33) [9,11],  7734 ms
34) [10,12],  26 ms
35) [17,13],  10143 ms
36) [8,11],  15053 ms
37) [16,8],  12169 ms
38) [11,15],  15004 ms
39) [14,8],  5260 ms
40) [13,17],  7850 ms
41) [12,18],  25 ms
42) [13,8],  14992 ms
43) [17,8],  15031 ms
44) [10,9],  12830 ms
45) [9,8],  24 ms
46) [9,10],  11006 ms
47) [7,12],  11562 ms
48) [12,7],  9426 ms
49) [11,8],  25 ms
50) [18,7],  4207 ms
51) [18,8],  27 ms
52) [15,8],  24 ms
53) [17,7],  29 ms
54) [17,6],  6505 ms
55) [18,10],  33 ms
56) [15,7],  6505 ms
57) [17,11],  28 ms
58) [17,10],  25 ms
59) [17,12],  38 ms
60) [17,14],  26 ms
61) [18,11],  26 ms
62) [16,13],  28 ms
63) [18,12],  24 ms
64) [18,9],  25 ms
65) [18,13],  25 ms
66) [18,14],  25 ms
67) [16,11],  24 ms
68) [19,14],  25 ms
69) [14,9],  25 ms

pela 15.0 wins

pela 15.0:  4022 ms/turn
pela 15.0:  4192 ms/turn
