 0) [11,9],  27 ms
 1) [12,8],  25 ms
 2) [10,8],  27 ms
 3) [12,10],  32 ms
 4) [11,7],  27 ms
 5) [9,9],  26 ms
 6) [12,11],  15000 ms
 7) [11,6],  13480 ms
 8) [11,11],  8184 ms
 9) [11,10],  15000 ms
10) [9,10],  9602 ms
11) [10,11],  5697 ms
12) [13,8],  11054 ms
13) [12,5],  15015 ms
14) [13,10],  6382 ms
15) [14,9],  15005 ms
16) [10,7],  14998 ms
17) [12,7],  6175 ms
18) [12,6],  9890 ms
19) [10,6],  11971 ms
20) [12,9],  10121 ms
21) [11,8],  5489 ms
22) [13,4],  6376 ms
23) [14,7],  7747 ms
24) [13,6],  7497 ms
25) [13,5],  12051 ms
26) [14,5],  5839 ms
27) [13,7],  8310 ms
28) [15,4],  14274 ms
29) [16,3],  3907 ms
30) [14,8],  10672 ms
31) [12,4],  4125 ms
32) [16,7],  14988 ms
33) [15,6],  4155 ms
34) [11,3],  8321 ms
35) [18,3],  7400 ms
36) [17,4],  15019 ms
37) [9,4],  1976 ms
38) [10,5],  12289 ms
39) [14,4],  4955 ms
40) [16,2],  8572 ms
41) [7,6],  2041 ms
42) [8,6],  14997 ms
43) [9,7],  1829 ms
44) [11,5],  12809 ms
45) [10,4],  2616 ms
46) [8,4],  4519 ms
47) [8,5],  1921 ms
48) [6,7],  24 ms
49) [7,5],  3080 ms
50) [10,3],  6795 ms
51) [12,3],  3499 ms
52) [8,3],  9238 ms
53) [15,5],  1168 ms
54) [12,2],  15005 ms
55) [6,5],  2292 ms
56) [5,5],  6439 ms
57) [9,3],  2707 ms
58) [14,2],  15001 ms
59) [11,2],  1942 ms
60) [7,7],  15011 ms
61) [6,8],  715 ms
62) [13,11],  15004 ms
63) [13,12],  1102 ms
64) [17,7],  9110 ms
65) [15,2],  1620 ms
66) [16,8],  14998 ms
67) [16,4],  1562 ms
68) [14,6],  26 ms
69) [9,6],  530 ms
70) [9,5],  26 ms
71) [17,8],  530 ms
72) [15,7],  1017 ms
73) [16,6],  580 ms
74) [17,9],  363 ms
75) [18,10],  26 ms
76) [15,9],  136 ms
77) [14,10],  25 ms
78) [18,7],  83 ms
79) [19,7],  25 ms
80) [18,6],  38 ms
81) [19,5],  26 ms
82) [18,5],  41 ms
83) [18,8],  33 ms
84) [17,6],  28 ms
85) [16,5],  25 ms
86) [15,11],  27 ms
87) [14,11],  25 ms
88) [15,8],  26 ms
89) [19,4],  26 ms
90) [15,10],  25 ms

pela 15.0 wins

pela 15.0:  3833 ms/turn
pela 15.0:  7172 ms/turn
