 0) [12,8],  26 ms
 1) [13,9],  26 ms
 2) [13,7],  26 ms
 3) [11,9],  27 ms
 4) [14,7],  25 ms
 5) [11,8],  27 ms
 6) [14,9],  26 ms
 7) [11,7],  26 ms
 8) [11,10],  5343 ms
 9) [14,8],  15006 ms
10) [11,6],  10459 ms
11) [13,8],  4813 ms
12) [10,8],  5571 ms
13) [16,7],  4918 ms
14) [12,11],  13415 ms
15) [10,9],  12817 ms
16) [9,9],  5242 ms
17) [11,12],  4673 ms
18) [14,6],  6786 ms
19) [13,6],  7760 ms
20) [12,7],  12117 ms
21) [12,9],  4770 ms
22) [12,12],  7502 ms
23) [11,11],  14991 ms
24) [12,10],  15003 ms
25) [15,5],  13386 ms
26) [12,4],  15011 ms
27) [12,5],  4739 ms
28) [13,10],  15007 ms
29) [14,10],  13142 ms
30) [17,8],  7995 ms
31) [9,10],  7216 ms
32) [10,11],  4501 ms
33) [16,6],  10255 ms
34) [16,5],  9143 ms
35) [12,14],  3693 ms
36) [17,5],  9212 ms
37) [11,14],  8253 ms
38) [11,15],  15016 ms
39) [15,4],  7063 ms
40) [10,14],  8794 ms
41) [9,15],  3755 ms
42) [10,4],  9043 ms
43) [9,4],  3018 ms
44) [11,3],  10450 ms
45) [15,7],  3915 ms
46) [15,6],  6263 ms
47) [10,2],  4128 ms
48) [17,7],  15059 ms
49) [17,4],  3705 ms
50) [13,3],  14998 ms
51) [11,5],  3408 ms
52) [8,5],  11656 ms
53) [9,13],  2922 ms
54) [8,11],  5425 ms
55) [10,13],  2498 ms
56) [8,13],  14030 ms
57) [7,14],  1306 ms
58) [9,14],  11312 ms
59) [6,11],  999 ms
60) [14,5],  7291 ms
61) [14,3],  910 ms
62) [7,15],  10856 ms
63) [5,12],  1039 ms
64) [4,11],  4397 ms
65) [6,12],  1540 ms
66) [17,9],  9179 ms
67) [17,6],  26 ms
68) [17,11],  8833 ms
69) [17,10],  29 ms
70) [6,13],  14112 ms
71) [4,13],  32 ms
72) [7,10],  15010 ms
73) [3,12],  29 ms
74) [4,12],  27 ms
75) [5,14],  27 ms
76) [2,11],  27 ms
77) [6,14],  29 ms
78) [4,14],  14323 ms
79) [6,15],  29 ms
80) [7,16],  26 ms
81) [5,15],  31 ms
82) [5,13],  26 ms
83) [7,13],  29 ms
84) [8,12],  26 ms
85) [8,14],  26 ms
86) [10,16],  29 ms
87) [5,11],  26 ms

pela 15.0 wins

pela 15.0:  3887 ms/turn
pela 15.0:  7923 ms/turn
