 0) [10,12],  30 ms
 1) [9,13],  28 ms
 2) [11,13],  28 ms
 3) [9,11],  30 ms
 4) [11,14],  28 ms
 5) [10,11],  29 ms
 6) [9,14],  33 ms
 7) [11,11],  28 ms
 8) [8,11],  5844 ms
 9) [10,14],  10032 ms
10) [12,11],  8166 ms
11) [10,13],  15025 ms
12) [10,10],  5197 ms
13) [11,16],  15018 ms
14) [7,12],  13986 ms
15) [9,10],  15017 ms
16) [9,9],  5570 ms
17) [6,11],  15024 ms
18) [12,14],  7545 ms
19) [12,13],  6949 ms
20) [11,12],  13976 ms
21) [8,12],  12672 ms
22) [7,11],  15009 ms
23) [14,16],  10850 ms
24) [12,16],  10032 ms
25) [7,13],  6387 ms
26) [8,13],  4142 ms
27) [10,8],  6109 ms
28) [6,15],  7575 ms
29) [5,14],  9394 ms
30) [8,9],  11826 ms
31) [7,9],  10848 ms
32) [6,14],  3800 ms
33) [6,17],  4755 ms
34) [15,15],  4000 ms
35) [13,12],  5717 ms
36) [15,14],  2890 ms
37) [14,14],  4604 ms
38) [13,10],  8232 ms
39) [15,13],  15016 ms
40) [14,13],  4204 ms
41) [14,9],  15000 ms
42) [16,12],  3060 ms
43) [16,15],  5699 ms
44) [14,10],  4384 ms
45) [12,10],  4843 ms
46) [11,9],  3246 ms
47) [12,9],  15002 ms
48) [13,8],  380 ms
49) [13,9],  11972 ms
50) [7,15],  5268 ms
51) [5,13],  5372 ms
52) [5,11],  1852 ms
53) [5,12],  6140 ms
54) [4,13],  4247 ms
55) [5,16],  14987 ms
56) [5,15],  24 ms
57) [8,15],  9764 ms
58) [4,15],  2153 ms
59) [3,15],  24 ms
60) [16,9],  2880 ms
61) [16,10],  6364 ms
62) [16,8],  1413 ms
63) [17,8],  7471 ms
64) [9,17],  2296 ms
65) [17,7],  11263 ms
66) [14,8],  903 ms
67) [12,8],  9047 ms
68) [6,13],  1155 ms
69) [6,16],  15015 ms
70) [2,16],  1627 ms
71) [15,16],  14998 ms
72) [16,17],  1855 ms
73) [4,12],  15034 ms
74) [17,9],  613 ms
75) [15,7],  14999 ms
76) [18,7],  1334 ms
77) [15,5],  14962 ms
78) [8,16],  883 ms
79) [10,18],  26 ms
80) [16,6],  697 ms
81) [10,6],  1338 ms
82) [12,7],  981 ms
83) [8,8],  240 ms
84) [9,7],  555 ms
85) [9,8],  35 ms
86) [11,8],  25 ms
87) [11,7],  27 ms
88) [9,5],  25 ms
89) [10,5],  28 ms
90) [10,7],  257 ms
91) [3,12],  27 ms
92) [2,12],  316 ms
93) [7,8],  28 ms
94) [6,8],  25 ms
95) [8,7],  28 ms
96) [9,6],  25 ms
97) [7,6],  28 ms
98) [6,5],  26 ms
99) [7,7],  24 ms
100) [7,10],  70 ms
101) [7,5],  25 ms

pela 15.0 wins

pela 15.0:  3425 ms/turn
pela 15.0:  7124 ms/turn
