 0) [12,12],  25 ms
 1) [12,11],  25 ms
 2) [13,11],  25 ms
 3) [13,12],  26 ms
 4) [11,10],  25 ms
 5) [12,10],  24 ms
 6) [11,9],  25 ms
 7) [11,11],  24 ms
 8) [13,7],  26 ms
 9) [12,8],  8473 ms
10) [11,7],  4555 ms
11) [12,7],  5133 ms
12) [12,9],  24 ms
13) [13,9],  10436 ms
14) [10,12],  9527 ms
15) [9,12],  9983 ms
16) [12,6],  7210 ms
17) [11,6],  5114 ms
18) [14,9],  15042 ms
19) [15,9],  10912 ms
20) [15,7],  6561 ms
21) [14,7],  11435 ms
22) [10,4],  15007 ms
23) [11,5],  12709 ms
24) [9,4],  9075 ms
25) [10,8],  8641 ms
26) [9,8],  7663 ms
27) [8,4],  13877 ms
28) [13,5],  8608 ms
29) [13,4],  7658 ms
30) [8,6],  15009 ms
31) [9,5],  4175 ms
32) [14,3],  14166 ms
33) [15,3],  4524 ms
34) [7,6],  5489 ms
35) [8,7],  3929 ms
36) [6,6],  15000 ms
37) [9,6],  3985 ms
38) [8,5],  151 ms
39) [6,7],  4902 ms
40) [10,3],  552 ms
41) [11,2],  25 ms
42) [4,6],  46 ms
43) [5,6],  25 ms
44) [10,5],  14991 ms
45) [10,2],  7700 ms
46) [12,3],  9477 ms
47) [11,3],  3661 ms
48) [11,4],  25 ms
49) [8,11],  6094 ms
50) [13,2],  15016 ms
51) [14,1],  25 ms
52) [10,7],  15007 ms
53) [10,6],  25 ms
54) [8,9],  10588 ms
55) [12,4],  38 ms
56) [13,3],  15007 ms
57) [9,11],  29 ms
58) [10,11],  32 ms
59) [9,7],  26 ms
60) [8,8],  26 ms
61) [7,3],  26 ms
62) [6,2],  25 ms
63) [9,1],  26 ms
64) [8,0],  30 ms
65) [7,7],  3244 ms
66) [5,7],  26 ms
67) [9,10],  4729 ms
68) [9,13],  25 ms
69) [10,9],  3271 ms
70) [11,8],  25 ms
71) [8,2],  28 ms
72) [6,4],  28 ms
73) [9,2],  24 ms
74) [12,2],  24 ms
75) [7,2],  23 ms

pela 15.0 wins

pela 15.0:  4079 ms/turn
pela 15.0:  5635 ms/turn
