 0) [11,8],  25 ms
 1) [12,9],  25 ms
 2) [10,9],  25 ms
 3) [12,7],  26 ms
 4) [11,10],  25 ms
 5) [9,8],  25 ms
 6) [12,6],  11470 ms
 7) [11,11],  7155 ms
 8) [11,6],  6004 ms
 9) [11,7],  15013 ms
10) [9,7],  9371 ms
11) [10,6],  6572 ms
12) [13,9],  10148 ms
13) [12,12],  7709 ms
14) [13,13],  5586 ms
15) [13,10],  15008 ms
16) [11,12],  7508 ms
17) [14,12],  15037 ms
18) [15,12],  9190 ms
19) [14,9],  15001 ms
20) [12,11],  5991 ms
21) [14,13],  5108 ms
22) [14,11],  8889 ms
23) [10,5],  4232 ms
24) [9,10],  14997 ms
25) [8,9],  5848 ms
26) [10,7],  5070 ms
27) [8,11],  7617 ms
28) [8,10],  6970 ms
29) [10,10],  6795 ms
30) [8,8],  7959 ms
31) [6,9],  4900 ms
32) [9,12],  10114 ms
33) [6,11],  10269 ms
34) [7,11],  4873 ms
35) [9,9],  10690 ms
36) [5,12],  4686 ms
37) [6,10],  9422 ms
38) [6,8],  7295 ms
39) [5,7],  8063 ms
40) [5,9],  3414 ms
41) [7,7],  6421 ms
42) [4,7],  3763 ms
43) [6,12],  15038 ms
44) [6,13],  24 ms
45) [7,14],  15027 ms
46) [14,8],  3473 ms
47) [13,7],  6664 ms
48) [15,11],  2206 ms
49) [13,11],  15001 ms
50) [11,9],  4407 ms
51) [5,10],  5727 ms
52) [4,11],  1469 ms
53) [15,14],  8390 ms
54) [16,14],  1192 ms
55) [14,15],  15020 ms
56) [14,10],  3322 ms
57) [16,12],  15038 ms
58) [14,14],  2950 ms
59) [8,14],  15017 ms
60) [9,14],  2499 ms
61) [8,15],  13884 ms
62) [7,15],  1146 ms
63) [9,13],  5925 ms
64) [10,12],  1994 ms
65) [13,16],  14995 ms
66) [9,11],  1244 ms
67) [7,9],  25 ms
68) [12,17],  902 ms
69) [16,15],  15017 ms
70) [17,16],  1393 ms
71) [15,15],  6022 ms
72) [13,15],  1197 ms
73) [12,14],  12254 ms
74) [15,16],  660 ms
75) [9,15],  7638 ms
76) [7,13],  277 ms
77) [11,13],  2121 ms
78) [10,14],  25 ms
79) [8,13],  1383 ms
80) [8,12],  25 ms
81) [7,12],  24 ms
82) [4,9],  25 ms
83) [16,13],  26 ms
84) [17,12],  25 ms
85) [8,17],  24 ms
86) [8,16],  26 ms
87) [12,13],  25 ms
88) [10,13],  25 ms
89) [12,15],  25 ms
90) [12,16],  46 ms
91) [10,15],  25 ms
92) [11,15],  25 ms
93) [9,16],  26 ms
94) [11,14],  24 ms
95) [10,17],  26 ms
96) [11,18],  24 ms
97) [11,16],  26 ms
98) [13,14],  25 ms
99) [7,18],  25 ms
100) [6,19],  25 ms
101) [9,18],  25 ms
102) [8,19],  25 ms
103) [9,17],  25 ms
104) [9,19],  26 ms
105) [7,17],  25 ms
106) [11,17],  24 ms
107) [6,17],  26 ms

pela 15.0 wins

pela 15.0:  3224 ms/turn
pela 15.0:  6508 ms/turn
