 0) [9,9],  28 ms
 1) [9,8],  28 ms
 2) [10,10],  27 ms
 3) [8,8],  28 ms
 4) [10,8],  14995 ms
 5) [8,10],  28 ms
 6) [8,7],  4916 ms
 7) [11,9],  5774 ms
 8) [10,6],  14983 ms
 9) [10,7],  12397 ms
10) [7,10],  15021 ms
11) [6,8],  9588 ms
12) [9,5],  5763 ms
13) [8,4],  15010 ms
14) [7,8],  6843 ms
15) [6,9],  8922 ms
16) [6,10],  5382 ms
17) [8,9],  7012 ms
18) [10,5],  14999 ms
19) [11,4],  10858 ms
20) [10,3],  11406 ms
21) [10,2],  8271 ms
22) [11,6],  4523 ms
23) [8,12],  15039 ms
24) [8,11],  25 ms
25) [9,4],  9931 ms
26) [10,4],  5005 ms
27) [12,6],  4519 ms
28) [11,3],  25 ms
29) [8,6],  7337 ms
30) [13,3],  25 ms
31) [12,3],  25 ms
32) [11,5],  25 ms
33) [12,5],  24 ms
34) [12,4],  25 ms
35) [14,2],  24 ms
36) [9,7],  24 ms

pela 15.0 wins

pela 15.0:  5475 ms/turn
pela 15.0:  6378 ms/turn
