 0) [8,10],  24 ms
 1) [8,9],  25 ms
 2) [9,9],  24 ms
 3) [9,10],  24 ms
 4) [7,11],  25 ms
 5) [6,12],  24 ms
 6) [7,13],  7021 ms
 7) [7,14],  9319 ms
 8) [10,11],  14997 ms
 9) [11,11],  7920 ms
10) [10,12],  15017 ms
11) [10,10],  14482 ms
12) [8,12],  15009 ms
13) [9,13],  5869 ms
14) [10,14],  14408 ms
15) [9,11],  6429 ms
16) [11,13],  6334 ms
17) [10,15],  13674 ms
18) [9,16],  15043 ms
19) [9,14],  15001 ms
20) [9,12],  25 ms
21) [11,12],  7298 ms
22) [8,16],  4877 ms
23) [9,15],  7224 ms
24) [8,15],  10869 ms
25) [8,13],  14161 ms
26) [11,16],  6132 ms
27) [10,16],  10993 ms
28) [7,10],  3877 ms
29) [11,15],  14988 ms
30) [12,15],  9469 ms
31) [10,8],  15016 ms
32) [11,8],  3643 ms
33) [9,7],  7958 ms
34) [12,10],  3368 ms
35) [10,17],  13984 ms
36) [12,14],  2851 ms
37) [12,13],  7313 ms
38) [11,17],  3637 ms
39) [13,15],  12820 ms
40) [6,11],  3314 ms
41) [7,9],  11928 ms
42) [10,6],  1793 ms
43) [12,9],  6919 ms
44) [8,6],  2516 ms
45) [9,6],  5372 ms
46) [11,6],  5069 ms
47) [11,5],  15005 ms
48) [12,7],  3280 ms
49) [13,6],  5287 ms
50) [12,5],  3284 ms
51) [13,4],  7419 ms
52) [13,7],  2112 ms
53) [11,7],  7253 ms
54) [12,18],  1560 ms
55) [12,3],  15011 ms
56) [11,2],  2254 ms
57) [7,8],  13395 ms
58) [8,7],  2601 ms
59) [10,5],  8212 ms
60) [13,2],  2226 ms
61) [8,5],  7863 ms
62) [9,5],  1388 ms
63) [6,7],  10487 ms
64) [5,6],  26 ms
65) [7,6],  15003 ms
66) [5,8],  471 ms
67) [10,3],  366 ms
68) [9,4],  26 ms
69) [9,3],  477 ms
70) [11,3],  524 ms
71) [10,4],  55 ms
72) [8,2],  25 ms
73) [7,5],  26 ms
74) [7,7],  26 ms
75) [10,2],  24 ms
76) [10,1],  25 ms
77) [8,4],  25 ms
78) [11,1],  25 ms
79) [6,6],  25 ms

pela 15.0 wins

pela 15.0:  4229 ms/turn
pela 15.0:  7866 ms/turn
