 0) [8,10],  25 ms
 1) [7,11],  25 ms
 2) [8,9],  25 ms
 3) [8,8],  25 ms
 4) [9,10],  14028 ms
 5) [7,10],  25 ms
 6) [5,8],  7562 ms
 7) [6,7],  12138 ms
 8) [7,7],  4917 ms
 9) [10,9],  8967 ms
10) [7,9],  8653 ms
11) [6,8],  12682 ms
12) [9,11],  7999 ms
13) [11,12],  7211 ms
14) [9,9],  10067 ms
15) [9,12],  9887 ms
16) [10,13],  14998 ms
17) [10,12],  4428 ms
18) [8,12],  15010 ms
19) [8,13],  5689 ms
20) [7,14],  13812 ms
21) [9,7],  6401 ms
22) [12,12],  5002 ms
23) [10,10],  4965 ms
24) [10,11],  3632 ms
25) [11,11],  9086 ms
26) [11,9],  10622 ms
27) [10,6],  7152 ms
28) [10,7],  6382 ms
29) [9,6],  12968 ms
30) [6,9],  5418 ms
31) [5,9],  25 ms
32) [9,5],  7406 ms
33) [10,5],  15000 ms
34) [11,4],  6362 ms
35) [11,6],  15003 ms
36) [12,6],  2293 ms
37) [7,8],  7549 ms
38) [10,8],  3964 ms
39) [11,7],  24 ms
40) [12,10],  4560 ms
41) [13,11],  15000 ms
42) [6,14],  3891 ms
43) [5,15],  7910 ms
44) [6,13],  1046 ms
45) [5,14],  9238 ms
46) [5,13],  3044 ms
47) [4,12],  10641 ms
48) [12,4],  1503 ms
49) [10,4],  9676 ms
50) [8,6],  1016 ms
51) [4,13],  11229 ms
52) [3,12],  2405 ms
53) [5,12],  15002 ms
54) [6,11],  2047 ms
55) [6,12],  14994 ms
56) [4,10],  666 ms
57) [12,3],  5391 ms
58) [10,3],  983 ms
59) [9,2],  14594 ms
60) [8,3],  646 ms
61) [12,9],  7021 ms
62) [5,10],  1445 ms
63) [3,10],  11937 ms
64) [7,15],  1238 ms
65) [9,17],  6861 ms
66) [11,3],  494 ms
67) [8,4],  6418 ms
68) [5,17],  1025 ms
69) [6,16],  5203 ms
70) [4,14],  861 ms
71) [13,8],  14999 ms
72) [4,11],  412 ms
73) [2,13],  26 ms
74) [9,3],  268 ms
75) [7,3],  26 ms
76) [12,7],  176 ms
77) [13,10],  5928 ms
78) [12,8],  351 ms
79) [12,5],  26 ms
80) [13,7],  512 ms
81) [14,6],  11831 ms
82) [11,10],  477 ms
83) [14,11],  43 ms
84) [15,12],  328 ms
85) [13,12],  50 ms
86) [13,9],  25 ms
87) [15,11],  29 ms
88) [12,11],  25 ms
89) [12,13],  27 ms
90) [15,10],  348 ms
91) [11,14],  24 ms
92) [10,15],  25 ms
93) [13,13],  24 ms
94) [13,14],  24 ms
95) [11,15],  24 ms
96) [11,13],  24 ms
97) [12,14],  24 ms
98) [14,12],  24 ms
99) [10,16],  24 ms

pela 15.0 wins

pela 15.0:  3561 ms/turn
pela 15.0:  6469 ms/turn
