 0) [12,9],  25 ms
 1) [13,10],  25 ms
 2) [12,8],  24 ms
 3) [12,7],  28 ms
 4) [11,9],  6373 ms
 5) [10,9],  26 ms
 6) [10,7],  15002 ms
 7) [13,7],  15012 ms
 8) [13,6],  6825 ms
 9) [10,6],  5137 ms
10) [11,8],  6577 ms
11) [11,10],  15021 ms
12) [13,12],  4986 ms
13) [9,6],  6332 ms
14) [9,8],  6716 ms
15) [10,8],  7407 ms
16) [8,6],  4366 ms
17) [12,6],  12123 ms
18) [14,8],  15015 ms
19) [15,8],  14998 ms
20) [14,9],  9370 ms
21) [13,9],  10397 ms
22) [12,10],  15033 ms
23) [12,12],  5311 ms
24) [13,11],  4820 ms
25) [14,12],  12277 ms
26) [14,7],  13736 ms
27) [14,10],  6795 ms
28) [9,9],  15039 ms
29) [8,9],  6009 ms
30) [7,7],  15010 ms
31) [10,10],  9031 ms
32) [10,11],  14985 ms
33) [14,5],  7719 ms
34) [14,11],  15001 ms
35) [12,13],  6610 ms
36) [13,15],  7800 ms
37) [8,10],  4414 ms
38) [13,14],  7260 ms
39) [13,13],  25 ms
40) [15,11],  6721 ms
41) [16,11],  2833 ms
42) [11,11],  8053 ms
43) [12,11],  26 ms
44) [7,10],  15018 ms
45) [6,8],  2102 ms
46) [12,14],  4293 ms
47) [10,12],  4336 ms
48) [14,14],  521 ms
49) [15,14],  3698 ms
50) [12,16],  1004 ms
51) [15,13],  3183 ms
52) [11,13],  454 ms
53) [14,13],  1030 ms
54) [16,13],  25 ms
55) [11,15],  1386 ms
56) [14,16],  36 ms
57) [15,17],  26 ms
58) [11,14],  41 ms
59) [10,14],  25 ms
60) [13,16],  28 ms
61) [15,16],  2307 ms
62) [15,15],  25 ms
63) [13,17],  1074 ms
64) [11,17],  29 ms
65) [10,18],  25 ms
66) [10,16],  28 ms
67) [11,16],  25 ms
68) [9,15],  29 ms
69) [12,18],  25 ms
70) [9,11],  27 ms
71) [9,10],  29 ms
72) [7,13],  25 ms
73) [8,14],  26 ms
74) [7,11],  26 ms
75) [8,11],  25 ms
76) [7,12],  25 ms
77) [7,14],  26 ms
78) [7,9],  25 ms

pela 15.0 wins

pela 15.0:  4279 ms/turn
pela 15.0:  5509 ms/turn
