 0) [10,10],  25 ms
 1) [9,10],  24 ms
 2) [10,11],  24 ms
 3) [10,12],  24 ms
 4) [9,13],  15004 ms
 5) [7,12],  15004 ms
 6) [8,11],  9005 ms
 7) [9,11],  15009 ms
 8) [8,13],  4811 ms
 9) [8,10],  5897 ms
10) [7,9],  11133 ms
11) [11,10],  14996 ms
12) [6,9],  6036 ms
13) [9,9],  14691 ms
14) [9,8],  14991 ms
15) [7,10],  4305 ms
16) [11,13],  8403 ms
17) [10,13],  10637 ms
18) [10,8],  11279 ms
19) [11,8],  14873 ms
20) [8,7],  6834 ms
21) [6,10],  15006 ms
22) [5,10],  24 ms
23) [7,8],  15008 ms
24) [11,15],  6814 ms
25) [11,12],  14999 ms
26) [13,10],  8784 ms
27) [10,14],  4565 ms
28) [10,15],  7220 ms
29) [9,14],  8330 ms
30) [8,15],  3922 ms
31) [9,15],  9163 ms
32) [8,14],  8928 ms
33) [8,12],  47 ms
34) [9,12],  24 ms
35) [7,14],  7889 ms
36) [13,11],  8132 ms
37) [12,10],  11387 ms
38) [14,11],  6817 ms
39) [10,9],  15028 ms
40) [11,9],  5796 ms
41) [12,11],  14989 ms
42) [13,12],  3726 ms
43) [13,13],  15009 ms
44) [14,10],  4611 ms
45) [7,11],  5803 ms
46) [7,13],  24 ms
47) [12,7],  880 ms
48) [13,6],  24 ms
49) [5,9],  255 ms
50) [4,8],  24 ms
51) [12,8],  50 ms
52) [12,9],  24 ms
53) [5,13],  7416 ms
54) [6,12],  24 ms
55) [15,9],  9885 ms
56) [12,13],  26 ms
57) [11,14],  24 ms
58) [15,12],  26 ms
59) [16,13],  24 ms
60) [14,12],  26 ms
61) [14,13],  24 ms
62) [16,12],  24 ms
63) [17,12],  24 ms
64) [12,12],  25 ms

pela 15.0 wins

pela 15.0:  4623 ms/turn
pela 15.0:  7852 ms/turn
