 0) [10,12],  26 ms
 1) [11,11],  25 ms
 2) [10,13],  26 ms
 3) [10,14],  27 ms
 4) [9,12],  5337 ms
 5) [8,12],  26 ms
 6) [8,14],  15010 ms
 7) [11,14],  14039 ms
 8) [11,15],  7079 ms
 9) [7,15],  14998 ms
10) [7,13],  10761 ms
11) [9,15],  13602 ms
12) [11,13],  13627 ms
13) [12,14],  9793 ms
14) [13,14],  15011 ms
15) [12,13],  14446 ms
16) [9,16],  13398 ms
17) [8,13],  4859 ms
18) [12,11],  13461 ms
19) [13,10],  8331 ms
20) [12,16],  5223 ms
21) [11,16],  5619 ms
22) [13,16],  4495 ms
23) [13,17],  13454 ms
24) [12,17],  6466 ms
25) [11,18],  4275 ms
26) [8,11],  12434 ms
27) [7,10],  9602 ms
28) [6,10],  5975 ms
29) [5,11],  5505 ms
30) [6,11],  8115 ms
31) [6,13],  8805 ms
32) [6,15],  6538 ms
33) [8,16],  7525 ms
34) [13,12],  10565 ms
35) [7,17],  2115 ms
36) [6,18],  24 ms
37) [14,13],  6126 ms
38) [9,11],  485 ms
39) [9,10],  33 ms
40) [13,15],  54 ms
41) [13,13],  24 ms
42) [14,15],  77 ms
43) [12,15],  2511 ms
44) [10,11],  32 ms
45) [7,11],  28 ms
46) [6,9],  38 ms
47) [6,8],  4302 ms
48) [10,9],  36 ms
49) [10,10],  24 ms
50) [12,12],  25 ms
51) [11,12],  25 ms
52) [11,10],  4668 ms
53) [9,8],  24 ms
54) [15,14],  41 ms
55) [16,13],  24 ms
56) [15,13],  25 ms
57) [14,14],  2667 ms
58) [7,9],  31 ms
59) [8,10],  25 ms
60) [9,9],  25 ms
61) [8,9],  26 ms
62) [15,12],  26 ms
63) [15,15],  24 ms
64) [12,9],  25 ms
65) [13,8],  24 ms
66) [15,10],  25 ms
67) [15,11],  26 ms
68) [11,9],  24 ms
69) [13,9],  41 ms
70) [12,10],  24 ms
71) [12,8],  25 ms
72) [14,12],  25 ms
73) [16,12],  24 ms
74) [13,11],  24 ms

pela 15.0 wins

pela 15.0:  4136 ms/turn
pela 15.0:  4191 ms/turn
