 0) [10,11],  25 ms
 1) [11,11],  24 ms
 2) [9,12],  24 ms
 3) [11,10],  23 ms
 4) [11,12],  15003 ms
 5) [9,10],  24 ms
 6) [12,10],  8516 ms
 7) [10,13],  10730 ms
 8) [13,12],  7351 ms
 9) [12,12],  15011 ms
10) [9,9],  6319 ms
11) [11,8],  10743 ms
12) [14,11],  7030 ms
13) [15,10],  15007 ms
14) [11,9],  13540 ms
15) [10,8],  13942 ms
16) [9,8],  4843 ms
17) [10,10],  8297 ms
18) [14,12],  4074 ms
19) [15,13],  14058 ms
20) [16,12],  11540 ms
21) [17,12],  12925 ms
22) [13,13],  6167 ms
23) [8,10],  15005 ms
24) [7,10],  24 ms
25) [10,9],  4915 ms
26) [12,7],  5370 ms
27) [15,11],  15009 ms
28) [15,12],  8507 ms
29) [12,9],  6925 ms
30) [10,7],  9881 ms
31) [8,9],  5203 ms
32) [8,11],  3387 ms
33) [14,13],  15003 ms
34) [8,7],  4940 ms
35) [9,6],  10648 ms
36) [13,11],  56 ms
37) [13,10],  15001 ms
38) [9,7],  93 ms
39) [11,7],  25 ms
40) [7,7],  70 ms
41) [6,7],  25 ms
42) [5,8],  31 ms
43) [6,9],  26 ms
44) [7,8],  31 ms
45) [7,9],  15007 ms
46) [6,8],  27 ms
47) [8,8],  24 ms
48) [5,9],  26 ms
49) [4,10],  8433 ms
50) [4,8],  27 ms
51) [3,8],  25 ms
52) [5,11],  26 ms
53) [5,10],  25 ms
54) [7,11],  26 ms
55) [6,11],  24 ms
56) [6,10],  25 ms
57) [8,12],  25 ms
58) [3,7],  24 ms

pela 15.0 wins

pela 15.0:  3900 ms/turn
pela 15.0:  7314 ms/turn
