 0) [8,10],  25 ms
 1) [7,9],  25 ms
 2) [8,11],  26 ms
 3) [8,12],  25 ms
 4) [9,10],  15035 ms
 5) [10,10],  25 ms
 6) [10,12],  6567 ms
 7) [10,9],  11726 ms
 8) [11,9],  8796 ms
 9) [6,10],  12410 ms
10) [8,8],  14996 ms
11) [8,9],  8351 ms
12) [7,11],  4863 ms
13) [9,11],  15006 ms
14) [6,9],  9769 ms
15) [10,8],  10808 ms
16) [10,7],  15005 ms
17) [5,8],  6362 ms
18) [8,14],  9047 ms
19) [7,15],  8218 ms
20) [6,14],  5570 ms
21) [5,14],  9334 ms
22) [4,11],  9119 ms
23) [5,11],  12409 ms
24) [4,12],  15000 ms
25) [6,12],  5049 ms
26) [5,12],  13369 ms
27) [6,13],  3575 ms
28) [11,8],  10464 ms
29) [11,10],  8052 ms
30) [5,10],  1724 ms
31) [3,12],  4218 ms
32) [9,6],  605 ms
33) [8,5],  9197 ms
34) [8,7],  247 ms
35) [7,8],  24 ms
36) [11,7],  411 ms
37) [9,7],  6088 ms
38) [11,6],  110 ms
39) [11,5],  24 ms
40) [12,5],  36 ms
41) [13,4],  4795 ms
42) [12,9],  30 ms
43) [13,10],  25 ms
44) [12,6],  26 ms
45) [10,6],  1797 ms
46) [12,7],  26 ms
47) [12,8],  24 ms
48) [14,9],  26 ms
49) [12,4],  5671 ms
50) [13,3],  23 ms
51) [13,8],  2028 ms
52) [14,7],  26 ms
53) [13,7],  24 ms
54) [13,9],  23 ms
55) [15,9],  24 ms
56) [14,6],  25 ms
57) [13,6],  167 ms
58) [13,5],  23 ms
59) [14,8],  2768 ms
60) [14,4],  24 ms
61) [15,3],  24 ms
62) [14,5],  23 ms
63) [14,3],  24 ms
64) [15,5],  23 ms
65) [16,5],  71 ms
66) [12,2],  24 ms
67) [16,6],  24 ms
68) [11,1],  23 ms

pela 15.0 wins

pela 15.0:  4364 ms/turn
pela 15.0:  4032 ms/turn
