 0) [9,12],  27 ms
 1) [9,11],  28 ms
 2) [10,11],  28 ms
 3) [10,12],  29 ms
 4) [8,13],  28 ms
 5) [7,14],  27 ms
 6) [8,15],  4349 ms
 7) [8,16],  6039 ms
 8) [11,13],  15003 ms
 9) [12,13],  6270 ms
10) [11,14],  15011 ms
11) [11,12],  12468 ms
12) [9,14],  15031 ms
13) [10,15],  5846 ms
14) [11,15],  14386 ms
15) [10,13],  7289 ms
16) [12,9],  5641 ms
17) [11,10],  27 ms
18) [13,10],  9517 ms
19) [11,16],  12242 ms
20) [10,16],  26 ms
21) [12,14],  4228 ms
22) [12,17],  13549 ms
23) [6,14],  13177 ms
24) [7,15],  7744 ms
25) [6,16],  14997 ms
26) [5,14],  11408 ms
27) [4,13],  13369 ms
28) [12,12],  3710 ms
29) [13,11],  14999 ms
30) [14,9],  9219 ms
31) [14,11],  10066 ms
32) [15,11],  2583 ms
33) [13,9],  15010 ms
34) [15,8],  7547 ms
35) [16,7],  9492 ms
36) [15,10],  6461 ms
37) [15,9],  7730 ms
38) [16,10],  5553 ms
39) [12,10],  4714 ms
40) [11,11],  4738 ms
41) [14,12],  12633 ms
42) [15,13],  2728 ms
43) [11,9],  5608 ms
44) [10,8],  25 ms
45) [10,10],  14165 ms
46) [12,8],  3654 ms
47) [16,11],  15010 ms
48) [13,8],  45 ms
49) [11,8],  15007 ms
50) [12,7],  33 ms
51) [11,6],  26 ms
52) [11,7],  25 ms
53) [12,6],  44 ms
54) [14,10],  25 ms
55) [17,10],  24 ms
56) [14,8],  26 ms
57) [16,8],  24 ms
58) [14,7],  25 ms
59) [14,6],  25 ms
60) [13,7],  24 ms
61) [15,7],  25 ms
62) [10,7],  24 ms

pela 15.0 wins

pela 15.0:  4943 ms/turn
pela 15.0:  7117 ms/turn
