 0) [8,11],  25 ms
 1) [8,12],  25 ms
 2) [7,12],  25 ms
 3) [7,11],  25 ms
 4) [6,10],  25 ms
 5) [6,11],  25 ms
 6) [5,10],  25 ms
 7) [7,10],  28 ms
 8) [3,12],  27 ms
 9) [4,11],  6574 ms
10) [3,10],  5000 ms
11) [3,11],  15014 ms
12) [5,11],  31 ms
13) [5,12],  8672 ms
14) [8,9],  8086 ms
15) [8,8],  5750 ms
16) [9,10],  6202 ms
17) [10,9],  9003 ms
18) [4,14],  4553 ms
19) [5,14],  7563 ms
20) [3,13],  14916 ms
21) [4,12],  8771 ms
22) [6,14],  6435 ms
23) [7,8],  14334 ms
24) [6,8],  6491 ms
25) [10,8],  2158 ms
26) [10,10],  11235 ms
27) [9,8],  36 ms
28) [11,8],  26 ms
29) [7,7],  29 ms
30) [7,9],  25 ms
31) [7,6],  28 ms
32) [8,7],  7700 ms
33) [6,6],  27 ms
34) [5,5],  11668 ms
35) [8,6],  27 ms
36) [9,6],  25 ms
37) [7,5],  26 ms
38) [7,4],  25 ms
39) [9,7],  25 ms
40) [11,9],  26 ms
41) [6,4],  25 ms

pela 15.0 wins

pela 15.0:  3931 ms/turn
pela 15.0:  3722 ms/turn
