 0) [9,8],  142 ms
 1) [9,9],  20 ms
 2) [10,7],  20 ms
 3) [8,9],  20 ms
 4) [7,9],  1960 ms
 5) [9,7],  33459 ms
 6) [11,8],  2201 ms
 7) [12,9],  42708 ms
 8) [11,10],  3932 ms
 9) [12,11],  45763 ms
10) [11,9],  4748 ms
11) [11,7],  30965 ms
12) [12,10],  1896 ms
13) [10,8],  19267 ms
14) [12,6],  1949 ms
15) [11,11],  60007 ms
16) [10,10],  2377 ms
17) [9,10],  23705 ms
18) [10,11],  2017 ms
19) [14,10],  49155 ms
20) [13,6],  5000 ms
21) [12,8],  17151 ms
22) [13,9],  2238 ms
23) [8,10],  39672 ms
24) [7,11],  20 ms
25) [14,6],  11242 ms
26) [12,7],  482 ms
27) [14,5],  15451 ms
28) [13,7],  261 ms
29) [13,8],  26341 ms
30) [10,12],  241 ms
31) [10,13],  26444 ms
32) [14,8],  390 ms
33) [15,9],  22660 ms
34) [15,7],  44 ms
35) [16,6],  32 ms
36) [14,7],  41 ms
37) [16,7],  19 ms
38) [12,5],  25 ms
39) [11,4],  16927 ms
40) pbrain-pela:  I win !
40) [11,5],  20 ms
41) [10,4],  20 ms
42) [13,4],  20 ms
43) [11,6],  20 ms
44) [12,4],  20 ms
45) [12,3],  19 ms
46) [13,3],  29 ms
47) [13,5],  22 ms
48) [14,2],  20 ms
49) [15,1],  20 ms
50) [10,6],  19 ms

pela 5.0 wins

pela 5.0:  1158 ms/turn
pela 60.0:  19 s/turn
