 0) [9,11],  27 ms
 1) [8,11],  27 ms
 2) [9,12],  27 ms
 3) [9,13],  27 ms
 4) [10,11],  1788 ms
 5) [11,10],  47691 ms
 6) [13,11],  5021 ms
 7) [12,11],  37554 ms
 8) [10,9],  1765 ms
 9) [10,10],  30352 ms
10) [13,10],  5002 ms
11) [13,9],  60002 ms
12) [14,11],  1954 ms
13) [15,12],  36554 ms
14) [14,8],  4750 ms
15) [14,10],  32960 ms
16) [12,8],  1597 ms
17) [11,8],  48228 ms
18) [11,11],  5002 ms
19) [15,10],  43817 ms
20) [15,13],  3216 ms
21) [13,13],  37529 ms
22) [11,15],  2151 ms
23) [16,11],  16140 ms
24) [16,12],  3853 ms
25) [14,13],  42 ms
26) [13,14],  2319 ms
27) [14,9],  43 ms
28) [17,12],  3112 ms
29) [15,9],  34 ms
30) [16,9],  1570 ms
31) [13,12],  24 ms
32) [15,14],  62 ms
33) [17,10],  24 ms
34) [18,9],  25 ms
35) [11,9],  24 ms
36) [12,9],  24 ms
37) [15,11],  24 ms
38) [15,8],  25 ms
39) [16,10],  25 ms
40) [18,10],  25 ms
41) [14,12],  25 ms
42) [17,9],  25 ms
43) [12,14],  24 ms

pela 60.0 wins

pela 5.0:  1970 ms/turn
pela 60.0:  17 s/turn
