 0) [8,10],  1 ms
 1) [7,10],  144 ms
 2) [7,9],  22 ms
 3) [8,9],  22 ms
 4) [6,11],  22 ms
 5) [6,10],  22 ms
 6) [5,11],  21 ms
 7) [7,11],  23 ms
 8) [3,9],  22 ms
 9) [4,10],  60013 ms
10) [3,11],  4250 ms
11) [3,10],  21695 ms
12) [5,10],  22 ms
13) [5,9],  42941 ms
14) [8,12],  2022 ms
15) [8,13],  23384 ms
16) [9,11],  5020 ms
17) [10,12],  52229 ms
18) [4,7],  4888 ms
19) [5,7],  42055 ms
20) [4,11],  3803 ms
21) [2,11],  22 ms
22) [3,8],  3065 ms
23) [4,9],  51079 ms
24) [1,12],  2356 ms
25) [3,12],  26614 ms
26) [6,7],  2543 ms
27) [6,5],  39946 ms
28) [3,7],  3209 ms
29) [3,6],  30970 ms
30) [1,10],  5025 ms
31) [2,9],  16242 ms
32) [5,4],  2015 ms
33) [7,13],  8468 ms
34) [9,13],  5000 ms
35) [10,11],  347 ms
36) [7,14],  1991 ms
37) [10,13],  23 ms
38) [10,10],  33 ms
39) [10,15],  23 ms
40) [10,14],  22 ms
41) [9,14],  23 ms
42) [11,16],  23 ms
43) [11,12],  22 ms
44) [12,11],  21 ms
45) [9,10],  23 ms
46) [12,13],  21 ms
47) [7,8],  23 ms

pela 60.0 wins

pela 5.0:  1892 ms/turn
pela 60.0:  17 s/turn
