 0) [9,8],  190 ms
 1) [8,8],  157 ms
 2) [10,9],  20 ms
 3) [8,7],  20 ms
 4) [8,6],  24650 ms
 5) [10,8],  5004 ms
 6) [9,10],  51281 ms
 7) [8,11],  2064 ms
 8) [8,10],  39759 ms
 9) [8,9],  3135 ms
10) [10,6],  35889 ms
11) [9,6],  4993 ms
12) [10,4],  19730 ms
13) [10,10],  3309 ms
14) [9,5],  59986 ms
15) [7,7],  4974 ms
16) [9,9],  35610 ms
17) [9,7],  2057 ms
18) [6,7],  47543 ms
19) [8,4],  4990 ms
20) [11,7],  40756 ms
21) [11,5],  3664 ms
22) [12,7],  34931 ms
23) [13,9],  4989 ms
24) [10,3],  1109 ms
25) [10,5],  5002 ms
26) [13,6],  61 ms
27) [11,8],  20 ms
28) [11,4],  25 ms
29) [6,9],  4991 ms
30) [7,8],  20 ms
31) [12,5],  63 ms
32) [13,4],  26 ms
33) [12,4],  4822 ms
34) [13,5],  21 ms
35) [13,7],  19 ms
36) pbrain-pela:  I win !
36) [11,3],  20 ms
37) [12,2],  20 ms
38) [13,3],  19 ms
39) [13,2],  19 ms
40) [12,3],  19 ms
41) [14,3],  20 ms
42) [9,3],  19 ms

pela 60.0 wins

pela 5.0:  2587 ms/turn
pela 60.0:  17 s/turn
 