 0) [11,9],  29 ms
 1) [11,8],  29 ms
 2) [10,8],  29 ms
 3) [10,9],  29 ms
 4) [12,10],  29 ms
 5) [13,11],  28 ms
 6) [14,10],  5006 ms
 7) [15,10],  35920 ms
 8) [12,7],  2181 ms
 9) [12,6],  35357 ms
10) [13,7],  3152 ms
11) [11,7],  60006 ms
12) [13,9],  3316 ms
13) [14,8],  44414 ms
14) [15,7],  1519 ms
15) [14,7],  60010 ms
16) [14,6],  4908 ms
17) [12,8],  30060 ms
18) [15,8],  2140 ms
19) [15,5],  47736 ms
20) [12,9],  5000 ms
21) [8,7],  21113 ms
22) [8,6],  5011 ms
23) [9,7],  30 ms
24) [10,7],  5002 ms
25) [9,8],  15237 ms
26) [14,9],  3195 ms
27) [15,9],  30 ms
28) [7,6],  5007 ms
29) [9,6],  38 ms
30) [9,5],  5009 ms
31) [9,10],  32 ms
32) [9,9],  31 ms
33) [7,12],  35 ms
34) [8,11],  30 ms
35) [10,5],  10874 ms
36) [7,8],  5014 ms
37) [7,7],  15814 ms
38) [12,11],  2324 ms
39) [13,10],  16380 ms
40) [11,11],  99 ms
41) [11,4],  53 ms
42) [12,3],  32 ms
43) [11,6],  44 ms
44) [11,5],  30 ms
45) [13,6],  37 ms
46) [10,6],  31 ms
47) [12,5],  33 ms
48) [10,3],  30 ms
49) [6,7],  32 ms
50) [5,7],  31 ms
51) [12,12],  32 ms
52) [10,12],  32 ms
53) [9,13],  31 ms
54) [10,11],  31 ms
55) [9,11],  31 ms
56) [9,12],  32 ms
57) [11,10],  31 ms
58) [10,13],  34 ms
59) [11,14],  30 ms
60) [10,14],  31 ms
61) [10,15],  30 ms
62) [10,10],  31 ms

pela 5.0 wins

pela 5.0:  1824 ms/turn
pela 60.0:  12 s/turn
