 0) [12,10],  27 ms
 1) [11,9],  26 ms
 2) [12,11],  27 ms
 3) [12,12],  27 ms
 4) [13,10],  2402 ms
 5) [14,10],  27 ms
 6) [14,12],  4853 ms
 7) [14,9],  60002 ms
 8) [15,9],  5033 ms
 9) [10,10],  60010 ms
10) [12,8],  3953 ms
11) [12,9],  36626 ms
12) [11,11],  4999 ms
13) [13,11],  21278 ms
14) [10,9],  2782 ms
15) [14,8],  49429 ms
16) [14,7],  3015 ms
17) [9,8],  23173 ms
18) [12,14],  2286 ms
19) [11,15],  30801 ms
20) [10,14],  5000 ms
21) [9,14],  45501 ms
22) [8,11],  2320 ms
23) [9,11],  12573 ms
24) [8,12],  4679 ms
25) [10,12],  21154 ms
26) [9,12],  3028 ms
27) [10,13],  24696 ms
28) [15,8],  1680 ms
29) [15,10],  12884 ms
30) [9,10],  1034 ms
31) [7,12],  12698 ms
32) [13,6],  388 ms
33) [12,5],  27006 ms
34) [12,7],  162 ms
35) [11,8],  26 ms
36) [15,7],  243 ms
37) [13,7],  10416 ms
38) [15,6],  78 ms
39) [15,5],  26 ms
40) [16,5],  39 ms
41) [17,4],  15256 ms
42) [16,9],  29 ms
43) [17,10],  29 ms
44) [16,6],  31 ms
45) [14,6],  9225 ms
46) [16,7],  29 ms
47) [16,8],  28 ms
48) [18,9],  29 ms
49) [16,4],  18152 ms
50) [17,3],  28 ms
51) [14,5],  11930 ms
52) [18,7],  28 ms
53) [17,7],  28 ms
54) [11,5],  4811 ms
55) [8,15],  29 ms
56) [7,16],  29 ms
57) [10,15],  30 ms
58) [8,13],  29 ms
59) [9,15],  27 ms
60) [12,15],  29 ms
61) [7,15],  27 ms

pela 60.0 wins

pela 5.0:  1712 ms/turn
pela 60.0:  16 s/turn
