 0) [11,11],  28 ms
 1) [10,12],  27 ms
 2) [12,12],  29 ms
 3) [10,10],  28 ms
 4) [12,13],  28 ms
 5) [11,10],  27 ms
 6) [10,13],  28 ms
 7) [12,10],  27 ms
 8) [9,10],  45446 ms
 9) [11,13],  2640 ms
10) [13,10],  60005 ms
11) [11,12],  4723 ms
12) [11,9],  47625 ms
13) [12,15],  4581 ms
14) [8,11],  60011 ms
15) [10,9],  2544 ms
16) [10,8],  20360 ms
17) [7,10],  4436 ms
18) [13,13],  34940 ms
19) [13,12],  5016 ms
20) [12,11],  21675 ms
21) [9,11],  2040 ms
22) [8,10],  20180 ms
23) [15,15],  1715 ms
24) [13,15],  18118 ms
25) [8,12],  5006 ms
26) [9,12],  14122 ms
27) [11,16],  5027 ms
28) [11,15],  12425 ms
29) [10,16],  5006 ms
30) [12,16],  26152 ms
31) [15,13],  5002 ms
32) [7,13],  11095 ms
33) [13,17],  1475 ms
34) [14,16],  12369 ms
35) [10,15],  5025 ms
36) [11,17],  27911 ms
37) [10,18],  5000 ms
38) [10,17],  15482 ms
39) [7,18],  5003 ms
40) [9,16],  10877 ms
41) [6,13],  5013 ms
42) [14,15],  20156 ms
43) [14,17],  2062 ms
44) [12,17],  17267 ms
45) [11,18],  2014 ms
46) [8,18],  14797 ms
47) [6,11],  1577 ms
48) [5,12],  12705 ms
49) [16,18],  4165 ms
50) [15,17],  10897 ms
51) [16,16],  3003 ms
52) [16,19],  9325 ms
53) [16,13],  3762 ms
54) [16,14],  2743 ms
55) [7,11],  2927 ms
56) [6,10],  6856 ms
57) [4,15],  3022 ms
58) [5,14],  6410 ms
59) [5,11],  5020 ms
60) [3,12],  5714 ms
61) [8,17],  5024 ms
62) [4,11],  1421 ms
63) [4,13],  5008 ms
64) [7,8],  1414 ms
65) [6,7],  5014 ms
66) [3,10],  1188 ms
67) [2,10],  5009 ms
68) [5,16],  2129 ms
69) [5,15],  5012 ms
70) [8,8],  1185 ms
71) [9,8],  5001 ms
72) [6,15],  2656 ms
73) [7,14],  5001 ms
74) [8,7],  2280 ms
75) [8,9],  30 ms
76) [10,7],  30 ms
77) [9,6],  1727 ms
78) [9,7],  466 ms
79) [11,7],  5015 ms
80) [7,9],  153 ms
81) [10,6],  30 ms
82) [3,9],  663 ms
83) [3,11],  2207 ms
84) [2,9],  39 ms
85) [1,8],  31 ms
86) [5,10],  39 ms
87) [6,9],  31 ms
88) [4,9],  485 ms
89) [1,9],  3488 ms
90) [4,12],  32 ms
91) [2,12],  3505 ms
92) [7,5],  30 ms
93) [8,6],  36 ms
94) [4,8],  53 ms
95) [4,10],  30 ms
96) [6,12],  29 ms
97) [7,12],  31 ms
98) [6,8],  30 ms
99) [5,8],  29 ms
100) [5,7],  30 ms
101) [6,6],  29 ms
102) [4,6],  31 ms

pela 60.0 wins

pela 5.0:  2905 ms/turn
pela 60.0:  11 s/turn
