 0) [9,8],  1655 ms
 1) [10,8],  22 ms
 2) [8,9],  21 ms
 3) [10,7],  22 ms
 4) [10,6],  3155 ms
 5) [8,8],  59992 ms
 6) [9,10],  4605 ms
 7) [10,11],  60012 ms
 8) [11,10],  5029 ms
 9) [12,11],  60003 ms
10) [10,10],  1624 ms
11) [8,10],  17930 ms
12) [11,11],  2132 ms
13) [9,9],  24753 ms
14) [7,11],  2756 ms
15) [12,10],  53884 ms
16) [11,9],  2947 ms
17) [11,8],  23266 ms
18) [12,9],  2598 ms
19) [11,13],  20727 ms
20) [7,12],  5026 ms
21) [9,11],  19448 ms
22) [10,12],  2397 ms
23) [11,7],  13845 ms
24) [12,6],  21 ms
25) [7,13],  18409 ms
26) [8,11],  659 ms
27) [6,13],  9597 ms
28) [8,12],  273 ms
29) [9,12],  24495 ms
30) [13,9],  213 ms
31) [14,9],  24435 ms
32) [9,13],  326 ms
33) [10,14],  19579 ms
34) [8,14],  45 ms
35) [7,15],  22 ms
36) [8,13],  25 ms
37) [8,15],  21 ms
38) [6,11],  26 ms
39) [5,10],  11939 ms
40) pbrain-pela:  I win !
40) [6,10],  22 ms
41) [5,9],  22 ms
42) [5,12],  21 ms
43) [7,10],  22 ms
44) [5,11],  21 ms
45) [4,11],  22 ms
46) [4,12],  21 ms
47) [6,12],  21 ms
48) [3,13],  22 ms
49) [7,9],  22 ms
50) [2,14],  21 ms

pela 5.0 wins

pela 5.0:  1371 ms/turn
pela 60.0:  18 s/turn
