 0) [9,12],  21 ms
 1) [8,12],  1645 ms
 2) [9,11],  22 ms
 3) [9,10],  21 ms
 4) [8,9],  2137 ms
 5) [6,10],  27557 ms
 6) [7,11],  4052 ms
 7) [8,11],  20232 ms
 8) [10,9],  4822 ms
 9) [9,9],  59996 ms
10) [6,13],  2054 ms
11) [6,11],  60017 ms
12) [5,10],  5002 ms
13) [7,14],  29351 ms
14) [8,7],  3572 ms
15) [7,6],  48866 ms
16) [10,7],  4946 ms
17) [8,8],  48747 ms
18) [7,7],  1960 ms
19) [9,7],  43343 ms
20) [7,9],  2931 ms
21) [9,8],  37183 ms
22) [9,6],  22 ms
23) [7,8],  31875 ms
24) [6,8],  2621 ms
25) [8,10],  27292 ms
26) [10,8],  1937 ms
27) [10,10],  23410 ms
28) [7,10],  21 ms
29) [5,9],  17932 ms
30) [8,14],  5022 ms
31) [7,13],  17502 ms
32) [7,15],  4985 ms
33) [6,16],  15000 ms
34) [8,16],  4688 ms
35) [9,15],  12862 ms
36) [10,6],  2669 ms
37) [10,5],  23 ms
38) [11,10],  3236 ms
39) [12,9],  6944 ms
40) [11,11],  3995 ms
41) [10,12],  2904 ms
42) [6,7],  4382 ms
43) [5,7],  8756 ms
44) [5,15],  3760 ms
45) [5,13],  8365 ms
46) [8,6],  4095 ms
47) [10,4],  3959 ms
48) [6,17],  2020 ms
49) [8,17],  6599 ms
50) [4,15],  2948 ms
51) [6,15],  2222 ms
52) [4,16],  4353 ms
53) [5,14],  1776 ms
54) [7,16],  4580 ms
55) [4,14],  5076 ms
56) [3,14],  5001 ms
57) [5,16],  2358 ms
58) [4,17],  2099 ms
59) [3,17],  1513 ms
60) [2,14],  3859 ms
61) [2,15],  1530 ms
62) [12,7],  3828 ms
63) [11,7],  3584 ms
64) [12,11],  2665 ms
65) [10,11],  3069 ms
66) [4,19],  278 ms
67) [4,18],  21 ms
68) [8,15],  101 ms
69) [5,18],  21 ms
70) [10,13],  159 ms
71) [9,14],  21 ms
72) [11,12],  39 ms
73) [11,13],  1378 ms
74) [14,9],  34 ms
75) [13,10],  21 ms
76) [13,8],  30 ms
77) [15,10],  2014 ms
78) [11,8],  24 ms
79) [11,9],  21 ms
80) [3,15],  53 ms
81) [1,13],  802 ms
82) [12,6],  25 ms
83) [11,6],  22 ms
84) [14,8],  28 ms
85) [12,8],  21 ms
86) [13,6],  23 ms
87) [14,5],  21 ms
88) [13,7],  23 ms
89) [15,9],  22 ms
90) [13,5],  22 ms
91) [13,9],  22 ms
92) [13,4],  22 ms

pela 5.0 wins

pela 5.0:  2237 ms/turn
pela 60.0:  12 s/turn
