 0) [11,10],  0 ms
 1) [10,10],  145 ms
 2) [12,9],  22 ms
 3) [10,11],  22 ms
 4) [10,9],  2677 ms
 5) [12,11],  23 ms
 6) [9,11],  5019 ms
 7) [11,8],  24472 ms
 8) [8,9],  3832 ms
 9) [9,9],  60003 ms
10) [11,11],  3406 ms
11) [11,13],  44542 ms
12) [10,13],  3491 ms
13) [8,8],  57325 ms
14) [7,7],  5018 ms
15) [10,6],  30080 ms
16) [10,8],  4692 ms
17) [6,7],  35966 ms
18) [11,5],  4215 ms
19) [10,5],  17338 ms
20) [9,13],  5052 ms
21) [9,14],  37309 ms
22) [8,12],  5048 ms
23) [8,14],  27714 ms
24) [11,14],  4994 ms
25) [8,11],  29357 ms
26) [6,12],  2224 ms
27) [5,12],  33665 ms
28) [11,9],  5016 ms
29) [12,10],  14723 ms
30) [12,14],  4997 ms
31) [11,15],  26769 ms
32) [7,14],  2487 ms
33) [10,14],  7557 ms
34) [9,15],  3678 ms
35) [7,13],  21848 ms
36) [9,16],  5000 ms
37) [8,17],  17500 ms
38) [8,16],  5006 ms
39) [10,16],  16238 ms
40) [8,4],  5001 ms
41) [9,3],  5748 ms
42) [10,3],  2078 ms
43) [8,6],  13099 ms
44) [9,6],  3869 ms
45) [12,15],  4415 ms
46) [9,2],  2692 ms
47) [8,1],  5119 ms
48) [11,2],  2756 ms
49) [9,4],  4684 ms
50) [5,9],  2889 ms
51) [6,10],  7534 ms
52) [7,9],  4564 ms
53) [6,9],  3866 ms
54) [6,8],  3554 ms
55) [8,10],  5821 ms
56) [7,10],  5007 ms
57) [7,8],  3522 ms
58) [7,2],  4499 ms
59) [10,2],  3220 ms
60) [7,16],  2990 ms
61) [8,15],  5771 ms
62) [6,2],  2778 ms
63) [7,3],  4344 ms
64) [10,1],  2142 ms
65) [7,4],  1280 ms
66) [5,3],  2944 ms
67) [5,2],  4138 ms
68) [11,4],  1854 ms
69) [11,3],  1150 ms
70) [13,9],  2149 ms
71) [14,9],  23 ms
72) [13,6],  4892 ms
73) [12,5],  22 ms
74) [13,7],  442 ms
75) [13,8],  1104 ms
76) [13,4],  85 ms
77) [12,3],  864 ms
78) [13,5],  48 ms
79) [13,3],  22 ms
80) [14,4],  26 ms
81) [12,4],  30 ms
82) [12,6],  22 ms
83) [11,7],  23 ms
84) [14,8],  22 ms
85) [15,9],  22 ms
86) [10,4],  23 ms

pela 5.0 wins

pela 5.0:  3027 ms/turn
pela 60.0:  13 s/turn
