 0) [9,8],  2286 ms
 1) [8,7],  22 ms
 2) [9,9],  21 ms
 3) [9,10],  22 ms
 4) [10,8],  3672 ms
 5) [11,8],  22 ms
 6) [11,10],  5002 ms
 7) [11,7],  60021 ms
 8) [12,7],  4995 ms
 9) [7,8],  60008 ms
10) [9,6],  3727 ms
11) [9,7],  36324 ms
12) [8,9],  5004 ms
13) [10,9],  20363 ms
14) [7,7],  2585 ms
15) [11,6],  52464 ms
16) [11,5],  3057 ms
17) [6,6],  24148 ms
18) [9,12],  1956 ms
19) [8,13],  29376 ms
20) [7,12],  2442 ms
21) [6,12],  45312 ms
22) [5,9],  2316 ms
23) [6,9],  11606 ms
24) [5,10],  5000 ms
25) [7,10],  22088 ms
26) [6,10],  2636 ms
27) [7,11],  12187 ms
28) [12,6],  4995 ms
29) [12,8],  32280 ms
30) [6,8],  896 ms
31) [4,10],  18048 ms
32) [10,4],  355 ms
33) [9,3],  25092 ms
34) [9,5],  149 ms
35) [8,6],  21 ms
36) [12,5],  211 ms
37) [10,5],  10215 ms
38) [12,4],  74 ms
39) [12,3],  22 ms
40) [13,3],  34 ms
41) [14,2],  18117 ms
42) [13,7],  23 ms
43) [14,8],  22 ms
44) [13,4],  24 ms
45) [11,4],  6425 ms
46) [13,5],  24 ms
47) [13,6],  22 ms
48) [15,7],  24 ms
49) [13,2],  16531 ms
50) [14,1],  21 ms
51) [14,6],  7329 ms
52) [15,5],  23 ms
53) [14,5],  22 ms
54) [14,7],  22 ms
55) [16,7],  21 ms
56) [15,4],  23 ms
57) [14,4],  76 ms
58) [14,3],  21 ms
59) [15,6],  11958 ms
60) pbrain-pela:  I win !
60) [15,2],  22 ms
61) [16,1],  21 ms
62) [15,3],  22 ms
63) [15,1],  21 ms
64) [16,3],  21 ms
65) [17,3],  21 ms
66) [17,4],  22 ms
67) [18,5],  22 ms
68) [13,0],  21 ms

pela 5.0 wins

pela 5.0:  1477 ms/turn
pela 60.0:  15 s/turn
