 0) [12,9],  22 ms
 1) [11,9],  261 ms
 2) [12,8],  21 ms
 3) [12,7],  22 ms
 4) [13,9],  4984 ms
 5) [14,10],  60007 ms
 6) [16,9],  1932 ms
 7) [15,9],  60010 ms
 8) [13,11],  3069 ms
 9) [13,10],  59983 ms
10) [16,10],  4501 ms
11) [16,11],  58119 ms
12) [15,11],  5007 ms
13) [17,9],  19729 ms
14) [14,9],  2551 ms
15) [10,9],  14683 ms
16) [10,10],  4993 ms
17) [9,7],  18939 ms
18) [11,8],  1746 ms
19) [9,9],  44036 ms
20) [10,7],  5032 ms
21) [9,8],  37736 ms
22) [9,6],  2061 ms
23) [8,5],  21 ms
24) [10,8],  3588 ms
25) [7,6],  6022 ms
26) [13,8],  1821 ms
27) [14,8],  21 ms
28) [11,10],  2354 ms
29) [10,11],  1131 ms
30) [9,10],  4998 ms
31) [8,10],  355 ms
32) [14,7],  5004 ms
33) [15,6],  21 ms
34) [7,9],  4450 ms
35) [6,5],  30 ms
36) [8,7],  21 ms
37) [6,7],  25 ms
38) [5,8],  3740 ms
39) [6,4],  23 ms
40) [6,6],  24 ms
41) [9,4],  22 ms
42) [10,3],  22 ms
43) [7,5],  23 ms
44) [7,4],  23 ms
45) [5,5],  21 ms
46) [9,5],  22 ms
47) [4,5],  21 ms

pela 60.0 wins

pela 5.0:  2582 ms/turn
pela 60.0:  15 s/turn
