 0) [11,9],  27 ms
 1) [12,10],  27 ms
 2) [10,10],  27 ms
 3) [12,8],  28 ms
 4) [10,11],  26 ms
 5) [11,8],  28 ms
 6) [12,11],  27 ms
 7) [10,8],  28 ms
 8) [13,8],  5010 ms
 9) [11,11],  60000 ms
10) [9,8],  2671 ms
11) [11,10],  48067 ms
12) [11,7],  2727 ms
13) [10,13],  31190 ms
14) [14,9],  4698 ms
15) [15,10],  51392 ms
16) [13,10],  2589 ms
17) [15,8],  35684 ms
18) [10,12],  4624 ms
19) [13,9],  29697 ms
20) [15,7],  4746 ms
21) [9,11],  49110 ms
22) [8,7],  1916 ms
23) [12,7],  26792 ms
24) [12,9],  3757 ms
25) [8,9],  27677 ms
26) [13,5],  5008 ms
27) [14,6],  33479 ms
28) [13,6],  1675 ms
29) [12,6],  13164 ms
30) [11,12],  1602 ms
31) [13,4],  15340 ms
32) [12,5],  2930 ms
33) [11,4],  23464 ms
34) [10,4],  1936 ms
35) [7,6],  19548 ms
36) [14,12],  5002 ms
37) [13,12],  10002 ms
38) [9,5],  2065 ms
39) [8,6],  12072 ms
40) [6,6],  2000 ms
41) [11,5],  16174 ms
42) [11,2],  2977 ms
43) [12,2],  4991 ms
44) [13,3],  5000 ms
45) [9,13],  13066 ms
46) [12,13],  1576 ms
47) [13,14],  4746 ms
48) [8,11],  1446 ms
49) [9,7],  4353 ms
50) [5,5],  3964 ms
51) [9,15],  9975 ms
52) [9,14],  5000 ms
53) [14,4],  4078 ms
54) [16,4],  4421 ms
55) [7,13],  4379 ms
56) [8,13],  2158 ms
57) [8,12],  5291 ms
58) [10,14],  5000 ms
59) [7,12],  6594 ms
60) [7,14],  2466 ms
61) [8,14],  2034 ms
62) [6,12],  1569 ms
63) [16,9],  5369 ms
64) [17,8],  4999 ms
65) [7,9],  4595 ms
66) [9,12],  1946 ms
67) [6,15],  28 ms
68) [7,11],  1611 ms
69) [7,5],  1507 ms
70) [6,4],  28 ms
71) [5,9],  1118 ms
72) [6,9],  1792 ms
73) [7,7],  152 ms
74) [7,8],  29 ms
75) [12,4],  175 ms
76) [15,4],  28 ms
77) [5,15],  171 ms
78) [6,14],  28 ms
79) [6,8],  199 ms
80) [4,10],  28 ms
81) [5,7],  37 ms
82) [8,10],  28 ms
83) [7,15],  32 ms
84) [8,15],  28 ms
85) [6,16],  32 ms
86) [5,17],  28 ms
87) [4,15],  30 ms
88) [3,15],  28 ms
89) [11,17],  30 ms
90) [10,16],  28 ms
91) [4,6],  28 ms
92) [3,5],  28 ms
93) [7,3],  27 ms
94) [7,4],  28 ms
95) [8,8],  29 ms
96) [10,6],  27 ms
97) [5,11],  28 ms
98) [6,10],  28 ms
99) [5,8],  28 ms
100) [5,13],  27 ms
101) [5,10],  28 ms

pela 60.0 wins

pela 5.0:  1988 ms/turn
pela 60.0:  11 s/turn
