 0) [11,9],  21 ms
 1) [10,9],  1194 ms
 2) [10,8],  21 ms
 3) [11,8],  22 ms
 4) [9,7],  21 ms
 5) [8,6],  22 ms
 6) [12,10],  3412 ms
 7) [13,11],  22 ms
 8) [14,5],  2166 ms
 9) [9,6],  39917 ms
10) [8,7],  2824 ms
11) [10,7],  402 ms
12) [12,9],  1555 ms
13) [11,6],  534 ms
14) [10,6],  2453 ms
15) [12,5],  122 ms
16) [13,4],  3254 ms
17) [12,7],  42 ms
18) [9,10],  5003 ms
19) [9,4],  41 ms
20) [10,5],  4133 ms
21) [7,4],  28 ms
22) [8,5],  22 ms
23) [10,4],  27 ms
24) [8,4],  2402 ms
25) [9,5],  22 ms
26) [11,3],  1622 ms
27) [12,6],  25 ms
28) [12,4],  21 ms
29) pbrain-pela:  I win !
29) [9,3],  22 ms
30) [9,2],  22 ms
31) [11,5],  23 ms
32) [13,7],  22 ms
33) [8,2],  21 ms

pela 60.0 wins

pela 5.0:  1704 ms/turn
pela 60.0:  2499 ms/turn
