 0) [9,11],  0 ms
 1) [8,11],  887 ms
 2) [10,12],  44 ms
 3) [8,10],  22 ms
 4) [8,9],  3589 ms
 5) [10,11],  41995 ms
 6) [9,13],  4173 ms
 7) [8,14],  60040 ms
 8) [7,13],  4999 ms
 9) [6,14],  42235 ms
10) [8,13],  5035 ms
11) [10,13],  60047 ms
12) [7,14],  2043 ms
13) [9,12],  31607 ms
14) [11,14],  2695 ms
15) [6,13],  51897 ms
16) [7,12],  3492 ms
17) [7,11],  26646 ms
18) [6,12],  2453 ms
19) [7,16],  40693 ms
20) [11,15],  2968 ms
21) [9,14],  13902 ms
22) [8,15],  1753 ms
23) [7,10],  11285 ms
24) [6,9],  21 ms
25) [11,16],  11266 ms
26) [10,14],  412 ms
27) [12,16],  16612 ms
28) [10,15],  250 ms
29) [9,15],  18259 ms
30) [5,12],  167 ms
31) [4,12],  12703 ms
32) [9,16],  332 ms
33) [8,17],  12982 ms
34) [10,17],  39 ms
35) [11,18],  21 ms
36) [10,16],  33 ms
37) [10,18],  21 ms
38) [12,14],  23 ms
39) [13,13],  8494 ms
40) [12,13],  20 ms
41) [13,12],  21 ms
42) [13,15],  20 ms
43) [11,13],  20 ms
44) [13,14],  20 ms
45) [14,14],  21 ms
46) [14,15],  20 ms
47) [12,15],  20 ms
48) [15,16],  20 ms
49) [16,17],  20 ms
50) [11,12],  21 ms

pela 5.0 wins

pela 5.0:  1332 ms/turn
pela 60.0:  18 s/turn
