 0) [12,8],  27 ms
 1) [12,7],  26 ms
 2) [13,8],  26 ms
 3) [14,8],  30 ms
 4) [15,7],  60004 ms
 5) [14,5],  4806 ms
 6) [13,6],  32205 ms
 7) [13,7],  3511 ms
 8) [15,6],  26223 ms
 9) [12,9],  3172 ms
10) [11,7],  60006 ms
11) [14,6],  5000 ms
12) [14,7],  17950 ms
13) [15,8],  5008 ms
14) [12,6],  49794 ms
15) [10,6],  3670 ms
16) [16,7],  16887 ms
17) [16,5],  3014 ms
18) [15,4],  24528 ms
19) [10,8],  3172 ms
20) [10,9],  18564 ms
21) [9,7],  5006 ms
22) [8,6],  17728 ms
23) [10,7],  5006 ms
24) [11,5],  14445 ms
25) [15,3],  4405 ms
26) [15,5],  24819 ms
27) [17,7],  4393 ms
28) [10,4],  32119 ms
29) [11,3],  3206 ms
30) [8,5],  29238 ms
31) [8,4],  2535 ms
32) [9,5],  619 ms
33) [10,5],  1865 ms
34) [7,6],  98 ms
35) [9,6],  3761 ms
36) [8,7],  38 ms
37) [9,8],  1743 ms
38) [7,7],  33 ms
39) [6,8],  27 ms
40) [7,8],  28 ms
41) [7,9],  2466 ms
42) [9,3],  26 ms
43) [8,2],  27 ms
44) [7,5],  26 ms
45) [7,4],  26 ms
46) [8,8],  26 ms
47) [8,9],  26 ms
48) [5,5],  26 ms
49) [6,5],  26 ms
50) [6,6],  26 ms
51) [9,9],  26 ms
52) [4,4],  27 ms

pela 60.0 wins

pela 5.0:  2536 ms/turn
pela 60.0:  15 s/turn
