 0) [11,9],  0 ms
 1) [10,9],  145 ms
 2) [9,10],  23 ms
 3) [10,10],  21 ms
 4) [10,11],  23 ms
 5) [11,11],  22 ms
 6) [9,9],  22 ms
 7) [11,12],  44440 ms
 8) [10,13],  5000 ms
 9) [9,12],  29703 ms
10) [12,12],  2878 ms
11) [9,7],  22398 ms
12) [12,14],  4377 ms
13) [12,13],  44524 ms
14) [10,14],  4022 ms
15) [10,15],  26194 ms
16) [11,14],  2641 ms
17) [9,14],  60031 ms
18) [8,13],  5021 ms
19) [11,13],  37499 ms
20) [7,13],  4805 ms
21) [6,13],  16545 ms
22) [8,12],  1712 ms
23) [7,11],  45488 ms
24) [14,14],  4953 ms
25) [13,14],  22 ms
26) [9,13],  2349 ms
27) [11,15],  18879 ms
28) [15,15],  1642 ms
29) [16,16],  22418 ms
30) [14,15],  5020 ms
31) [14,16],  33096 ms
32) [13,16],  2130 ms
33) [15,14],  28356 ms
34) [6,14],  5000 ms
35) [5,15],  10475 ms
36) [12,15],  3471 ms
37) [14,17],  22 ms
38) [16,15],  2700 ms
39) [13,15],  22 ms
40) [6,7],  1380 ms
41) [15,17],  7245 ms
42) [12,17],  4837 ms
43) [5,14],  21774 ms
44) [4,15],  4998 ms
45) [9,6],  9338 ms
46) [5,16],  5007 ms
47) [8,14],  17328 ms
48) [4,16],  2093 ms
49) [4,17],  14862 ms
50) [3,15],  5000 ms
51) [6,17],  12735 ms
52) [2,15],  1729 ms
53) [5,17],  6866 ms
54) [7,17],  1784 ms
55) [2,16],  9935 ms
56) [3,14],  2334 ms
57) [3,13],  7107 ms
58) [17,17],  1327 ms
59) [5,11],  7498 ms
60) [5,13],  2182 ms
61) [4,13],  6428 ms
62) [4,12],  2943 ms
63) [7,15],  1529 ms
64) [7,16],  1655 ms
65) [6,16],  3486 ms
66) [4,18],  22 ms
67) [10,6],  3552 ms
68) [1,12],  3693 ms
69) [2,13],  22 ms
70) [17,15],  2831 ms
71) [18,15],  22 ms
72) [12,18],  4996 ms
73) [12,16],  22 ms
74) [1,15],  2273 ms
75) [0,15],  22 ms
76) [11,18],  4135 ms
77) [10,19],  22 ms
78) [7,8],  4995 ms
79) [8,9],  22 ms
80) [10,7],  1530 ms
81) [4,11],  24 ms
82) [6,11],  23 ms
83) pbrain-pela:  I win !
83) [3,12],  22 ms
84) [1,14],  22 ms
85) [2,11],  21 ms
86) [6,15],  22 ms
87) [1,10],  22 ms

pela 60.0 wins

pela 5.0:  2718 ms/turn
pela 60.0:  12 s/turn
