 0) [12,12],  26 ms
 1) [13,12],  25 ms
 2) [14,11],  25 ms
 3) [13,11],  25 ms
 4) [13,13],  26 ms
 5) [14,14],  24 ms
 6) [12,11],  3750 ms
 7) [12,9],  60004 ms
 8) [9,9],  2543 ms
 9) [11,11],  21800 ms
10) [13,9],  4665 ms
11) [12,14],  57396 ms
12) [15,14],  2167 ms
13) [13,15],  18871 ms
14) [15,13],  4429 ms
15) [11,13],  44885 ms
16) [10,12],  3103 ms
17) [14,16],  14973 ms
18) [15,17],  25 ms
19) [11,14],  2006 ms
20) [11,12],  1773 ms
21) [13,14],  1029 ms
22) [10,14],  25 ms
23) [14,13],  985 ms
24) [14,15],  3837 ms
25) [11,16],  322 ms
26) [15,15],  3112 ms
27) [15,16],  23 ms
28) [15,12],  4778 ms
29) [15,11],  23 ms
30) [12,16],  4995 ms
31) [11,15],  27 ms
32) [11,17],  23 ms
33) [12,15],  26 ms
34) [10,17],  23 ms
35) [10,15],  25 ms
36) [9,15],  23 ms
37) [13,16],  25 ms
38) [13,18],  22 ms
39) [10,13],  23 ms
40) [14,17],  23 ms
41) [9,12],  22 ms

pela 60.0 wins

pela 5.0:  1875 ms/turn
pela 60.0:  10 s/turn
