 0) [9,8],  2129 ms
 1) [8,8],  1324 ms
 2) [10,9],  51 ms
 3) [8,7],  58 ms
 4) [8,6],  31209 ms
 5) [10,8],  1887 ms
 6) [9,10],  19317 ms
 7) [8,11],  3452 ms
 8) [8,10],  60029 ms
 9) [8,9],  1396 ms
10) [9,11],  60010 ms
11) [9,12],  3544 ms
12) [6,8],  42996 ms
13) [7,9],  5005 ms
14) [7,7],  2484 ms
15) [9,5],  5001 ms
16) [5,9],  122 ms
17) [4,10],  25 ms
18) [6,10],  59 ms
19) [7,10],  3750 ms
20) [6,9],  30 ms
21) [6,11],  2671 ms
22) [6,6],  29 ms
23) [6,7],  27 ms
24) [5,6],  31 ms
25) [7,6],  1853 ms
26) [5,8],  30 ms
27) [5,7],  26 ms
28) [4,8],  27 ms
29) [3,8],  28 ms
30) [3,7],  76 ms
31) [7,11],  26 ms
32) [2,6],  26 ms

pela 60.0 wins

pela 5.0:  1879 ms/turn
pela 60.0:  12 s/turn
