 0) [8,11],  28 ms
 1) [9,11],  29 ms
 2) [8,10],  26 ms
 3) [8,9],  29 ms
 4) [9,8],  1823 ms
 5) [11,9],  22134 ms
 6) [10,10],  3996 ms
 7) [9,10],  44792 ms
 8) [10,8],  5015 ms
 9) [7,11],  26749 ms
10) [9,12],  1695 ms
11) [10,9],  19745 ms
12) [9,9],  4501 ms
13) [8,8],  52761 ms
14) [10,11],  5007 ms
15) [10,13],  20686 ms
16) [9,5],  2547 ms
17) [11,7],  20847 ms
18) [11,8],  4995 ms
19) [9,6],  37858 ms
20) [13,13],  2782 ms
21) [13,8],  50628 ms
22) [7,10],  2752 ms
23) [13,9],  14391 ms
24) [6,9],  2572 ms
25) [5,8],  26 ms
26) [11,11],  4249 ms
27) [12,12],  25 ms
28) [13,7],  2577 ms
29) [14,10],  35 ms
30) [12,8],  1990 ms
31) [15,9],  28 ms
32) [13,11],  1559 ms
33) [14,9],  29 ms
34) [12,9],  26 ms
35) [16,9],  26 ms
36) [17,9],  26 ms
37) [14,11],  26 ms
38) [15,10],  30 ms
39) [14,8],  27 ms
40) [14,12],  25 ms
41) [14,7],  26 ms

pela 60.0 wins

pela 5.0:  2296 ms/turn
pela 60.0:  14 s/turn
