 0) [9,8],  2250 ms
 1) [8,8],  2106 ms
 2) [10,9],  107 ms
 3) [8,7],  29 ms
 4) [8,6],  4914 ms
 5) [10,8],  50349 ms
 6) [9,10],  4385 ms
 7) [8,11],  60013 ms
 8) [7,10],  1501 ms
 9) [6,11],  44832 ms
10) [8,10],  5014 ms
11) [10,10],  59999 ms
12) [7,11],  2173 ms
13) [9,9],  35247 ms
14) [11,11],  2688 ms
15) [6,10],  49638 ms
16) [7,9],  3194 ms
17) [7,8],  24981 ms
18) [6,9],  2305 ms
19) [7,13],  13414 ms
20) [11,12],  5001 ms
21) [9,11],  18961 ms
22) [8,12],  2291 ms
23) [7,7],  16513 ms
24) [6,6],  27 ms
25) [11,13],  31988 ms
26) [10,11],  506 ms
27) [12,13],  18402 ms
28) [10,12],  224 ms
29) [9,12],  24775 ms
30) [5,9],  215 ms
31) [4,9],  21254 ms
32) [9,13],  391 ms
33) [8,14],  6292 ms
34) [10,14],  52 ms
35) [11,15],  27 ms
36) [10,13],  48 ms
37) [10,15],  27 ms
38) [12,11],  37 ms
39) [13,10],  14714 ms
40) pbrain-pela:  I win !
40) [12,10],  27 ms
41) [13,9],  27 ms
42) [13,12],  27 ms
43) [11,10],  28 ms
44) [13,11],  26 ms
45) [14,11],  27 ms
46) [14,12],  27 ms
47) [12,12],  27 ms
48) [15,13],  27 ms
49) [16,14],  27 ms
50) [11,9],  28 ms

pela 5.0 wins

pela 5.0:  1441 ms/turn
pela 60.0:  19 s/turn
