 0) [11,9],  26 ms
 1) [11,8],  26 ms
 2) [10,8],  26 ms
 3) [10,9],  26 ms
 4) [12,10],  27 ms
 5) [13,11],  26 ms
 6) [14,10],  5007 ms
 7) [15,10],  51465 ms
 8) [12,7],  2926 ms
 9) [12,6],  39095 ms
10) [13,7],  3383 ms
11) [11,7],  60005 ms
12) [13,9],  3673 ms
13) [14,8],  50333 ms
14) [15,7],  1552 ms
15) [14,7],  16028 ms
16) [14,6],  2166 ms
17) [12,8],  53209 ms
18) [15,8],  3632 ms
19) [15,5],  21102 ms
20) [12,9],  5007 ms
21) [8,7],  35268 ms
22) [8,6],  1392 ms
23) [9,7],  26 ms
24) [10,7],  1665 ms
25) [9,8],  25424 ms
26) [14,9],  5021 ms
27) [15,9],  25 ms
28) [7,6],  5007 ms
29) [9,6],  31 ms
30) [9,5],  1425 ms
31) [9,10],  26 ms
32) [9,9],  24 ms
33) [7,12],  25 ms
34) [8,11],  23 ms
35) [10,5],  17991 ms
36) [7,8],  1619 ms
37) [7,7],  26238 ms
38) [11,4],  1478 ms
39) [13,10],  29073 ms
40) [13,12],  2404 ms
41) [13,5],  8027 ms
42) [15,3],  1545 ms
43) [16,6],  6486 ms
44) [16,5],  5007 ms
45) [12,11],  18671 ms
46) [11,10],  25 ms
47) [8,12],  20195 ms
48) [14,11],  5001 ms
49) [14,13],  17311 ms
50) [6,7],  5000 ms
51) [5,8],  8007 ms
52) [9,13],  1613 ms
53) [11,11],  13692 ms
54) [9,11],  2988 ms
55) [5,6],  11732 ms
56) [6,12],  2081 ms
57) [7,11],  5172 ms
58) [5,9],  1957 ms
59) [9,12],  9321 ms
60) [11,12],  4888 ms
61) [3,8],  4554 ms
62) [3,6],  5010 ms
63) [15,13],  3991 ms
64) [15,12],  1930 ms
65) [16,12],  6767 ms
66) [14,14],  5000 ms
67) [14,12],  4946 ms
68) [16,14],  1813 ms
69) [17,13],  5102 ms
70) [16,13],  4533 ms
71) [17,14],  2598 ms
72) [17,12],  5009 ms
73) [18,11],  1402 ms
74) [14,3],  5003 ms
75) [16,3],  2507 ms
76) [11,3],  1891 ms
77) [12,2],  1392 ms
78) [15,4],  5008 ms
79) [13,2],  2826 ms
80) [13,3],  3210 ms
81) [12,3],  26 ms
82) [12,5],  1700 ms
83) [13,4],  2830 ms
84) [11,2],  5002 ms
85) [11,1],  1247 ms
86) [12,14],  5003 ms
87) [12,13],  1341 ms
88) [6,9],  3074 ms
89) [7,9],  2052 ms
90) [7,10],  4648 ms
91) [6,11],  886 ms
92) [4,9],  1772 ms
93) [5,5],  1648 ms
94) [5,4],  1808 ms
95) [8,8],  1395 ms
96) [6,10],  2463 ms
97) [4,10],  1209 ms
98) [2,8],  3511 ms
99) [2,7],  1036 ms
100) [4,3],  1525 ms
101) [3,2],  881 ms
102) [5,3],  1515 ms
103) [6,6],  751 ms
104) [4,4],  26 ms
105) [10,6],  645 ms
106) [11,5],  26 ms
107) [11,6],  26 ms
108) [13,6],  26 ms
109) [11,13],  200 ms
110) [13,13],  25 ms
111) [10,3],  519 ms
112) [6,4],  27 ms
113) [3,4],  26 ms
114) pbrain-pela:  I win !
114) [4,2],  27 ms
115) [7,5],  25 ms
116) [4,1],  26 ms
117) [4,5],  26 ms
118) [4,0],  26 ms

pela 5.0 wins

pela 5.0:  2470 ms/turn
pela 60.0:  10 s/turn
