 0) [9,8],  1990 ms
 1) [8,8],  21 ms
 2) [10,9],  21 ms
 3) [8,7],  20 ms
 4) [8,6],  4105 ms
 5) [10,8],  48556 ms
 6) [9,10],  4248 ms
 7) [8,11],  60001 ms
 8) [7,10],  1482 ms
 9) [6,11],  44527 ms
10) [8,10],  1605 ms
11) [10,10],  60010 ms
12) [7,11],  2300 ms
13) [9,9],  35001 ms
14) [11,11],  2855 ms
15) [6,10],  50267 ms
16) [7,9],  3716 ms
17) [7,8],  29553 ms
18) [6,9],  2069 ms
19) [7,13],  13282 ms
20) [11,12],  5031 ms
21) [9,11],  18905 ms
22) [8,12],  2353 ms
23) [7,7],  16453 ms
24) [6,6],  20 ms
25) [11,13],  31899 ms
26) [10,11],  331 ms
27) [12,13],  13839 ms
28) [10,12],  183 ms
29) [9,12],  23948 ms
30) [5,9],  169 ms
31) [4,9],  20535 ms
32) [9,13],  309 ms
33) [8,14],  19015 ms
34) [10,14],  44 ms
35) [11,15],  21 ms
36) [10,13],  41 ms
37) [10,15],  22 ms
38) [12,11],  26 ms
39) [13,10],  11832 ms
40) pbrain-pela:  I win !
40) [12,10],  22 ms
41) [13,9],  21 ms
42) [13,12],  21 ms
43) [11,10],  22 ms
44) [13,11],  21 ms
45) [14,11],  22 ms
46) [14,12],  21 ms
47) [12,12],  22 ms
48) [15,13],  22 ms
49) [16,14],  21 ms
50) [11,9],  21 ms

pela 5.0 wins

pela 5.0:  1270 ms/turn
pela 60.0:  19 s/turn
