 0) [11,11],  25 ms
 1) [10,12],  58 ms
 2) [11,10],  24 ms
 3) [11,9],  24 ms
 4) [12,11],  4850 ms
 5) [10,11],  26 ms
 6) [9,7],  1685 ms
 7) [9,8],  60019 ms
 8) [10,13],  4531 ms
 9) [11,12],  35439 ms
10) [8,9],  2185 ms
11) [8,7],  47154 ms
12) [8,8],  5005 ms
13) [7,9],  29756 ms
14) [9,11],  5010 ms
15) [8,11],  34259 ms
16) [7,6],  3697 ms
17) [7,5],  18529 ms
18) [6,6],  2585 ms
19) [5,6],  25436 ms
20) [6,7],  3424 ms
21) [5,5],  49898 ms
22) [4,5],  1774 ms
23) [8,5],  18536 ms
24) [6,5],  4382 ms
25) [6,8],  40136 ms
26) [5,7],  2354 ms
27) [6,4],  24707 ms
28) [8,4],  2237 ms
29) [10,10],  30857 ms
30) [10,8],  5001 ms
