 0) [10,8],  22 ms
 1) [9,8],  1090 ms
 2) [10,7],  21 ms
 3) [10,6],  27 ms
 4) [11,8],  1885 ms
 5) [12,9],  31485 ms
 6) [14,8],  3595 ms
 7) [13,8],  28016 ms
 8) [11,10],  4993 ms
 9) [11,9],  34179 ms
10) [14,9],  4997 ms
11) [14,10],  59993 ms
12) [15,8],  5000 ms
13) [16,7],  28166 ms
14) [15,11],  3690 ms
15) [15,9],  25890 ms
16) [13,11],  5029 ms
17) [12,11],  28091 ms
18) [12,8],  4921 ms
19) [8,8],  41120 ms
20) [8,9],  5050 ms
21) [7,6],  16945 ms
22) [9,7],  1786 ms
23) [7,8],  43581 ms
24) [8,6],  5028 ms
25) [7,7],  23089 ms
26) [7,5],  4995 ms
27) [6,4],  21 ms
28) [8,7],  2107 ms
29) [5,8],  565 ms
30) [6,8],  24 ms
31) [5,5],  656 ms
32) [11,7],  5024 ms
33) [12,7],  22 ms
34) [9,9],  2302 ms
35) [8,10],  54 ms
36) [7,9],  5008 ms
37) [6,9],  28 ms
38) [12,6],  2670 ms
39) [13,5],  20 ms
40) [4,4],  1568 ms
41) [4,7],  22 ms
42) [3,6],  21 ms
43) [7,10],  22 ms
44) [8,11],  20 ms
45) [5,7],  22 ms
46) [6,7],  20 ms
47) [5,6],  20 ms
48) [5,9],  20 ms
49) [5,4],  20 ms

pela 60.0 wins

pela 5.0:  2791 ms/turn
pela 60.0:  14 s/turn
