 0) [9,11],  0 ms
 1) [8,11],  191 ms
 2) [9,10],  22 ms
 3) [9,9],  22 ms
 4) [8,8],  1405 ms
 5) [6,9],  59993 ms
 6) [7,10],  2248 ms
 7) [8,10],  44871 ms
 8) [10,8],  3735 ms
 9) [9,8],  55270 ms
10) [6,12],  1957 ms
11) [6,10],  59994 ms
12) [5,9],  5000 ms
13) [7,13],  28756 ms
14) [8,6],  3705 ms
15) [7,5],  48818 ms
16) [10,6],  5036 ms
17) [10,7],  43178 ms
18) [5,8],  2591 ms
19) [5,7],  37005 ms
20) [8,5],  3000 ms
21) [8,9],  11664 ms
22) [7,9],  1733 ms
23) [7,6],  14043 ms
24) [6,6],  3732 ms
25) [8,7],  28019 ms
26) [6,5],  5031 ms
27) [6,3],  9488 ms
28) [8,13],  1604 ms
29) [9,7],  20810 ms
30) [7,7],  2643 ms
31) [6,8],  12562 ms
32) [9,6],  1652 ms
33) [12,9],  7380 ms
34) [10,9],  4518 ms
35) [12,7],  11193 ms
36) [11,7],  20 ms
37) [9,5],  15245 ms
38) [12,5],  2338 ms
39) [7,3],  13082 ms
40) [7,2],  2615 ms
41) [11,6],  3859 ms
42) [8,3],  1722 ms
43) [8,2],  9493 ms
44) [7,12],  1571 ms
45) [5,12],  5645 ms
46) [10,11],  2404 ms
47) [10,12],  8475 ms
48) [13,8],  2717 ms
49) [8,14],  7268 ms
50) [13,6],  2249 ms
51) [14,7],  2856 ms
52) [4,4],  1889 ms
53) [5,5],  22 ms
54) [6,4],  1539 ms
55) [7,4],  2311 ms
56) [14,8],  4994 ms
57) [12,8],  2969 ms
58) [12,10],  4887 ms
59) [13,7],  1716 ms
60) [15,5],  4991 ms
61) [15,7],  4830 ms
62) [16,7],  21 ms
63) [14,5],  2245 ms
64) [16,6],  3590 ms
65) [16,8],  3815 ms
66) [13,11],  2645 ms
67) [12,11],  3261 ms
68) [13,10],  5001 ms
69) [6,11],  2797 ms
70) [6,7],  20 ms
71) [11,10],  1647 ms
72) [13,12],  41 ms
73) [13,9],  20 ms
74) [13,13],  25 ms
75) [13,14],  20 ms
76) [14,12],  25 ms
77) [11,9],  20 ms
78) [14,6],  21 ms
79) [15,6],  20 ms
80) [15,12],  23 ms
81) [16,12],  23 ms
82) [16,14],  23 ms
83) [15,13],  20 ms
84) [16,10],  25 ms
85) [15,11],  21 ms
86) [14,10],  20 ms
87) [15,10],  20 ms
88) [12,12],  20 ms
89) [11,12],  20 ms
90) [11,13],  21 ms
91) [15,9],  20 ms
92) [10,14],  21 ms

pela 5.0 wins

pela 5.0:  2023 ms/turn
pela 60.0:  12 s/turn
