 0) [8,12],  1 ms
 1) [7,12],  211 ms
 2) [9,11],  21 ms
 3) [7,13],  22 ms
 4) [7,14],  2704 ms
 5) [9,12],  27895 ms
 6) [8,10],  2826 ms
 7) [7,9],  49379 ms
 8) [6,10],  5000 ms
 9) [5,9],  31476 ms
10) [7,10],  4993 ms
11) [9,10],  60001 ms
12) [6,9],  4999 ms
13) [8,11],  29271 ms
14) [10,9],  2709 ms
15) [5,10],  57396 ms
16) [6,11],  2265 ms
17) [6,12],  25983 ms
18) [5,11],  2047 ms
19) [6,7],  19396 ms
20) [10,8],  4995 ms
21) [8,9],  39283 ms
22) [7,8],  2329 ms
23) [6,13],  18579 ms
24) [5,14],  20 ms
25) [10,7],  28285 ms
26) [9,9],  398 ms
27) [11,7],  30388 ms
28) [9,8],  181 ms
29) [8,8],  23948 ms
30) [4,11],  169 ms
31) [3,11],  20890 ms
32) [8,7],  341 ms
33) [7,6],  19668 ms
34) [9,6],  43 ms
35) [10,5],  21 ms
36) [9,7],  25 ms
37) [9,5],  20 ms
38) [11,9],  26 ms
39) [12,10],  12211 ms
40) [11,10],  21 ms
41) [12,11],  21 ms
42) [12,8],  22 ms
43) [10,10],  21 ms
44) [12,9],  21 ms
45) [13,9],  21 ms
46) [13,8],  21 ms
47) [11,8],  20 ms
48) [14,7],  22 ms
49) [15,6],  21 ms
50) [10,11],  21 ms

pela 5.0 wins

pela 5.0:  1393 ms/turn
pela 60.0:  19 s/turn
