 0) [9,8],  1034 ms
 1) [8,7],  23 ms
 2) [9,9],  23 ms
 3) [9,10],  22 ms
 4) [10,8],  2017 ms
 5) [8,8],  21 ms
 6) [8,11],  5004 ms
 7) [7,11],  34429 ms
 8) [8,6],  2709 ms
 9) [9,7],  23402 ms
10) [6,10],  4359 ms
11) [7,13],  60006 ms
12) [10,7],  5001 ms
13) [10,6],  20710 ms
14) [11,5],  3160 ms
15) [7,10],  33914 ms
16) [7,12],  3022 ms
17) [11,7],  25691 ms
18) [8,13],  1695 ms
19) [6,12],  19455 ms
20) [5,11],  3607 ms
21) [9,14],  38278 ms
22) [13,7],  5022 ms
23) [12,6],  49143 ms
24) [9,6],  2964 ms
25) [11,8],  30636 ms
26) [12,8],  4995 ms
27) [14,6],  20472 ms
28) [13,6],  2866 ms
29) [13,4],  17450 ms
30) [14,4],  5005 ms
31) [6,14],  32336 ms
32) [6,15],  2471 ms
33) [7,14],  27703 ms
34) [8,14],  5000 ms
35) [8,12],  11724 ms
36) [9,11],  3008 ms
37) [10,10],  22083 ms
38) [8,10],  3534 ms
39) [7,9],  18926 ms
40) [7,7],  1569 ms
41) [9,5],  15039 ms
42) [12,5],  5005 ms
43) [11,6],  7274 ms
44) [4,15],  3431 ms
45) [6,13],  5300 ms
46) [9,16],  1876 ms
47) [13,5],  5733 ms
48) [8,17],  5009 ms
49) [8,16],  11456 ms
50) [5,15],  4993 ms
51) [7,15],  9087 ms
52) [5,13],  2166 ms
53) [5,12],  6367 ms
54) [4,11],  2956 ms
55) [10,15],  7621 ms
56) [7,16],  1497 ms
57) [5,14],  6522 ms
58) [8,4],  4994 ms
59) [10,14],  1608 ms
60) [10,19],  3369 ms
61) [9,18],  22 ms
62) [2,15],  2006 ms
63) [3,15],  23 ms
64) [11,15],  2080 ms
65) [10,16],  36 ms
66) [10,17],  2469 ms
67) [11,13],  24 ms
68) [9,15],  1946 ms
69) [10,13],  28 ms
70) [10,12],  22 ms
71) [11,10],  24 ms
72) [11,9],  22 ms
73) [12,13],  26 ms
74) [13,13],  22 ms
75) [13,10],  22 ms
76) [12,10],  22 ms
77) [11,12],  22 ms
78) [12,11],  22 ms
79) [10,11],  21 ms
80) [13,14],  22 ms
81) [8,9],  21 ms

pela 60.0 wins

pela 5.0:  2731 ms/turn
pela 60.0:  13 s/turn
