 0) [11,8],  28 ms
 1) [12,9],  27 ms
 2) [11,7],  27 ms
 3) [11,6],  27 ms
 4) [10,8],  2341 ms
 5) [12,8],  27 ms
 6) [10,9],  5006 ms
 7) [10,7],  34829 ms
 8) [12,5],  3804 ms
 9) [9,9],  21281 ms
10) [11,10],  4004 ms
11) [11,11],  58799 ms
12) [12,12],  2785 ms
13) [13,12],  60014 ms
14) [13,5],  2069 ms
15) [12,6],  54278 ms
16) [12,10],  2659 ms
17) [13,6],  33963 ms
18) [14,6],  3706 ms
19) [10,10],  16540 ms
20) [9,11],  4437 ms
21) [12,4],  45738 ms
22) [9,6],  1912 ms
23) [8,7],  37590 ms
24) [8,10],  5014 ms
25) [7,9],  33844 ms
26) [7,7],  3637 ms
27) [13,11],  29004 ms
28) [14,11],  1691 ms
29) [11,5],  7753 ms
30) [9,7],  5008 ms
31) [8,6],  23751 ms
32) [10,4],  2027 ms
33) [15,4],  20365 ms
34) [16,3],  5014 ms
35) [16,5],  17454 ms
36) [14,4],  3326 ms
37) [7,10],  7802 ms
38) [9,8],  5012 ms
39) [6,9],  6300 ms
40) [5,9],  2088 ms
41) [7,8],  12940 ms
42) [5,10],  2402 ms
43) [5,11],  10239 ms
44) [7,12],  5030 ms
45) [8,11],  9642 ms
46) [5,8],  1768 ms
47) [4,9],  3236 ms
48) [9,12],  3389 ms
49) [9,14],  7798 ms
50) [6,11],  3108 ms
51) [9,5],  6685 ms
52) [8,5],  4758 ms
53) [6,6],  4275 ms
54) [13,10],  2652 ms
55) [14,10],  3269 ms
56) [6,7],  2945 ms
57) [8,14],  4659 ms
58) [8,12],  5004 ms
59) [10,12],  1966 ms
60) [9,13],  3641 ms
61) [6,12],  3690 ms
62) [7,13],  1553 ms
63) [6,10],  3101 ms
64) [4,12],  2763 ms
65) [7,15],  2088 ms
66) [13,3],  4181 ms
67) [14,3],  1049 ms
68) [17,6],  5016 ms
69) [6,16],  1094 ms
70) [8,13],  5014 ms
71) [10,13],  1553 ms
72) [10,14],  2351 ms
73) [11,15],  1901 ms
74) [8,15],  5028 ms
75) [6,13],  1636 ms
76) [6,14],  4889 ms
77) [5,15],  29 ms
78) [5,17],  5005 ms
79) [15,5],  1405 ms
80) [16,6],  2274 ms
81) [4,6],  1195 ms
82) [18,6],  2386 ms
83) [15,6],  29 ms
84) [15,3],  4831 ms
85) [16,2],  344 ms
86) [15,7],  4910 ms
87) [17,5],  708 ms
88) [18,5],  2157 ms
89) [14,8],  873 ms
90) [13,8],  3918 ms
91) [17,4],  745 ms
92) [18,3],  3349 ms
93) [18,4],  635 ms
94) [17,3],  1663 ms
95) [19,3],  31 ms
96) [4,14],  2143 ms
97) [7,14],  259 ms
98) [5,6],  761 ms
99) [5,7],  30 ms
100) [3,9],  1119 ms
101) [15,9],  175 ms
102) [13,7],  30 ms
103) [16,7],  254 ms
104) [3,11],  1702 ms
105) [3,12],  452 ms
106) [4,5],  1541 ms
107) [4,10],  377 ms
108) [3,8],  1603 ms
109) [3,10],  318 ms
110) [17,8],  385 ms
111) [17,9],  264 ms
112) [3,5],  449 ms
113) [2,5],  201 ms
114) [7,6],  34 ms
115) [9,4],  35 ms
116) [3,6],  1192 ms
117) [3,7],  33 ms
118) [4,8],  1063 ms
119) [2,8],  83 ms
120) [1,9],  263 ms
121) [5,13],  87 ms
122) [5,12],  881 ms
123) [5,4],  108 ms
124) [15,10],  248 ms
125) [6,4],  102 ms
126) [5,5],  30 ms
127) [6,5],  117 ms
128) [8,4],  424 ms
129) [16,9],  69 ms
130) [18,9],  653 ms
131) [13,13],  86 ms
132) [13,9],  577 ms
133) [16,4],  32 ms
134) [19,4],  51 ms
135) [16,8],  41 ms
136) [17,7],  32 ms
137) [16,10],  38 ms
138) [16,11],  43 ms
139) [14,12],  58 ms
140) [15,11],  67 ms
141) [17,11],  31 ms
142) [18,12],  50 ms
143) [12,14],  45 ms
144) [10,16],  32 ms
145) [13,15],  30 ms
146) [13,14],  34 ms
147) [11,13],  31 ms
148) [14,16],  34 ms
149) [11,14],  77 ms
150) [11,12],  30 ms
151) [12,13],  30 ms
152) [14,13],  29 ms
153) [10,15],  31 ms
154) [9,16],  33 ms
155) [12,15],  30 ms
156) [14,15],  30 ms
157) [9,15],  30 ms

pela 60.0 wins

pela 5.0:  2242 ms/turn
pela 60.0:  7591 ms/turn
