 0) [9,8],  765 ms
 1) [8,9],  22 ms
 2) [9,7],  21 ms
 3) [9,6],  22 ms
 4) [10,8],  3051 ms
 5) [8,8],  21 ms
 6) [7,4],  4998 ms
 7) [7,5],  53168 ms
 8) [8,10],  4728 ms
 9) [9,9],  36213 ms
10) [6,6],  2518 ms
11) [6,4],  57481 ms
12) [6,5],  5007 ms
13) [5,6],  42508 ms
14) [7,8],  2153 ms
15) [6,8],  51582 ms
16) [5,3],  5034 ms
17) [5,2],  29571 ms
18) [4,3],  4063 ms
19) [3,3],  38213 ms
20) [4,4],  4702 ms
21) [3,5],  24637 ms
22) [3,6],  4990 ms
23) [4,5],  38082 ms
24) [5,5],  1350 ms
25) [8,6],  32656 ms
26) [5,9],  1918 ms
27) [4,2],  21007 ms
28) [3,2],  2410 ms
29) [5,4],  24966 ms
30) [5,10],  2654 ms
31) [6,9],  8530 ms
32) [7,10],  1481 ms
33) [6,10],  9763 ms
34) [6,11],  2391 ms
35) [7,12],  8967 ms
36) [8,5],  4144 ms
37) [10,9],  17500 ms
38) [7,9],  20 ms
39) [7,7],  10059 ms
40) [10,10],  2272 ms
41) [6,12],  4152 ms
42) [11,9],  4998 ms
43) [12,8],  7998 ms
44) [9,5],  5006 ms
45) [9,10],  4854 ms
46) [8,11],  5006 ms
47) [5,11],  5830 ms
48) [4,12],  2803 ms
49) [14,10],  10308 ms
50) [10,13],  2304 ms
51) [11,14],  8814 ms
52) [4,13],  2041 ms
53) [3,14],  6010 ms
54) [11,7],  3479 ms
55) [12,10],  6732 ms
56) [15,10],  5001 ms
57) [2,14],  4104 ms
58) [5,14],  4992 ms
59) [6,15],  2033 ms
60) [10,14],  1361 ms
61) [10,12],  4207 ms
62) [8,12],  5016 ms
63) [8,13],  4280 ms
64) [8,14],  5016 ms
65) [7,14],  1362 ms
66) [9,12],  2832 ms
67) [5,16],  991 ms
68) [4,17],  21 ms
69) [9,11],  1224 ms
70) [4,15],  5039 ms
71) [4,14],  3157 ms
72) [3,16],  2631 ms
73) [2,17],  1992 ms
74) [12,7],  2152 ms
75) [10,7],  919 ms
76) [7,13],  3365 ms
77) [10,15],  691 ms
78) [12,13],  3288 ms
79) [15,8],  2183 ms
80) [14,8],  3842 ms
81) [13,13],  1877 ms
82) [11,16],  5000 ms
83) [11,15],  1609 ms
84) [12,14],  1509 ms
85) [12,12],  1369 ms
86) [13,11],  5015 ms
87) [13,10],  1187 ms
88) [12,9],  1783 ms
89) [13,8],  1034 ms
90) [12,15],  5005 ms
91) [12,17],  853 ms
92) [11,5],  1541 ms
93) [12,5],  270 ms
94) [13,6],  1680 ms
95) [11,6],  237 ms
96) [10,6],  2291 ms
97) [14,5],  528 ms
98) [14,3],  2991 ms
99) [10,17],  604 ms
100) [13,3],  293 ms
101) [12,4],  21 ms
102) [13,5],  237 ms
103) [13,7],  296 ms
104) [13,2],  56 ms
105) [13,4],  20 ms
106) [12,3],  50 ms
107) [15,3],  464 ms
108) [7,3],  23 ms
109) [8,4],  20 ms
110) [11,3],  24 ms
111) [10,3],  20 ms
112) [8,3],  22 ms
113) [6,3],  20 ms
114) [14,4],  24 ms
115) [12,6],  20 ms
116) [9,2],  24 ms
117) [10,1],  20 ms
118) [11,1],  24 ms
119) [12,2],  20 ms
120) pbrain-pela:  I win !
120) [11,4],  21 ms
121) [11,2],  20 ms
122) [14,1],  20 ms
123) [15,0],  21 ms
124) [10,5],  20 ms

pela 5.0 wins

pela 5.0:  2516 ms/turn
pela 60.0:  9634 ms/turn
