 0) [10,9],  28 ms
 1) [9,8],  28 ms
 2) [9,10],  29 ms
 3) [11,8],  55 ms
 4) [8,10],  28 ms
 5) [11,9],  28 ms
 6) [8,8],  28 ms
 7) [11,10],  28 ms
 8) [11,7],  52878 ms
 9) [8,9],  2593 ms
10) [11,11],  60001 ms
11) [9,9],  2185 ms
12) [12,9],  56476 ms
13) [6,10],  3114 ms
14) [10,6],  60022 ms
15) [12,8],  1827 ms
16) [13,8],  23077 ms
17) [11,5],  5002 ms
18) [8,11],  28453 ms
19) [9,11],  5010 ms
20) [10,10],  45568 ms
21) [10,7],  2481 ms
22) [7,10],  25782 ms
23) [7,12],  2836 ms
24) [13,11],  10560 ms
25) [12,5],  3640 ms
26) [11,6],  27 ms
27) [13,10],  1472 ms
28) [10,12],  956 ms
29) [10,11],  3021 ms
30) [9,13],  46 ms
31) [8,14],  5008 ms
32) [9,12],  39 ms
33) [10,13],  5007 ms
34) [12,10],  31 ms
35) [13,9],  28 ms
36) [12,12],  31 ms
37) [11,12],  2107 ms
38) [12,11],  28 ms
39) [12,13],  27 ms
40) [14,10],  30 ms
41) [15,9],  4999 ms
42) [14,14],  29 ms
43) [13,13],  27 ms
44) [14,9],  30 ms
45) [12,7],  27 ms
46) [14,11],  28 ms
47) [15,11],  27 ms
48) [14,8],  27 ms
49) [14,12],  28 ms
50) [14,7],  27 ms

pela 60.0 wins

pela 5.0:  2024 ms/turn
pela 60.0:  14 s/turn
