 0) [9,8],  1506 ms
 1) [8,9],  22 ms
 2) [9,7],  22 ms
 3) [9,6],  22 ms
 4) [10,8],  4039 ms
 5) [8,8],  23 ms
 6) [7,4],  5003 ms
 7) [7,5],  57262 ms
 8) [8,10],  4773 ms
 9) [9,9],  36544 ms
10) [6,6],  2543 ms
11) [6,4],  56692 ms
12) [6,5],  5053 ms
13) [5,6],  41642 ms
14) [7,8],  2082 ms
15) [6,8],  51673 ms
16) [5,3],  5027 ms
17) [5,2],  29436 ms
18) [4,3],  4202 ms
19) [3,3],  34119 ms
20) [4,4],  3656 ms
21) [3,5],  17789 ms
22) [3,6],  3697 ms
23) [4,5],  36562 ms
24) [2,5],  2251 ms
25) [1,4],  26643 ms
26) [2,3],  3420 ms
27) [4,2],  19246 ms
28) [1,5],  2839 ms
29) [4,6],  24631 ms
30) [5,7],  4454 ms
31) [8,7],  8533 ms
32) [8,6],  5006 ms
33) [2,4],  12767 ms
34) [5,1],  2378 ms
35) [12,9],  12122 ms
36) [11,9],  2720 ms
37) [12,10],  20 ms
38) [12,12],  4234 ms
39) [13,9],  14680 ms
40) [11,10],  2507 ms
41) [12,8],  17075 ms
42) [12,7],  2454 ms
43) [11,13],  10458 ms
44) [14,8],  2302 ms
45) [11,14],  6831 ms
46) [7,3],  5004 ms
47) [8,3],  3867 ms
48) [11,7],  1910 ms
49) [11,8],  3809 ms
50) [10,7],  4977 ms
51) [13,7],  21 ms
52) [13,12],  4995 ms
53) [10,9],  7543 ms
54) [3,2],  2213 ms
55) [5,4],  6951 ms
56) [6,9],  4997 ms
57) [10,12],  9000 ms
58) [4,7],  1748 ms
59) [5,8],  21 ms
60) [9,13],  3135 ms
61) [11,12],  28 ms
62) [11,15],  2208 ms
63) [13,10],  24 ms
64) [13,8],  4714 ms
65) [10,13],  24 ms
66) [12,11],  1792 ms
67) [14,11],  21 ms
68) [15,12],  21 ms
69) [10,11],  22 ms
70) [10,10],  21 ms
71) [9,10],  22 ms
72) [12,13],  21 ms
73) [8,11],  22 ms
74) [7,12],  21 ms
75) [9,12],  22 ms
76) [12,15],  22 ms
77) [7,10],  21 ms

pela 60.0 wins

pela 5.0:  2922 ms/turn
pela 60.0:  14 s/turn
