 0) [9,9],  27 ms
 1) [9,10],  29 ms
 2) [8,8],  28 ms
 3) [10,10],  29 ms
 4) [8,10],  4807 ms
 5) [10,8],  27 ms
 6) [10,11],  2458 ms
 7) [7,9],  39659 ms
 8) [8,12],  1674 ms
 9) [8,11],  21336 ms
10) [10,9],  1799 ms
11) [6,9],  49335 ms
12) [7,12],  1699 ms
13) [6,12],  59999 ms
14) [5,9],  2875 ms
15) [7,13],  20091 ms
16) [6,10],  5002 ms
17) [7,11],  58500 ms
18) [5,11],  5001 ms
19) [5,10],  15857 ms
20) [7,10],  3441 ms
21) [12,9],  17121 ms
22) [12,10],  3775 ms
23) [13,8],  37892 ms
24) [12,8],  5007 ms
25) [14,9],  40017 ms
26) [13,9],  2133 ms
27) [14,8],  34304 ms
28) [14,10],  2539 ms
29) [15,11],  29398 ms
30) [15,10],  1345 ms
31) [13,10],  12893 ms
32) [15,8],  1783 ms
33) [6,13],  10318 ms
34) [5,13],  5007 ms
35) [4,9],  21874 ms
36) [4,11],  4155 ms
37) [3,11],  18750 ms
38) [13,6],  2268 ms
39) [11,7],  5095 ms
40) [14,7],  3142 ms
41) [12,5],  15339 ms
42) [10,7],  1586 ms
43) [11,6],  4938 ms
44) [10,5],  3684 ms
45) [10,13],  6521 ms
46) [12,11],  5006 ms
47) [13,12],  10734 ms
48) [11,4],  5022 ms
49) [9,6],  4771 ms
50) [7,8],  3131 ms
51) [11,14],  5008 ms
52) [9,13],  5008 ms
53) [9,12],  3052 ms
54) [12,15],  26 ms
55) [14,11],  4259 ms
56) [15,12],  5021 ms
57) [13,13],  7555 ms
58) [17,10],  3726 ms
59) [16,9],  25 ms
60) [16,10],  2687 ms
61) [18,10],  25 ms
62) [12,13],  4997 ms
63) [11,11],  6452 ms
64) [14,14],  3518 ms
65) [13,14],  31 ms
66) [13,11],  26 ms
67) [11,13],  33 ms
68) [11,12],  1810 ms
69) [13,15],  27 ms
70) [13,16],  26 ms
71) [12,14],  26 ms
72) [14,16],  5012 ms
73) [10,14],  24 ms
74) [9,14],  25 ms
75) [10,12],  25 ms
76) [9,11],  25 ms
77) [10,16],  25 ms
78) [10,15],  25 ms
79) [9,15],  26 ms
80) [8,14],  25 ms
81) [11,15],  25 ms
82) [14,12],  25 ms
83) [9,17],  26 ms

pela 60.0 wins

pela 5.0:  2628 ms/turn
pela 60.0:  13 s/turn
