 0) [9,8],  172 ms
 1) [8,8],  196 ms
 2) [10,9],  29 ms
 3) [8,7],  31 ms
 4) [8,6],  2554 ms
 5) [10,8],  28248 ms
 6) [9,10],  2333 ms
 7) [8,11],  60021 ms
 8) [7,10],  1470 ms
 9) [6,11],  45034 ms
10) [8,10],  5009 ms
11) [10,10],  60016 ms
12) [7,11],  2145 ms
13) [9,9],  34879 ms
14) [11,11],  2775 ms
15) [6,10],  53104 ms
16) [7,9],  3694 ms
17) [7,8],  29826 ms
18) [6,9],  2372 ms
19) [7,13],  41234 ms
20) [11,12],  5002 ms
21) [9,11],  18666 ms
22) [8,12],  2402 ms
23) [7,7],  16388 ms
24) [6,6],  28 ms
25) [11,13],  30357 ms
26) [10,11],  502 ms
27) [12,13],  7753 ms
28) [10,12],  263 ms
29) [9,12],  8660 ms
30) [5,9],  256 ms
31) [4,9],  7818 ms
32) [9,13],  513 ms
33) [8,14],  7582 ms
34) [10,14],  52 ms
35) [11,15],  28 ms
36) [10,13],  53 ms
37) [10,15],  29 ms
38) [12,11],  33 ms
39) [13,10],  18977 ms
40) pbrain-pela:  I win !
40) [12,10],  28 ms
41) [13,9],  29 ms
42) [13,12],  28 ms
43) [11,10],  28 ms
44) [13,11],  29 ms
45) [14,11],  28 ms
46) [14,12],  28 ms
47) [12,12],  29 ms
48) [15,13],  29 ms
49) [16,14],  29 ms
50) [11,9],  28 ms

pela 5.0 wins

pela 5.0:  1224 ms/turn
pela 60.0:  18 s/turn
