 0) [9,8],  2706 ms
 1) [8,8],  2650 ms
 2) [10,9],  22 ms
 3) [8,7],  41 ms
 4) [8,6],  4271 ms
 5) [10,8],  43091 ms
 6) [9,10],  4320 ms
 7) [8,11],  60001 ms
 8) [7,10],  1443 ms
 9) [6,11],  44520 ms
10) [8,10],  5005 ms
11) [10,10],  60001 ms
12) [7,11],  2158 ms
13) [9,9],  35051 ms
14) [11,11],  2823 ms
15) [6,10],  50660 ms
16) [7,9],  3552 ms
17) [7,8],  29451 ms
18) [6,9],  2499 ms
19) [7,13],  15529 ms
20) [11,12],  4995 ms
21) [9,11],  18482 ms
22) [8,12],  2361 ms
23) [7,7],  16425 ms
24) [6,6],  21 ms
25) [11,13],  31992 ms
26) [10,11],  414 ms
27) [12,13],  14460 ms
28) [10,12],  184 ms
29) [9,12],  23990 ms
30) [5,9],  168 ms
31) [4,9],  20560 ms
32) [9,13],  304 ms
33) [8,14],  18998 ms
34) [10,14],  44 ms
35) [11,15],  22 ms
36) [10,13],  41 ms
37) [10,15],  22 ms
38) [12,11],  25 ms
39) [13,10],  12064 ms
40) pbrain-pela:  I win !
40) [12,10],  21 ms
41) [13,9],  22 ms
42) [13,12],  22 ms
43) [11,10],  21 ms
44) [13,11],  22 ms
45) [14,11],  21 ms
46) [14,12],  21 ms
47) [12,12],  21 ms
48) [15,13],  21 ms
49) [16,14],  21 ms
50) [11,9],  21 ms

pela 5.0 wins

pela 5.0:  1441 ms/turn
pela 60.0:  19 s/turn
