 0) [9,8],  1428 ms
 1) [8,8],  21 ms
 2) [10,9],  23 ms
 3) [8,7],  22 ms
 4) [8,6],  4402 ms
 5) [10,8],  48260 ms
 6) [9,10],  3683 ms
 7) [8,11],  53716 ms
 8) [7,10],  4998 ms
 9) [6,11],  31306 ms
10) [8,10],  4825 ms
11) [10,10],  59991 ms
12) [7,11],  4839 ms
13) [9,9],  23328 ms
14) [11,11],  1612 ms
15) [6,10],  34946 ms
16) [7,9],  2070 ms
17) [7,8],  16853 ms
18) [6,9],  4993 ms
19) [7,13],  37617 ms
20) [11,12],  4098 ms
21) [9,11],  12370 ms
22) [8,12],  1601 ms
23) [7,7],  40221 ms
24) [6,6],  22 ms
25) [11,13],  32466 ms
26) [10,11],  340 ms
27) [12,13],  14353 ms
28) [10,12],  182 ms
29) [9,12],  24835 ms
30) [5,9],  169 ms
31) [4,9],  20385 ms
32) [9,13],  304 ms
33) [8,14],  21335 ms
34) [10,14],  45 ms
35) [11,15],  21 ms
36) [10,13],  42 ms
37) [10,15],  22 ms
38) [12,11],  26 ms
39) [13,10],  12052 ms
40) pbrain-pela:  I win !
40) [12,10],  22 ms
41) [13,9],  22 ms
42) [13,12],  21 ms
43) [11,10],  22 ms
44) [13,11],  22 ms
45) [14,11],  22 ms
46) [14,12],  21 ms
47) [12,12],  22 ms
48) [15,13],  22 ms
49) [16,14],  21 ms
50) [11,9],  22 ms

pela 5.0 wins

pela 5.0:  1532 ms/turn
pela 60.0:  19 s/turn
