 0) [12,11],  28 ms
 1) [11,12],  27 ms
 2) [13,12],  27 ms
 3) [11,10],  27 ms
 4) [12,13],  27 ms
 5) [14,11],  27 ms
 6) [11,9],  60008 ms
 7) [12,14],  2705 ms
 8) [12,10],  34168 ms
 9) [12,9],  2349 ms
10) [9,12],  37851 ms
11) [10,8],  2184 ms
12) [10,7],  33847 ms
13) [9,13],  1871 ms
14) [15,12],  60027 ms
15) [15,13],  5006 ms
16) [14,14],  53430 ms
17) [10,12],  5028 ms
18) [10,14],  27322 ms
19) [14,10],  3838 ms
20) [14,9],  41890 ms
21) [16,14],  4572 ms
22) [17,15],  35913 ms
23) [13,13],  5007 ms
24) [11,15],  9678 ms
25) [11,13],  5006 ms
26) [9,11],  29386 ms
27) [17,13],  49 ms
28) [14,16],  13574 ms
29) [16,12],  30 ms
30) [15,11],  23 ms
31) pbrain-pela:  I win !
31) [16,13],  23 ms
32) [14,13],  24 ms
33) [16,11],  23 ms
34) [16,15],  24 ms
35) [16,10],  24 ms

pela 5.0 wins

pela 5.0:  2099 ms/turn
pela 60.0:  24 s/turn
