 0) [12,9],  21 ms
 1) [11,9],  1194 ms
 2) [12,8],  21 ms
 3) [12,7],  21 ms
 4) [13,9],  1705 ms
 5) [14,10],  24654 ms
 6) [16,9],  2573 ms
 7) [15,9],  26429 ms
 8) [13,11],  5021 ms
 9) [13,10],  26854 ms
10) [16,10],  3494 ms
11) [16,11],  42714 ms
12) [15,11],  4996 ms
13) [17,9],  60012 ms
14) [14,9],  1786 ms
15) [10,9],  51161 ms
16) [10,10],  3830 ms
17) [9,7],  50807 ms
18) [11,8],  4996 ms
19) [9,9],  45150 ms
20) [10,7],  4321 ms
21) [9,6],  30832 ms
22) [9,8],  4994 ms
23) [10,8],  14154 ms
24) [8,6],  3091 ms
25) [17,7],  32291 ms
26) [18,6],  1547 ms
27) [15,7],  20553 ms
28) [15,6],  1681 ms
29) [8,9],  23842 ms
30) [7,9],  21 ms
31) [16,6],  14475 ms
32) [18,8],  5003 ms
33) [18,5],  9215 ms
34) [17,5],  1516 ms
35) [16,3],  17943 ms
36) [16,7],  2868 ms
37) [14,5],  15369 ms
38) [14,7],  2507 ms
39) [13,8],  13182 ms
40) [15,4],  2942 ms
41) [17,4],  5872 ms
42) [15,2],  1527 ms
43) [15,5],  9323 ms
44) [13,5],  1960 ms
45) [15,3],  4307 ms
46) [13,3],  2939 ms
47) [17,10],  4856 ms
48) [17,8],  4687 ms
49) [18,9],  7814 ms
50) [15,12],  4896 ms
51) [15,8],  4168 ms
52) [13,4],  23 ms
53) [13,2],  3645 ms
54) [12,4],  25 ms
55) [14,4],  3579 ms
56) [13,6],  21 ms
57) [13,7],  20 ms
58) [12,5],  22 ms
59) [11,6],  21 ms
60) [10,3],  22 ms
61) [11,4],  21 ms
62) [14,3],  21 ms
63) [16,1],  20 ms
64) [12,3],  21 ms
65) [11,3],  21 ms
66) [12,2],  21 ms
67) [12,6],  20 ms
68) [12,1],  22 ms

pela 5.0 wins

pela 5.0:  2146 ms/turn
pela 60.0:  16 s/turn
