 0) [9,8],  2162 ms
 1) [8,9],  22 ms
 2) [9,7],  21 ms
 3) [9,6],  21 ms
 4) [10,8],  4360 ms
 5) [8,8],  22 ms
 6) [7,4],  1493 ms
 7) [7,5],  54034 ms
 8) [8,10],  3534 ms
 9) [9,9],  26618 ms
10) [6,6],  1925 ms
11) [6,4],  41734 ms
12) [6,5],  4803 ms
13) [5,6],  31273 ms
14) [7,8],  1724 ms
15) [6,8],  37909 ms
16) [5,3],  4377 ms
17) [5,2],  19106 ms
18) [4,3],  2434 ms
19) [3,3],  22162 ms
20) [4,4],  2720 ms
21) [3,5],  52434 ms
22) [3,6],  3128 ms
23) [4,5],  30212 ms
24) [2,5],  5004 ms
25) [1,4],  22042 ms
26) [2,3],  2810 ms
27) [4,2],  16178 ms
28) [1,5],  2300 ms
29) [4,6],  21198 ms
30) [5,7],  4613 ms
31) [8,7],  32141 ms
32) [8,6],  4999 ms
33) [2,4],  12639 ms
34) [5,1],  2323 ms
35) [12,9],  12385 ms
36) [11,9],  2970 ms
37) [12,10],  22 ms
38) [12,12],  4431 ms
39) [13,9],  14516 ms
40) [11,10],  2425 ms
41) [12,8],  21884 ms
42) [12,7],  2451 ms
43) [11,13],  10497 ms
44) [14,8],  2324 ms
45) [11,14],  6823 ms
46) [7,3],  4998 ms
47) [8,3],  16297 ms
48) [11,7],  1918 ms
49) [11,8],  13972 ms
50) [10,7],  1397 ms
51) [13,7],  22 ms
52) [13,12],  5004 ms
53) [10,9],  7596 ms
54) [3,2],  2227 ms
55) [5,4],  7089 ms
56) [6,9],  4993 ms
57) [10,12],  9876 ms
58) [4,7],  1849 ms
59) [5,8],  22 ms
60) [9,13],  3302 ms
61) [11,12],  28 ms
62) [11,15],  2327 ms
63) [13,10],  25 ms
64) [13,8],  4955 ms
65) [10,13],  25 ms
66) [12,11],  1884 ms
67) [14,11],  22 ms
68) [15,12],  22 ms
69) [10,11],  23 ms
70) [10,10],  22 ms
71) [9,10],  22 ms
72) [12,13],  22 ms
73) [8,11],  22 ms
74) [7,12],  22 ms
75) [9,12],  22 ms
76) [12,15],  22 ms
77) [7,10],  22 ms

pela 60.0 wins

pela 5.0:  2674 ms/turn
pela 60.0:  13 s/turn
