 0) [9,8],  211 ms
 1) [9,9],  27 ms
 2) [10,7],  28 ms
 3) [8,9],  28 ms
 4) [7,9],  2139 ms
 5) [9,7],  35523 ms
 6) [11,8],  2402 ms
 7) [12,9],  44339 ms
 8) [11,10],  4047 ms
 9) [12,11],  57948 ms
10) [11,9],  4997 ms
11) [11,7],  40701 ms
12) [12,10],  2691 ms
13) [10,8],  30613 ms
14) [12,6],  3056 ms
15) [11,11],  19247 ms
16) [10,10],  3638 ms
17) [9,10],  35587 ms
18) [10,11],  2891 ms
19) [14,10],  16386 ms
20) [13,6],  5003 ms
21) [12,8],  25677 ms
22) [13,9],  3433 ms
23) [8,10],  17967 ms
24) [7,11],  29 ms
25) [14,6],  17010 ms
26) [12,7],  695 ms
27) [14,5],  23114 ms
28) [13,7],  365 ms
29) [13,8],  33695 ms
30) [10,12],  346 ms
31) [10,13],  11327 ms
32) [14,8],  635 ms
33) [15,9],  9451 ms
34) [15,7],  52 ms
35) [16,6],  29 ms
36) [14,7],  48 ms
37) [16,7],  27 ms
38) [12,5],  32 ms
39) [11,4],  25964 ms
40) pbrain-pela:  I win !
40) [11,5],  29 ms
41) [10,4],  80 ms
42) [13,4],  131 ms
43) [11,6],  30 ms
44) [12,4],  30 ms
45) [12,3],  31 ms
46) [13,3],  32 ms
47) [13,5],  73 ms
48) [14,2],  120 ms
49) [15,1],  30 ms
50) [10,6],  29 ms

pela 5.0 wins

pela 5.0:  1427 ms/turn
pela 60.0:  17 s/turn
