 0) [9,12],  0 ms
 1) [8,12],  1638 ms
 2) [9,11],  21 ms
 3) [9,10],  21 ms
 4) [10,12],  2263 ms
 5) [11,13],  30619 ms
 6) [13,12],  3207 ms
 7) [12,12],  23576 ms
 8) [10,14],  5007 ms
 9) [10,13],  34858 ms
10) [13,13],  5001 ms
11) [13,14],  59999 ms
12) [14,12],  1628 ms
13) [15,11],  27124 ms
14) [14,15],  3952 ms
15) [14,13],  26042 ms
16) [12,15],  5028 ms
17) [11,15],  17892 ms
18) [11,12],  4991 ms
19) [15,13],  41723 ms
20) [15,10],  3097 ms
21) [13,10],  46025 ms
22) [11,8],  1546 ms
23) [16,12],  41484 ms
24) [16,11],  3727 ms
25) [14,10],  38 ms
26) [13,9],  2175 ms
27) [14,14],  40 ms
28) [17,11],  2801 ms
29) [15,14],  29 ms
30) [16,14],  2676 ms
31) pbrain-pela:  I win !
31) [13,11],  21 ms
32) [15,9],  21 ms
33) [17,13],  21 ms
34) [18,14],  21 ms
35) [11,14],  21 ms
36) [12,14],  20 ms
37) [15,12],  21 ms
38) [15,15],  21 ms
39) [16,13],  21 ms
40) [18,13],  20 ms
41) [14,11],  21 ms
42) [17,14],  21 ms
43) [12,9],  21 ms

pela 60.0 wins

pela 5.0:  2147 ms/turn
pela 60.0:  15 s/turn
