 0) [9,8],  648 ms
 1) [10,8],  22 ms
 2) [8,9],  22 ms
 3) [10,7],  21 ms
 4) [10,6],  2784 ms
 5) [8,8],  58931 ms
 6) [9,10],  4424 ms
 7) [10,11],  60003 ms
 8) [11,10],  5016 ms
 9) [12,11],  60065 ms
10) [10,10],  1523 ms
11) [8,10],  18229 ms
12) [11,11],  2325 ms
13) [9,9],  24070 ms
14) [7,11],  2978 ms
15) [12,10],  54098 ms
16) [11,9],  3119 ms
17) [11,8],  23015 ms
18) [12,9],  2445 ms
19) [11,13],  20760 ms
20) [7,12],  4992 ms
21) [9,11],  19037 ms
22) [10,12],  2234 ms
23) [11,7],  13633 ms
24) [12,6],  20 ms
25) [7,13],  18422 ms
26) [8,11],  676 ms
27) [6,13],  18523 ms
28) [8,12],  269 ms
29) [9,12],  30207 ms
30) [13,9],  266 ms
31) [14,9],  8623 ms
32) [9,13],  505 ms
33) [10,14],  8542 ms
34) [8,14],  44 ms
35) [7,15],  20 ms
36) [8,13],  23 ms
37) [8,15],  20 ms
38) [6,11],  25 ms
39) [5,10],  21414 ms
40) pbrain-pela:  I win !
40) [6,10],  19 ms
41) [5,9],  20 ms
42) [5,12],  20 ms
43) [7,10],  19 ms
44) [5,11],  20 ms
45) [4,11],  20 ms
46) [4,12],  19 ms
47) [6,12],  20 ms
48) [3,13],  20 ms
49) [7,9],  20 ms
50) [2,14],  20 ms

pela 5.0 wins

pela 5.0:  1325 ms/turn
pela 60.0:  18 s/turn
