 0) [9,8],  908 ms
 1) [8,7],  22 ms
 2) [9,9],  22 ms
 3) [9,10],  22 ms
 4) [10,8],  2082 ms
 5) [8,8],  22 ms
 6) [8,11],  4992 ms
 7) [7,11],  33223 ms
 8) [8,6],  2367 ms
 9) [9,7],  19993 ms
10) [6,10],  4235 ms
11) [7,13],  60000 ms
12) [10,7],  5001 ms
13) [10,6],  20128 ms
14) [11,5],  3390 ms
15) [7,10],  42575 ms
16) [7,12],  4208 ms
17) [11,7],  36223 ms
18) [8,13],  2421 ms
19) [6,12],  27091 ms
20) [5,11],  4992 ms
21) [4,12],  51518 ms
22) [7,7],  4022 ms
23) [9,5],  34602 ms
24) [8,4],  2571 ms
25) [12,5],  20335 ms
26) [7,4],  4381 ms
27) [12,8],  14218 ms
28) [13,9],  22 ms
29) [7,8],  31084 ms
30) [10,4],  4993 ms
31) [9,4],  18725 ms
32) [9,3],  24 ms
33) [8,2],  27183 ms
34) [7,5],  24 ms
35) [6,6],  22 ms
36) [7,3],  23 ms
37) [7,6],  21 ms
38) [10,3],  23 ms
39) [8,3],  21 ms
40) pbrain-pela:  I win !
40) [10,2],  22 ms
41) [11,1],  21 ms
42) [10,1],  22 ms
43) [10,5],  23 ms
44) [10,0],  22 ms

pela 5.0 wins

pela 5.0:  2207 ms/turn
pela 60.0:  19 s/turn
