 0) [12,12],  26 ms
 1) [13,12],  25 ms
 2) [14,11],  25 ms
 3) [13,11],  24 ms
 4) [13,13],  26 ms
 5) [14,14],  24 ms
 6) [12,11],  4644 ms
 7) [12,9],  19612 ms
 8) [9,9],  2000 ms
 9) [11,11],  22047 ms
10) [13,9],  4798 ms
11) [12,14],  56895 ms
12) [15,14],  2056 ms
13) [13,15],  18958 ms
14) [15,13],  4565 ms
15) [11,13],  44945 ms
16) [10,12],  3028 ms
17) [14,16],  15016 ms
18) [15,17],  25 ms
19) [11,14],  2434 ms
20) [11,12],  2103 ms
21) [13,14],  1185 ms
22) [10,14],  24 ms
23) [14,13],  1208 ms
24) [14,15],  5004 ms
25) [11,16],  427 ms
26) [15,15],  4552 ms
27) [15,16],  26 ms
28) [15,12],  5026 ms
29) [15,11],  24 ms
30) [12,16],  2141 ms
31) [11,15],  31 ms
32) [11,17],  46 ms
33) [12,15],  28 ms
34) [10,17],  24 ms
35) [10,15],  27 ms
36) [9,15],  24 ms
37) [13,16],  26 ms
38) [13,18],  24 ms
39) [10,13],  25 ms
40) [14,17],  24 ms
41) [9,12],  24 ms

pela 60.0 wins

pela 5.0:  1913 ms/turn
pela 60.0:  8714 ms/turn
