 0) [9,8],  1140 ms
 1) [10,8],  22 ms
 2) [8,9],  53 ms
 3) [10,7],  22 ms
 4) [10,6],  2725 ms
 5) [8,8],  57243 ms
 6) [9,10],  4554 ms
 7) [10,11],  60008 ms
 8) [11,10],  5044 ms
 9) [12,11],  60025 ms
10) [10,10],  1546 ms
11) [8,10],  18286 ms
12) [11,11],  2218 ms
13) [9,9],  25038 ms
14) [7,11],  2711 ms
15) [12,10],  54210 ms
16) [11,9],  2957 ms
17) [11,8],  23119 ms
18) [12,9],  2496 ms
19) [11,13],  21235 ms
20) [7,12],  4997 ms
21) [9,11],  19925 ms
22) [10,12],  2292 ms
23) [11,7],  13912 ms
24) [12,6],  22 ms
25) [7,13],  18675 ms
26) [8,11],  584 ms
27) [6,13],  9439 ms
28) [8,12],  275 ms
29) [9,12],  31281 ms
30) [13,9],  254 ms
31) [14,9],  8856 ms
32) [9,13],  461 ms
33) [10,14],  8557 ms
34) [8,14],  46 ms
35) [7,15],  22 ms
36) [8,13],  26 ms
37) [8,15],  23 ms
38) [6,11],  27 ms
39) [5,10],  21883 ms
40) pbrain-pela:  I win !
40) [6,10],  22 ms
41) [5,9],  23 ms
42) [5,12],  22 ms
43) [7,10],  22 ms
44) [5,11],  22 ms
45) [4,11],  22 ms
46) [4,12],  22 ms
47) [6,12],  22 ms
48) [3,13],  22 ms
49) [7,9],  68 ms
50) [2,14],  20 ms

pela 5.0 wins

pela 5.0:  1329 ms/turn
pela 60.0:  18 s/turn
