 0) [9,8],  143 ms
 1) [9,9],  22 ms
 2) [10,7],  23 ms
 3) [8,9],  21 ms
 4) [7,9],  2036 ms
 5) [9,7],  39015 ms
 6) [11,8],  3074 ms
 7) [12,9],  60021 ms
 8) [11,10],  1438 ms
 9) [12,11],  60004 ms
10) [11,9],  1592 ms
11) [11,7],  39037 ms
12) [12,10],  2163 ms
13) [10,8],  24070 ms
14) [12,6],  2269 ms
15) [11,11],  53966 ms
16) [10,10],  2567 ms
17) [9,10],  26480 ms
18) [10,11],  2332 ms
19) [14,10],  42474 ms
20) [13,6],  5002 ms
21) [12,8],  19547 ms
22) [13,9],  2618 ms
23) [8,10],  13320 ms
24) [7,11],  21 ms
25) [14,6],  12826 ms
26) [12,7],  605 ms
27) [14,5],  18379 ms
28) [13,7],  338 ms
29) [13,8],  27255 ms
30) [10,12],  250 ms
31) [10,13],  8506 ms
32) [14,8],  509 ms
33) [15,9],  7975 ms
34) [15,7],  44 ms
35) [16,6],  21 ms
36) [14,7],  41 ms
37) [16,7],  21 ms
38) [12,5],  25 ms
39) [11,4],  21049 ms
40) pbrain-pela:  I win !
40) [11,5],  21 ms
41) [10,4],  21 ms
42) [13,4],  21 ms
43) [11,6],  20 ms
44) [12,4],  21 ms
45) [12,3],  21 ms
46) [13,3],  21 ms
47) [13,5],  20 ms
48) [14,2],  21 ms
49) [15,1],  21 ms
50) [10,6],  21 ms

pela 5.0 wins

pela 5.0:  1046 ms/turn
pela 60.0:  18 s/turn
