 0) [12,9],  0 ms
 1) [11,9],  144 ms
 2) [11,10],  22 ms
 3) [12,10],  22 ms
 4) [13,11],  22 ms
 5) [13,10],  22 ms
 6) [14,11],  22 ms
 7) [12,11],  21 ms
 8) [16,9],  23 ms
 9) [15,10],  60011 ms
10) [16,11],  4959 ms
11) [16,10],  22671 ms
12) [14,10],  21 ms
13) [14,9],  44711 ms
14) [11,12],  1510 ms
15) [11,13],  24140 ms
16) [10,11],  4993 ms
17) [9,12],  43656 ms
18) [15,7],  5003 ms
19) [14,7],  44767 ms
20) [15,11],  3209 ms
21) [17,11],  21 ms
22) [16,8],  3497 ms
23) [15,9],  34792 ms
24) [18,12],  2452 ms
25) [16,12],  27731 ms
26) [13,7],  2786 ms
27) [13,5],  42518 ms
28) [15,8],  3867 ms
29) [14,5],  12939 ms
30) [14,6],  4992 ms
31) [16,6],  34532 ms
32) [16,5],  5001 ms
33) [18,10],  29611 ms
34) [15,13],  5033 ms
35) [17,8],  25414 ms
36) [17,10],  5007 ms
37) [14,13],  16099 ms
38) [12,6],  2184 ms
39) [11,5],  7494 ms
40) [12,5],  2581 ms
41) [12,8],  6704 ms
42) [15,4],  5003 ms
43) [14,3],  6418 ms
44) [10,10],  5005 ms
45) [9,10],  15763 ms
46) [9,13],  5003 ms
47) [8,11],  14250 ms
48) [7,12],  4778 ms
49) [18,9],  12223 ms
50) [13,3],  5000 ms
51) [10,12],  3586 ms
52) [9,11],  4360 ms
53) [10,6],  9250 ms
54) [9,7],  2716 ms
55) [19,12],  8637 ms
56) [7,13],  5000 ms
57) [8,12],  3089 ms
58) [15,6],  5005 ms
59) [15,5],  20 ms
60) [18,8],  4996 ms
61) [11,7],  6954 ms
62) [9,5],  3311 ms
63) [11,6],  5970 ms
64) [11,8],  21 ms
65) [9,6],  5105 ms
66) [11,4],  3045 ms
67) [12,14],  4376 ms
68) [10,13],  1929 ms
69) [7,10],  3744 ms
70) [8,9],  5000 ms
71) [6,10],  2697 ms
72) [6,9],  4187 ms
73) [4,11],  2819 ms
74) [8,10],  5001 ms
75) [7,9],  1338 ms
76) [8,6],  4990 ms
77) [7,7],  1148 ms
78) [7,8],  4280 ms
79) [7,5],  1067 ms
80) [9,14],  3777 ms
81) [12,7],  1689 ms
82) [13,8],  19 ms
83) [6,13],  1159 ms
84) [3,10],  4988 ms
85) [7,16],  1020 ms
86) [5,8],  4709 ms
87) [8,8],  1027 ms
88) [5,11],  3825 ms
89) [4,9],  455 ms
90) [6,6],  3108 ms
91) [5,6],  985 ms
92) [6,5],  1170 ms
93) [6,8],  1013 ms
94) [3,11],  3050 ms
95) [3,12],  865 ms
96) [15,15],  2773 ms
97) [6,15],  362 ms
98) [5,14],  2324 ms
99) [8,14],  262 ms
100) [8,15],  1297 ms
101) [2,10],  306 ms
102) [6,16],  1871 ms
103) [11,15],  216 ms
104) [13,15],  648 ms
105) [15,14],  251 ms
106) [13,12],  902 ms
107) [13,14],  434 ms
108) [11,14],  992 ms
109) [10,15],  265 ms
110) [16,14],  647 ms
111) [14,16],  289 ms
112) [12,13],  756 ms
113) [5,7],  149 ms
114) [4,8],  705 ms
115) [17,15],  258 ms
116) [14,14],  942 ms
117) [10,16],  314 ms
118) [9,17],  254 ms
119) [9,16],  153 ms
120) [11,16],  764 ms
121) [5,13],  127 ms
122) [2,13],  374 ms
123) [17,16],  138 ms
124) [16,15],  479 ms
125) [16,18],  176 ms
126) [3,14],  187 ms
127) [4,14],  221 ms
128) [3,9],  191 ms
129) [3,8],  185 ms
130) [2,7],  484 ms
131) [4,10],  85 ms
132) [5,4],  216 ms
133) [5,16],  152 ms
134) [7,14],  230 ms
135) [6,3],  76 ms
136) [4,13],  335 ms
137) [4,3],  71 ms
138) [5,3],  288 ms
139) [5,2],  68 ms
140) [12,15],  260 ms
141) [14,15],  20 ms
142) [11,17],  215 ms
143) [12,16],  19 ms
144) [7,15],  184 ms
145) [7,11],  20 ms
146) [17,13],  167 ms
147) [19,11],  19 ms
148) [13,16],  70 ms
149) [14,17],  20 ms
150) [14,18],  67 ms
151) [3,4],  22 ms
152) [2,5],  115 ms
153) pbrain-pela:  I win !
153) [7,4],  20 ms
154) [8,5],  20 ms
155) [3,5],  21 ms
156) [4,6],  20 ms
157) [7,0],  22 ms
158) [6,1],  20 ms
159) [7,3],  21 ms
160) [7,6],  20 ms
161) [3,6],  21 ms
162) [3,7],  20 ms
163) [4,1],  20 ms
164) [3,0],  22 ms
165) [7,2],  22 ms
166) [7,1],  20 ms
167) [3,2],  20 ms
168) [3,3],  21 ms
169) [4,2],  20 ms
170) [6,2],  20 ms
171) [4,4],  21 ms
172) [4,5],  21 ms
173) [4,0],  20 ms

pela 60.0 wins

pela 5.0:  2062 ms/turn
pela 60.0:  6891 ms/turn
