 0) [12,10],  21 ms
 1) [11,10],  196 ms
 2) [10,11],  22 ms
 3) [11,11],  21 ms
 4) [11,12],  22 ms
 5) [12,12],  21 ms
 6) [10,10],  23 ms
 7) [12,13],  43525 ms
 8) [13,13],  4507 ms
 9) [10,8],  59993 ms
10) [13,14],  3871 ms
11) [13,15],  20183 ms
12) [10,13],  1737 ms
13) [10,14],  47601 ms
14) [12,16],  2631 ms
15) [10,9],  26610 ms
16) [9,8],  2172 ms
17) [13,10],  24738 ms
18) [13,12],  2693 ms
19) [9,14],  28080 ms
20) [9,15],  4996 ms
21) [10,15],  17999 ms
22) [11,8],  5001 ms
23) [9,9],  15428 ms
24) [8,13],  4994 ms
25) [7,13],  31395 ms
26) [6,12],  4995 ms
27) [7,14],  16174 ms
28) [8,14],  4999 ms
29) [11,13],  26242 ms
30) [14,10],  1652 ms
31) [8,16],  34527 ms
32) [7,16],  5004 ms
33) [6,13],  25463 ms
34) [7,11],  4811 ms
35) [8,11],  25972 ms
36) [9,10],  2150 ms
37) [6,14],  16330 ms
38) [5,15],  5014 ms
39) [10,16],  19923 ms
40) [9,17],  4404 ms
41) [3,13],  17070 ms
42) [5,13],  3205 ms
43) [4,14],  8286 ms
44) [12,8],  1582 ms
45) [8,9],  13458 ms
46) [7,9],  5000 ms
47) [7,10],  11542 ms
48) [3,14],  4989 ms
49) [12,7],  6182 ms
50) [12,9],  4990 ms
51) [11,7],  9000 ms
52) [12,6],  5001 ms
53) [5,14],  2525 ms
54) [4,15],  5006 ms
55) [2,15],  2729 ms
56) [5,12],  2921 ms
57) [2,14],  6976 ms
58) [13,7],  2218 ms
59) [10,17],  5985 ms
60) [10,18],  21 ms
61) [14,6],  5104 ms
62) [15,9],  5017 ms
63) [14,8],  1799 ms
64) [15,11],  561 ms
65) [9,16],  1577 ms
66) [8,15],  21 ms
67) [16,12],  2054 ms
68) [15,12],  51 ms
69) [15,10],  3624 ms
70) [14,9],  26 ms
71) [13,9],  3099 ms
72) [14,12],  23 ms
73) [14,13],  22 ms
74) [12,14],  21 ms
75) [16,10],  22 ms
76) [11,15],  22 ms

pela 5.0 wins

pela 5.0:  2728 ms/turn
pela 60.0:  15 s/turn
