 0) [9,8],  555 ms
 1) [8,7],  21 ms
 2) [9,9],  22 ms
 3) [9,10],  20 ms
 4) [10,8],  1936 ms
 5) [11,8],  21 ms
 6) [11,10],  3322 ms
 7) [11,7],  42867 ms
 8) [12,7],  5015 ms
 9) [7,8],  59596 ms
10) [9,6],  3663 ms
11) [9,7],  34890 ms
12) [8,9],  4605 ms
13) [10,9],  19894 ms
14) [7,7],  2461 ms
15) [11,6],  50439 ms
16) [11,5],  2945 ms
17) [6,6],  23102 ms
18) [9,12],  1779 ms
19) [8,13],  28582 ms
20) [7,12],  5009 ms
21) [6,12],  48643 ms
22) [5,9],  2746 ms
23) [6,9],  13425 ms
24) [5,10],  5016 ms
25) [7,10],  24956 ms
26) [6,10],  3608 ms
27) [7,11],  21632 ms
28) [12,6],  2094 ms
29) [12,8],  9155 ms
30) [6,8],  1516 ms
31) [4,10],  12413 ms
32) [10,4],  644 ms
33) [9,3],  9294 ms
34) [9,5],  232 ms
35) [8,6],  20 ms
36) [12,5],  331 ms
37) [10,5],  18660 ms
38) [12,4],  91 ms
39) [12,3],  20 ms
40) [13,3],  32 ms
41) [14,2],  26043 ms
42) [13,7],  22 ms
43) [14,8],  20 ms
44) [13,4],  23 ms
45) [11,4],  11699 ms
46) [13,5],  22 ms
47) [13,6],  20 ms
48) [15,7],  23 ms
49) [13,2],  20660 ms
50) [14,1],  20 ms
51) [14,6],  7992 ms
52) [15,5],  21 ms
53) [14,5],  20 ms
54) [14,7],  20 ms
55) [16,7],  20 ms
56) [15,4],  21 ms
57) [14,4],  76 ms
58) [14,3],  19 ms
59) [15,6],  12417 ms
60) pbrain-pela:  I win !
60) [15,2],  22 ms
61) [16,1],  22 ms
62) [15,3],  26 ms
63) [15,1],  21 ms
64) [16,3],  22 ms
65) [17,3],  22 ms
66) [17,4],  21 ms
67) [18,5],  22 ms
68) [13,0],  22 ms

pela 5.0 wins

pela 5.0:  1369 ms/turn
pela 60.0:  14 s/turn
