 0) [11,11],  0 ms
 1) [10,11],  169 ms
 2) [11,12],  22 ms
 3) [11,13],  23 ms
 4) [10,14],  4998 ms
 5) [8,13],  60008 ms
 6) [9,12],  2244 ms
 7) [10,12],  31285 ms
 8) [9,14],  2592 ms
 9) [9,11],  60005 ms
10) [8,10],  4991 ms
11) [12,11],  60003 ms
12) [7,10],  5031 ms
13) [10,10],  55503 ms
14) [10,9],  2793 ms
15) [8,11],  22049 ms
16) [12,14],  2542 ms
17) [11,14],  44448 ms
18) [11,9],  2297 ms
19) [12,9],  13487 ms
20) [9,8],  4998 ms
21) [12,10],  15576 ms
22) [12,12],  2548 ms
23) [11,10],  18498 ms
24) [13,10],  2812 ms
25) [8,9],  16041 ms
26) [13,8],  1792 ms
27) [10,8],  29003 ms
28) [13,13],  3796 ms
29) [14,12],  10370 ms
30) [12,16],  22 ms
31) [9,13],  23344 ms
32) [10,13],  5001 ms
33) [7,11],  10555 ms
34) [6,11],  21 ms
35) [12,15],  15500 ms
36) [10,16],  3903 ms
37) [9,16],  88 ms
38) [14,14],  33 ms
39) [15,15],  21 ms
40) [8,15],  26 ms
41) [7,16],  21 ms
42) [10,15],  24 ms
43) [10,17],  21 ms
44) [11,17],  24 ms
45) [13,15],  6070 ms
46) [11,15],  22 ms
47) [9,17],  22 ms
48) [9,15],  21 ms
49) [7,15],  22 ms
50) [8,14],  23 ms
51) [12,18],  22 ms
52) [7,13],  26 ms

pela 5.0 wins

pela 5.0:  1948 ms/turn
pela 60.0:  18 s/turn
