 0) [9,8],  262 ms
 1) [9,7],  22 ms
 2) [10,9],  21 ms
 3) [8,7],  22 ms
 4) [7,7],  2551 ms
 5) [9,9],  60019 ms
 6) [11,8],  4584 ms
 7) [12,7],  60031 ms
 8) [11,6],  1448 ms
 9) [12,5],  60013 ms
10) [11,7],  1494 ms
11) [11,9],  59983 ms
12) [12,6],  2101 ms
13) [10,8],  30434 ms
14) [12,10],  2387 ms
15) [11,5],  47073 ms
16) [10,6],  2397 ms
17) [9,6],  24266 ms
18) [10,5],  2175 ms
19) [14,6],  15295 ms
20) [13,10],  5022 ms
21) [12,8],  20577 ms
22) [13,7],  2567 ms
23) [8,6],  14064 ms
24) [7,5],  45 ms
25) [14,10],  29738 ms
26) [12,9],  465 ms
27) [14,11],  13881 ms
28) [13,9],  253 ms
29) [13,8],  7952 ms
30) [10,4],  219 ms
31) [10,3],  7207 ms
32) [14,8],  433 ms
33) [15,7],  21354 ms
34) [15,9],  43 ms
35) [16,10],  20 ms
36) [14,9],  39 ms
37) [16,9],  20 ms
38) [12,11],  24 ms
39) [11,12],  12112 ms
40) pbrain-pela:  I win !
40) [11,11],  20 ms
41) [10,12],  20 ms
42) [13,12],  20 ms
43) [11,10],  20 ms
44) [12,12],  20 ms
45) [12,13],  19 ms
46) [13,13],  20 ms
47) [13,11],  20 ms
48) [14,14],  19 ms
49) [15,15],  20 ms
50) [10,10],  20 ms

pela 5.0 wins

pela 5.0:  1101 ms/turn
pela 60.0:  19 s/turn
