 0) [11,11],  1 ms
 1) [10,11],  140 ms
 2) [9,12],  21 ms
 3) [10,12],  21 ms
 4) [10,13],  21 ms
 5) [11,13],  21 ms
 6) [9,11],  21 ms
 7) [11,14],  42078 ms
 8) [12,14],  4523 ms
 9) [9,9],  60004 ms
10) [12,15],  4701 ms
11) [12,16],  26301 ms
12) [9,14],  1848 ms
13) [9,15],  57573 ms
14) [11,17],  2529 ms
15) [12,11],  31679 ms
16) [10,9],  2244 ms
17) [9,10],  20312 ms
18) [12,13],  4549 ms
19) [7,14],  51698 ms
20) [8,16],  5002 ms
21) [7,16],  22391 ms
22) [7,15],  1599 ms
23) [9,17],  28418 ms
24) [8,7],  3827 ms
25) [8,8],  37053 ms
26) [8,9],  5000 ms
27) [10,7],  31788 ms
28) [8,14],  4998 ms
29) [7,6],  27224 ms
30) [6,6],  3626 ms
31) [8,13],  13625 ms
32) [10,6],  2633 ms
33) [6,13],  8001 ms
34) [5,14],  2719 ms
35) [9,4],  9071 ms
36) [6,7],  4213 ms
37) [6,8],  12403 ms
38) [7,8],  1540 ms
39) [7,7],  17195 ms
40) [5,9],  2019 ms
41) [6,9],  10105 ms
42) [8,17],  1693 ms
43) [5,6],  5328 ms
44) [7,4],  3430 ms
45) [10,14],  5012 ms
46) [11,15],  2839 ms
47) [13,13],  4278 ms
48) [4,8],  5009 ms
49) [3,7],  4807 ms
50) [8,12],  4992 ms
51) [7,11],  7067 ms
52) [8,10],  2534 ms
53) [8,18],  9513 ms
54) [5,12],  3545 ms
55) [5,13],  3079 ms
56) [7,13],  3340 ms
57) [6,14],  2824 ms
58) [6,3],  5024 ms
59) [6,4],  2191 ms
60) [7,3],  4999 ms
61) [7,5],  4200 ms
62) [5,3],  161 ms
63) [8,3],  1672 ms
64) [5,2],  82 ms
65) [4,1],  6120 ms
66) [4,3],  182 ms
67) [3,3],  22 ms
68) [6,12],  514 ms
69) [7,12],  22 ms
70) [7,2],  1885 ms
71) [9,5],  5250 ms
72) [9,3],  4827 ms
73) [8,6],  2662 ms
74) [10,4],  22 ms
75) [8,2],  4115 ms
76) [8,5],  2806 ms
77) [9,6],  22 ms
78) [9,7],  5000 ms
79) [5,4],  2250 ms
80) [7,10],  4225 ms
81) [6,11],  1431 ms
82) [11,9],  1601 ms
83) [10,10],  22 ms
84) [13,14],  5003 ms
85) [14,15],  3001 ms
86) [11,16],  5000 ms
87) [10,17],  977 ms
88) [6,2],  2255 ms
89) [7,1],  1390 ms
90) [13,11],  1959 ms
91) [3,4],  2232 ms
92) [3,5],  3759 ms
93) [14,13],  1913 ms
94) [4,4],  5000 ms
95) [2,6],  22 ms
96) [9,16],  2785 ms
97) [15,14],  1647 ms
98) [11,10],  2559 ms
99) [11,8],  1396 ms
100) [4,10],  1925 ms
101) [5,11],  22 ms
102) [4,2],  4771 ms
103) [3,2],  21 ms
104) [11,18],  2385 ms
105) [11,19],  23 ms
106) [4,11],  1695 ms
107) [4,9],  810 ms
108) [5,10],  22 ms
109) [6,10],  22 ms
110) [12,10],  3493 ms
111) [10,8],  22 ms
112) [15,13],  2995 ms
113) [14,12],  22 ms
114) [14,14],  2571 ms
115) [16,15],  35 ms
116) [13,12],  21 ms
117) [13,10],  52 ms
118) [12,9],  23 ms
119) [14,9],  1042 ms
120) [15,8],  2203 ms
121) [17,12],  25 ms
122) [16,13],  1422 ms
123) pbrain-pela:  I win !
123) [12,8],  22 ms
124) [9,8],  22 ms
125) [13,8],  22 ms
126) [14,8],  22 ms
127) [14,10],  21 ms
128) [14,11],  22 ms
129) [15,10],  21 ms
130) [16,11],  22 ms
131) [16,10],  22 ms
132) [17,10],  22 ms
133) [15,11],  22 ms
134) [17,9],  22 ms
135) [13,9],  21 ms
136) [16,12],  23 ms
137) [11,7],  21 ms

pela 60.0 wins

pela 5.0:  2439 ms/turn
pela 60.0:  8606 ms/turn
