 0) [9,9],  23 ms
 1) [8,9],  22 ms
 2) [9,8],  22 ms
 3) [9,7],  22 ms
 4) [8,6],  4996 ms
 5) [6,7],  60029 ms
 6) [7,8],  3951 ms
 7) [8,8],  18566 ms
 8) [10,6],  4883 ms
 9) [9,6],  58703 ms
10) [6,10],  1999 ms
11) [6,8],  60015 ms
12) [5,7],  5000 ms
13) [7,11],  27704 ms
14) [8,4],  3668 ms
15) [7,3],  52215 ms
16) [10,4],  4729 ms
17) [10,5],  14600 ms
18) [5,6],  2468 ms
19) [5,5],  44029 ms
20) [8,3],  2782 ms
21) [8,7],  37736 ms
22) [7,7],  4984 ms
23) [7,4],  12308 ms
24) [6,4],  3149 ms
25) [8,5],  30577 ms
26) [6,3],  5031 ms
27) [7,6],  26247 ms
28) [9,5],  2486 ms
29) [11,3],  20 ms
30) [11,7],  4135 ms
31) [12,8],  20 ms
32) [5,8],  5031 ms
33) [11,8],  6284 ms
34) [10,7],  20 ms
35) [13,8],  1588 ms
36) [14,8],  2571 ms
37) [12,7],  1018 ms
38) [9,4],  2172 ms
39) [11,4],  20 ms
40) [12,3],  20 ms
41) [11,6],  19 ms
42) [14,9],  20 ms
43) [8,11],  20 ms
44) [8,10],  20 ms
45) [7,5],  20 ms
46) [7,2],  19 ms
47) [10,9],  20 ms
48) [9,10],  20 ms
49) [11,5],  19 ms
50) [11,2],  20 ms
51) [14,5],  20 ms
52) [13,6],  19 ms
53) [12,5],  20 ms
54) [13,5],  20 ms
55) [12,6],  19 ms
56) [12,9],  20 ms
57) [12,4],  20 ms

pela 60.0 wins

pela 5.0:  2216 ms/turn
pela 60.0:  15 s/turn
