 0) [9,8],  1516 ms
 1) [8,8],  1653 ms
 2) [10,9],  22 ms
 3) [8,7],  22 ms
 4) [8,6],  4545 ms
 5) [10,8],  47278 ms
 6) [9,10],  4127 ms
 7) [8,11],  60032 ms
 8) [7,10],  1417 ms
 9) [6,11],  42163 ms
10) [8,10],  5022 ms
11) [10,10],  60013 ms
12) [7,11],  2219 ms
13) [9,9],  33070 ms
14) [11,11],  2761 ms
15) [6,10],  50848 ms
16) [7,9],  3506 ms
17) [7,8],  27707 ms
18) [6,9],  2454 ms
19) [7,13],  14701 ms
20) [11,12],  4992 ms
21) [9,11],  20444 ms
22) [8,12],  2697 ms
23) [7,7],  18017 ms
24) [6,6],  21 ms
25) [11,13],  32007 ms
26) [10,11],  554 ms
27) [12,13],  8675 ms
28) [10,12],  259 ms
29) [9,12],  9451 ms
30) [5,9],  269 ms
31) [4,9],  8725 ms
32) [9,13],  493 ms
33) [8,14],  7593 ms
34) [10,14],  42 ms
35) [11,15],  20 ms
36) [10,13],  40 ms
37) [10,15],  19 ms
38) [12,11],  25 ms
39) [13,10],  12611 ms
40) pbrain-pela:  I win !
40) [12,10],  20 ms
41) [13,9],  19 ms
42) [13,12],  20 ms
43) [11,10],  20 ms
44) [13,11],  19 ms
45) [14,11],  20 ms
46) [14,12],  20 ms
47) [12,12],  19 ms
48) [15,13],  19 ms
49) [16,14],  20 ms
50) [11,9],  21 ms

pela 5.0 wins

pela 5.0:  1426 ms/turn
pela 60.0:  18 s/turn
