 0) [9,8],  1909 ms
 1) [8,9],  22 ms
 2) [9,7],  45 ms
 3) [9,6],  22 ms
 4) [10,8],  3913 ms
 5) [11,8],  22 ms
 6) [11,6],  5001 ms
 7) [11,9],  60009 ms
 8) [12,9],  4999 ms
 9) [12,5],  24887 ms
10) [13,5],  2097 ms
11) [11,7],  19574 ms
12) [11,10],  4848 ms
13) [10,11],  54994 ms
14) [9,10],  4688 ms
15) [12,11],  24454 ms
16) [9,11],  2378 ms
17) [9,9],  20 ms
18) [13,8],  2270 ms
19) [12,7],  59411 ms
20) [10,9],  1662 ms
21) [14,7],  28848 ms
22) [13,7],  4435 ms
23) [13,6],  38865 ms
24) [11,4],  2810 ms
25) [8,7],  35285 ms
26) [15,8],  2754 ms
27) [16,8],  36224 ms
28) [6,9],  5018 ms
29) [6,8],  30971 ms
30) [15,9],  5000 ms
31) [10,10],  10075 ms
32) [8,8],  2162 ms
33) [15,6],  20830 ms
34) [16,6],  4994 ms
35) [11,5],  15419 ms
36) [14,5],  4396 ms
37) [14,4],  8358 ms
38) [8,11],  1764 ms
39) [7,12],  18811 ms
40) [12,4],  3823 ms
41) [11,3],  5851 ms
42) [16,9],  4261 ms
43) [14,9],  5883 ms
44) [10,12],  2795 ms
45) [8,10],  6004 ms
46) [13,9],  2209 ms
47) [15,7],  6589 ms
48) [15,10],  719 ms
49) [13,10],  10581 ms
50) [16,10],  4995 ms
51) [14,8],  3775 ms
52) [14,10],  3814 ms
53) [15,11],  3754 ms
54) [9,13],  2552 ms
55) [9,12],  7414 ms
56) [10,14],  1902 ms
57) [11,13],  8998 ms
58) [7,13],  3358 ms
59) [8,14],  3673 ms
60) [14,11],  1365 ms
61) [13,12],  7174 ms
62) [8,12],  5000 ms
63) [7,11],  6172 ms
64) [10,13],  3657 ms
65) [9,5],  5281 ms
66) [10,5],  5003 ms
67) [17,10],  1187 ms
68) [16,5],  5000 ms
69) [17,5],  1135 ms
70) [12,2],  5006 ms
71) [8,13],  2213 ms
72) [13,2],  4990 ms
73) [11,2],  2493 ms
74) [7,5],  4993 ms
75) [11,15],  2125 ms
76) [11,16],  4999 ms
77) [6,11],  3219 ms
78) [10,6],  1661 ms
79) [10,7],  20 ms
80) [12,3],  4992 ms
81) [14,1],  21 ms
82) [9,14],  4995 ms
83) [5,13],  2750 ms
84) [6,12],  21 ms
85) [12,1],  2354 ms
86) [5,10],  1684 ms
87) [16,4],  2035 ms
88) [17,4],  1713 ms
89) [7,9],  1740 ms
90) [5,7],  3906 ms
91) [6,6],  1485 ms
92) [7,4],  3346 ms
93) [7,3],  1281 ms
94) [7,8],  2859 ms
95) [6,4],  532 ms
96) [10,15],  2403 ms
97) [10,16],  20 ms
98) [4,11],  1819 ms
99) [3,12],  21 ms
100) [17,8],  520 ms
101) [18,7],  20 ms
102) [7,6],  1777 ms
103) [7,7],  20 ms
104) [10,4],  749 ms
105) [9,4],  913 ms
106) [10,3],  467 ms
107) [10,2],  21 ms
108) [11,11],  640 ms
109) [12,10],  21 ms
110) [9,1],  1263 ms
111) [6,5],  21 ms
112) [6,7],  20 ms
113) [9,3],  21 ms
114) [9,2],  21 ms
115) [6,2],  20 ms
116) [6,3],  21 ms
117) [8,6],  21 ms
118) [5,9],  20 ms
119) [8,4],  20 ms
120) [5,1],  20 ms
121) [11,1],  21 ms
122) [12,0],  20 ms
123) [13,1],  20 ms
124) [15,1],  21 ms
125) [10,1],  19 ms

pela 60.0 wins

pela 5.0:  2738 ms/turn
pela 60.0:  9429 ms/turn
