 0) [11,8],  25 ms
 1) [10,7],  25 ms
 2) [11,9],  26 ms
 3) [11,10],  26 ms
 4) [12,8],  3543 ms
 5) [10,8],  25 ms
 6) [10,11],  1595 ms
 7) [9,11],  59915 ms
 8) [10,6],  3696 ms
 9) [11,7],  34858 ms
10) [8,10],  2057 ms
11) [9,12],  23412 ms
12) [9,7],  2185 ms
13) [8,8],  24499 ms
14) [10,13],  2545 ms
15) [10,10],  36936 ms
16) [9,9],  3827 ms
17) [10,9],  59995 ms
18) [11,12],  3647 ms
19) [12,13],  39478 ms
20) [9,8],  4799 ms
21) [9,6],  21810 ms
22) [9,13],  5002 ms
23) [9,14],  25330 ms
24) [12,6],  4455 ms
25) [12,7],  27728 ms
26) [13,7],  1649 ms
27) [14,6],  21391 ms
28) [12,11],  2740 ms
29) [14,8],  32084 ms
30) [14,5],  4155 ms
31) [13,10],  25620 ms
32) [12,10],  2930 ms
33) [10,12],  11227 ms
34) [7,12],  2791 ms
35) [8,13],  9342 ms
36) [7,10],  2509 ms
37) [7,11],  20893 ms
38) [5,9],  2170 ms
39) [5,10],  7445 ms
40) [13,8],  2132 ms
41) [12,12],  11602 ms
42) [6,11],  4806 ms
43) [8,9],  13676 ms
44) [11,14],  4996 ms
45) [13,13],  13234 ms
46) [14,14],  4836 ms
47) [10,15],  9623 ms
48) [13,11],  3973 ms
49) [11,11],  4655 ms
50) [11,16],  3884 ms
51) [15,13],  9314 ms
52) [14,13],  26 ms
53) [13,14],  4474 ms
54) [11,15],  31 ms
55) [11,13],  26 ms
56) [13,16],  31 ms
57) [14,16],  2146 ms
58) [12,15],  28 ms
59) [14,17],  26 ms
60) [12,16],  3935 ms
61) [10,14],  6927 ms
62) [11,17],  2728 ms
63) [11,18],  25 ms
64) [14,12],  3652 ms
65) [14,11],  2433 ms
66) [12,17],  3050 ms
67) [9,15],  5677 ms
68) [8,16],  26 ms
69) [12,14],  2457 ms
70) [13,15],  25 ms
71) [10,18],  26 ms
72) [6,9],  4998 ms
73) [5,8],  4515 ms
74) [15,6],  2351 ms
75) [13,4],  1916 ms
76) [10,17],  2943 ms
77) [9,17],  1626 ms
78) [9,16],  3229 ms
79) [10,16],  26 ms
80) [6,8],  2160 ms
81) [6,10],  1365 ms
82) [8,15],  3662 ms
83) [7,14],  2160 ms
84) [5,16],  5000 ms
85) [12,18],  2330 ms
86) [13,18],  5001 ms
87) [8,5],  2060 ms
88) [14,15],  3417 ms
89) [15,15],  25 ms
90) [13,17],  5021 ms
91) [13,19],  25 ms
92) [15,12],  5000 ms
93) [7,16],  2144 ms
94) [6,14],  4739 ms
95) [8,6],  1926 ms
96) [8,7],  25 ms
97) [5,6],  1646 ms
98) [7,6],  5000 ms
99) [7,4],  1398 ms
100) [6,3],  29 ms
101) [6,5],  1217 ms
102) [8,3],  3550 ms
103) [5,5],  244 ms
104) [15,14],  3976 ms
105) [16,13],  27 ms
106) [13,12],  3622 ms
107) [16,15],  26 ms
108) [15,19],  2836 ms
109) [14,18],  26 ms
110) [16,12],  2674 ms
111) [17,12],  27 ms
112) [9,18],  2251 ms
113) [8,19],  27 ms
114) [7,5],  979 ms
115) [4,7],  30 ms
116) [3,8],  26 ms
117) [6,7],  29 ms
118) [7,8],  27 ms
119) [5,7],  25 ms
120) [5,4],  25 ms
121) [3,7],  26 ms
122) [7,7],  26 ms
123) [2,7],  26 ms

pela 60.0 wins

pela 5.0:  2694 ms/turn
pela 60.0:  9568 ms/turn
