 0) [9,8],  195 ms
 1) [8,8],  257 ms
 2) [10,9],  32 ms
 3) [8,7],  33 ms
 4) [8,6],  5005 ms
 5) [10,8],  48949 ms
 6) [9,10],  5006 ms
 7) [8,11],  60014 ms
 8) [8,10],  2393 ms
 9) [8,9],  30430 ms
10) [10,6],  2943 ms
11) [9,6],  59999 ms
12) [10,4],  5005 ms
13) [10,10],  36805 ms
14) [11,5],  5047 ms
15) [7,7],  30197 ms
16) [9,9],  5028 ms
17) [9,7],  36763 ms
18) [10,7],  1505 ms
19) [10,5],  14888 ms
20) [7,8],  2331 ms
21) [9,11],  16229 ms
22) [8,12],  3490 ms
23) [12,6],  14599 ms
24) [7,11],  4020 ms
25) [6,12],  19573 ms
26) [8,4],  5039 ms
27) [11,3],  15802 ms
28) [8,3],  3476 ms
29) [8,2],  20949 ms
30) [7,4],  2941 ms
31) [9,4],  27808 ms
32) [12,3],  2136 ms
33) [6,10],  23807 ms
34) [7,9],  3159 ms
35) [4,10],  8101 ms
36) [5,11],  5006 ms
37) [6,11],  19251 ms
38) [6,9],  2357 ms
39) [6,13],  701 ms
40) [6,14],  29 ms
41) [3,10],  469 ms
42) [7,10],  3784 ms
43) [7,12],  30 ms
44) [5,10],  2053 ms
45) [5,14],  94 ms
46) [4,15],  29 ms
47) [5,12],  173 ms
48) [4,11],  5010 ms
49) [3,12],  30 ms
50) [4,12],  30 ms
51) [4,13],  59 ms
52) [2,11],  1960 ms
53) [3,11],  43 ms
54) [3,13],  1957 ms
55) [3,14],  56 ms
56) [2,15],  29 ms
57) [6,7],  31 ms
58) [5,7],  30 ms
59) [7,16],  29 ms
60) [6,15],  30 ms
61) [3,8],  30 ms
62) [3,9],  30 ms
63) [6,8],  32 ms
64) [9,3],  36 ms
65) [5,9],  31 ms

pela 60.0 wins

pela 5.0:  2458 ms/turn
pela 60.0:  14 s/turn
