 0) [9,8],  27 ms
 1) [8,8],  27 ms
 2) [8,7],  27 ms
 3) [9,7],  45 ms
 4) [10,6],  27 ms
 5) [10,7],  28 ms
 6) [11,6],  27 ms
 7) [9,6],  27 ms
 8) [13,8],  27 ms
 9) [12,7],  42460 ms
10) [13,6],  5010 ms
11) [13,7],  60002 ms
12) [11,7],  29 ms
13) [11,8],  60000 ms
14) [8,5],  2604 ms
15) [8,4],  57673 ms
16) [7,6],  5006 ms
17) [6,5],  52378 ms
18) [12,10],  5012 ms
19) [14,7],  42133 ms
20) [12,11],  1520 ms
21) [12,8],  40737 ms
22) [12,9],  2219 ms
23) [15,7],  18470 ms
24) [16,7],  25 ms
25) [10,9],  15987 ms
26) [14,6],  5003 ms
27) [12,6],  24 ms
28) [9,3],  2183 ms
29) [12,12],  17067 ms
30) [9,10],  5006 ms
31) [10,10],  11593 ms
32) [11,11],  4105 ms
33) [13,11],  24423 ms
34) [11,13],  5004 ms
35) [11,12],  22407 ms
36) [10,12],  1454 ms
37) [10,8],  19217 ms
38) [10,11],  27 ms
39) [9,11],  11116 ms
40) [11,9],  26 ms
41) [9,13],  14878 ms
42) [16,6],  2942 ms
43) [17,6],  12762 ms
44) [15,5],  2591 ms
45) [14,8],  3067 ms
46) [15,9],  3660 ms
47) [11,5],  9315 ms
48) [10,4],  27 ms
49) [16,8],  9168 ms
50) [10,3],  5000 ms
51) [9,4],  7843 ms
52) [11,3],  5000 ms
53) [12,4],  4333 ms
54) [12,5],  26 ms
55) [12,3],  6110 ms
56) [14,5],  3291 ms
57) [16,5],  3792 ms
58) [9,2],  5011 ms
59) [11,4],  26 ms
60) [12,2],  5004 ms
61) [13,1],  3853 ms
62) [14,4],  1715 ms
63) [13,3],  26 ms
64) [10,2],  200 ms
65) [10,5],  26 ms
66) [13,2],  26 ms
67) [11,2],  27 ms
68) [14,2],  30 ms
69) [14,3],  26 ms
70) [15,2],  29 ms
71) [16,2],  26 ms
72) [15,4],  29 ms
73) [15,3],  27 ms
74) [16,3],  27 ms
75) [17,2],  26 ms
76) [17,4],  28 ms
77) [18,5],  26 ms
78) [16,4],  27 ms
79) [18,4],  26 ms
80) [13,4],  27 ms

pela 5.0 wins

pela 5.0:  1928 ms/turn
pela 60.0:  14 s/turn
