 0) [10,10],  27 ms
 1) [10,9],  27 ms
 2) [9,11],  28 ms
 3) [11,9],  28 ms
 4) [12,9],  24371 ms
 5) [10,11],  1691 ms
 6) [8,10],  21441 ms
 7) [7,9],  3047 ms
 8) [8,9],  60009 ms
 9) [9,9],  4999 ms
10) [7,10],  60000 ms
11) [6,10],  3949 ms
12) [10,7],  39219 ms
13) [9,8],  4624 ms
14) [11,8],  1981 ms
15) [13,10],  5009 ms
16) [9,6],  96 ms
17) [8,5],  25 ms
18) [8,7],  74 ms
19) [8,8],  3687 ms
20) [9,7],  30 ms
21) [7,7],  2673 ms
22) [12,7],  29 ms
23) [11,7],  25 ms
24) [12,6],  30 ms
25) [12,8],  1765 ms
26) [10,6],  29 ms
27) [11,6],  25 ms
28) [10,5],  27 ms
29) [10,4],  25 ms
30) [7,8],  25 ms
31) [11,4],  25 ms
32) [6,9],  25 ms

pela 60.0 wins

pela 5.0:  1976 ms/turn
pela 60.0:  12 s/turn
