 0) [9,8],  895 ms
 1) [8,8],  774 ms
 2) [10,9],  30 ms
 3) [8,7],  29 ms
 4) [8,6],  26799 ms
 5) [10,8],  1724 ms
 6) [9,10],  60000 ms
 7) [8,11],  3316 ms
 8) [8,10],  60015 ms
 9) [8,9],  5012 ms
10) [9,11],  60001 ms
11) [9,12],  3964 ms
12) [6,8],  41539 ms
13) [7,9],  4941 ms
14) [7,7],  2218 ms
15) [9,5],  5041 ms
16) [5,9],  119 ms
17) [4,10],  29 ms
18) [6,10],  61 ms
19) [7,10],  3764 ms
20) [6,9],  33 ms
21) [6,11],  2617 ms
22) [6,6],  34 ms
23) [6,7],  32 ms
24) [5,6],  61 ms
25) [7,6],  1831 ms
26) [5,8],  33 ms
27) [5,7],  30 ms
28) [4,8],  46 ms
29) [3,8],  29 ms
30) [3,7],  29 ms
31) [7,11],  29 ms
32) [2,6],  32 ms

pela 60.0 wins

pela 5.0:  2072 ms/turn
pela 60.0:  14 s/turn
