 0) [9,8],  940 ms
 1) [10,8],  22 ms
 2) [8,9],  21 ms
 3) [10,7],  22 ms
 4) [10,6],  2771 ms
 5) [8,8],  39632 ms
 6) [9,10],  3235 ms
 7) [10,11],  51437 ms
 8) [11,10],  4655 ms
 9) [12,11],  48374 ms
10) [10,10],  4754 ms
11) [8,10],  60002 ms
12) [11,11],  4797 ms
13) [9,9],  57190 ms
14) [7,11],  1949 ms
15) [12,10],  49054 ms
16) [11,9],  2154 ms
17) [11,8],  16213 ms
18) [12,9],  1790 ms
19) [11,13],  14956 ms
20) [7,12],  4862 ms
21) [9,11],  13835 ms
22) [10,12],  1676 ms
23) [11,7],  35612 ms
24) [12,6],  22 ms
25) [7,13],  10454 ms
26) [8,11],  378 ms
27) [6,13],  29024 ms
28) [8,12],  177 ms
29) [9,12],  18098 ms
30) [13,9],  173 ms
31) [14,9],  20371 ms
32) [9,13],  305 ms
33) [10,14],  19379 ms
34) [8,14],  44 ms
35) [7,15],  20 ms
36) [8,13],  24 ms
37) [8,15],  20 ms
38) [6,11],  25 ms
39) [5,10],  12660 ms
40) pbrain-pela:  I win !
40) [6,10],  20 ms
41) [5,9],  20 ms
42) [5,12],  20 ms
43) [7,10],  21 ms
44) [5,11],  20 ms
45) [4,11],  20 ms
46) [4,12],  20 ms
47) [6,12],  20 ms
48) [3,13],  21 ms
49) [7,9],  20 ms
50) [2,14],  20 ms

pela 5.0 wins

pela 5.0:  1341 ms/turn
pela 60.0:  19 s/turn
