 0) [11,11],  28 ms
 1) [12,11],  27 ms
 2) [10,12],  29 ms
 3) [12,10],  29 ms
 4) [12,9],  4824 ms
 5) [10,11],  60022 ms
 6) [11,13],  4924 ms
 7) [12,14],  19471 ms
 8) [12,13],  2039 ms
 9) [12,12],  34168 ms
10) [10,9],  2581 ms
11) [11,9],  60009 ms
12) [14,12],  5013 ms
13) [10,13],  53203 ms
14) [10,7],  2876 ms
15) [11,8],  53304 ms
16) [10,8],  5027 ms
17) [10,6],  45677 ms
18) [9,14],  2879 ms
19) [13,10],  14464 ms
20) [11,12],  4996 ms
21) [11,14],  12086 ms
22) [14,10],  5036 ms
23) [13,14],  25643 ms
24) [14,14],  1693 ms
25) [14,13],  29154 ms
26) [12,15],  4998 ms
27) [12,8],  21689 ms
28) [11,7],  4998 ms
29) [8,7],  10232 ms
30) [9,13],  1959 ms
31) [9,12],  9465 ms
32) [8,11],  3889 ms
33) [8,14],  12682 ms
34) [7,11],  2824 ms
35) [9,9],  15566 ms
36) [10,10],  2433 ms
37) [6,11],  8417 ms
38) [7,13],  5001 ms
39) [8,10],  8349 ms
40) [8,13],  4423 ms
41) [6,13],  6909 ms
42) [5,12],  4402 ms
43) [8,12],  14198 ms
44) [6,10],  3484 ms
45) [14,8],  8866 ms
46) [15,8],  4994 ms
47) [13,7],  10906 ms
48) [14,6],  4973 ms
49) [11,5],  576 ms
50) [12,6],  3732 ms
51) [8,8],  28 ms
52) [9,7],  1509 ms
53) [8,6],  26 ms
54) [8,9],  25 ms
55) [8,5],  77 ms
56) [8,4],  24 ms
57) [13,8],  29 ms
58) [13,5],  5001 ms
59) [14,4],  25 ms
60) [13,9],  2384 ms
61) [10,5],  27 ms
62) [9,5],  26 ms
63) [9,6],  26 ms
64) [7,6],  25 ms
65) [7,8],  25 ms
66) [11,4],  24 ms
67) [6,9],  25 ms

pela 60.0 wins

pela 5.0:  3031 ms/turn
pela 60.0:  15 s/turn
