 0) [9,12],  0 ms
 1) [8,12],  1367 ms
 2) [9,11],  25 ms
 3) [9,10],  25 ms
 4) [8,9],  1433 ms
 5) [6,10],  59993 ms
 6) [7,11],  2330 ms
 7) [8,11],  41549 ms
 8) [10,9],  3480 ms
 9) [9,9],  49513 ms
10) [6,13],  1702 ms
11) [6,11],  59485 ms
12) [5,10],  4134 ms
13) [7,14],  21070 ms
14) [8,7],  2457 ms
15) [7,6],  34330 ms
16) [10,7],  3626 ms
17) [8,8],  34211 ms
18) [7,7],  4999 ms
19) [9,7],  42657 ms
20) [7,9],  2026 ms
21) [9,8],  27151 ms
22) [9,6],  22 ms
23) [7,8],  29967 ms
24) [6,8],  1825 ms
25) [8,10],  28375 ms
26) [10,8],  1617 ms
27) [10,10],  24321 ms
28) [7,10],  21 ms
29) [5,9],  17023 ms
30) [8,14],  1558 ms
31) [7,13],  18430 ms
32) [7,15],  4959 ms
33) [6,16],  15778 ms
34) [8,16],  4635 ms
35) [9,15],  13537 ms
36) [10,6],  2648 ms
37) [10,5],  21 ms
38) [11,10],  3207 ms
39) [12,9],  6771 ms
40) [11,11],  4004 ms
41) [10,12],  9798 ms
42) [6,7],  4442 ms
43) [5,7],  8692 ms
44) [5,15],  3742 ms
45) [5,13],  7990 ms
46) [8,6],  4094 ms
47) [10,4],  3961 ms
48) [6,17],  2016 ms
49) [8,17],  6274 ms
50) [4,15],  2915 ms
51) [6,15],  2205 ms
52) [4,16],  4230 ms
53) [5,14],  1682 ms
54) [7,16],  4534 ms
55) [4,14],  4825 ms
56) [3,14],  5001 ms
57) [5,16],  2228 ms
58) [4,17],  1961 ms
59) [3,17],  1430 ms
60) [2,14],  3627 ms
61) [2,15],  1429 ms
62) [12,7],  3611 ms
63) [11,7],  3402 ms
64) [12,11],  2634 ms
65) [10,11],  2913 ms
66) [4,19],  279 ms
67) [4,18],  20 ms
68) [8,15],  98 ms
69) [5,18],  21 ms
70) [10,13],  157 ms
71) [9,14],  20 ms
72) [11,12],  38 ms
73) [11,13],  1354 ms
74) [14,9],  34 ms
75) [13,10],  20 ms
76) [13,8],  29 ms
77) [15,10],  1997 ms
78) [11,8],  22 ms
79) [11,9],  20 ms
80) [3,15],  51 ms
81) [1,13],  815 ms
82) [12,6],  24 ms
83) [11,6],  21 ms
84) [14,8],  27 ms
85) [12,8],  23 ms
86) [13,6],  25 ms
87) [14,5],  22 ms
88) [13,7],  22 ms
89) [15,9],  23 ms
90) [13,5],  21 ms
91) [13,9],  22 ms
92) [13,4],  21 ms

pela 5.0 wins

pela 5.0:  2007 ms/turn
pela 60.0:  12 s/turn
