 0) [12,9],  1 ms
 1) [11,9],  159 ms
 2) [11,10],  23 ms
 3) [12,10],  24 ms
 4) [10,11],  24 ms
 5) [9,12],  24 ms
 6) [10,13],  4171 ms
 7) [10,14],  38690 ms
 8) [13,11],  4514 ms
 9) [14,11],  39894 ms
10) [13,12],  3776 ms
11) [13,10],  60008 ms
12) [11,12],  3555 ms
13) [12,13],  43924 ms
14) [9,10],  1604 ms
15) [12,11],  59631 ms
16) [12,14],  4995 ms
17) [8,9],  39344 ms
18) [13,15],  3261 ms
19) [13,13],  45477 ms
20) [12,12],  3336 ms
21) [14,12],  21181 ms
22) [14,13],  1783 ms
23) [11,13],  11964 ms
24) [15,13],  5004 ms
25) [15,14],  13847 ms
26) [9,11],  2527 ms
27) [13,8],  32253 ms
28) [14,8],  4920 ms
29) [14,14],  27644 ms
30) [15,9],  2863 ms
31) [14,10],  17303 ms
32) [15,10],  2566 ms
33) [15,12],  10550 ms
34) [17,14],  4014 ms
35) [8,11],  19722 ms
36) [8,12],  2238 ms
37) [14,15],  9147 ms
38) [18,13],  5006 ms
39) [17,13],  15595 ms
40) [13,16],  5001 ms
41) [16,7],  13375 ms
42) [15,8],  4314 ms
43) [15,7],  7587 ms
44) [14,7],  2921 ms
45) [14,6],  5944 ms
46) [13,9],  3475 ms
47) [16,9],  3819 ms
48) [16,8],  2848 ms
49) [11,6],  3538 ms
50) [13,6],  4993 ms
51) [17,8],  8470 ms
52) [14,5],  5001 ms
53) [11,4],  2532 ms
54) [11,5],  2397 ms
55) [12,6],  6898 ms
56) [12,7],  2030 ms
57) [11,8],  3591 ms
58) [9,8],  3133 ms
59) [9,7],  5403 ms
60) [8,6],  3108 ms
61) [16,4],  3578 ms
62) [6,8],  2843 ms
63) [7,7],  4128 ms
64) [8,7],  4252 ms
65) [10,9],  3530 ms
66) [7,9],  4021 ms
67) [8,10],  1097 ms
68) [7,8],  735 ms
69) [8,8],  2882 ms
70) [6,9],  42 ms
71) [9,6],  2458 ms
72) [6,10],  27 ms
73) [6,11],  2113 ms
74) [5,9],  26 ms
75) [7,11],  1344 ms
76) [6,6],  24 ms
77) [6,7],  23 ms
78) [4,9],  25 ms
79) [3,9],  22 ms
80) [5,10],  25 ms
81) [4,11],  22 ms
82) [5,11],  23 ms
83) [5,12],  807 ms
84) [5,8],  25 ms
85) [5,7],  23 ms
86) [4,8],  1139 ms
87) [3,8],  22 ms
88) [3,13],  23 ms
89) [4,12],  22 ms
90) [3,7],  3333 ms
91) [2,6],  23 ms
92) [16,3],  3913 ms
93) [15,4],  22 ms
94) [7,10],  110 ms
95) [4,7],  690 ms
96) [3,10],  5003 ms
97) [4,10],  22 ms
98) [1,12],  1777 ms
99) [2,11],  22 ms
100) [6,12],  23 ms
101) [1,10],  25 ms
102) [2,9],  22 ms
103) pbrain-pela:  I win !
103) [4,13],  22 ms
104) [4,14],  22 ms
105) [3,12],  22 ms
106) [5,14],  21 ms
107) [0,9],  22 ms

pela 60.0 wins

pela 5.0:  2349 ms/turn
pela 60.0:  10 s/turn
