 0) [11,9],  0 ms
 1) [10,9],  217 ms
 2) [10,8],  21 ms
 3) [11,8],  22 ms
 4) [12,10],  22 ms
 5) [13,11],  21 ms
 6) [14,10],  5004 ms
 7) [15,10],  39430 ms
 8) [12,7],  3145 ms
 9) [12,6],  40041 ms
10) [13,7],  3588 ms
11) [11,7],  60004 ms
12) [13,9],  3733 ms
13) [14,8],  49759 ms
14) [15,7],  1528 ms
15) [14,7],  58641 ms
16) [14,6],  1935 ms
17) [12,8],  50283 ms
18) [15,8],  3808 ms
19) [15,5],  21412 ms
20) [12,9],  5001 ms
21) [8,7],  36464 ms
22) [8,6],  4991 ms
23) [9,7],  20 ms
24) [10,7],  1657 ms
25) [9,8],  26388 ms
26) [14,9],  5031 ms
27) [15,9],  21 ms
28) [7,6],  5030 ms
29) [9,6],  28 ms
30) [9,5],  1596 ms
31) [9,10],  23 ms
32) [9,9],  21 ms
33) [7,12],  24 ms
34) [8,11],  21 ms
35) [10,5],  18584 ms
36) [7,8],  5001 ms
37) [7,7],  19097 ms
38) [12,11],  2492 ms
39) [13,10],  17681 ms
40) [11,11],  88 ms
41) [11,4],  44 ms
42) [12,3],  21 ms
43) [11,6],  33 ms
44) [11,5],  21 ms
45) [13,6],  28 ms
46) [10,6],  21 ms
47) [12,5],  25 ms
48) [10,3],  25 ms
49) [6,7],  23 ms
50) [5,7],  21 ms
51) [12,12],  21 ms
52) [10,12],  24 ms
53) [9,13],  21 ms
54) [10,11],  23 ms
55) [9,11],  21 ms
56) [9,12],  23 ms
57) [11,10],  21 ms
58) [10,13],  23 ms
59) [11,14],  21 ms
60) [10,14],  21 ms
61) [10,15],  21 ms
62) [10,10],  21 ms

pela 5.0 wins

pela 5.0:  1686 ms/turn
pela 60.0:  14 s/turn
