 0) [9,8],  3005 ms
 1) [8,9],  22 ms
 2) [9,7],  21 ms
 3) [9,6],  22 ms
 4) [10,8],  19402 ms
 5) [11,8],  21 ms
 6) [11,6],  60001 ms
 7) [12,10],  1533 ms
 8) [12,9],  31776 ms
 9) [8,6],  4801 ms
10) [8,7],  53014 ms
11) [10,7],  2636 ms
12) [8,5],  27039 ms
13) [6,5],  5007 ms
14) [6,6],  18216 ms
15) [11,5],  2063 ms
16) [9,4],  25714 ms
17) [7,6],  2465 ms
18) [12,6],  51684 ms
19) [10,5],  3559 ms
20) [5,7],  38721 ms
21) [7,7],  3947 ms
22) [9,5],  16028 ms
23) [8,4],  3864 ms
24) [7,8],  21314 ms
25) [6,8],  4275 ms
26) [5,9],  22061 ms
27) [5,10],  3599 ms
28) [11,10],  30282 ms
29) [13,8],  3067 ms
30) [4,8],  17970 ms
31) [3,9],  1536 ms
32) [10,9],  17383 ms
33) [12,11],  22 ms
34) [13,5],  14685 ms
35) [11,7],  5002 ms
36) [3,10],  17069 ms
37) [6,10],  2084 ms
38) [4,10],  9469 ms
39) [12,8],  1447 ms
40) [13,9],  5151 ms
41) [11,9],  3898 ms
42) [13,7],  14269 ms
43) [13,6],  5000 ms
44) [15,8],  6839 ms
45) [10,3],  3852 ms
46) [10,6],  7744 ms
47) [9,3],  5002 ms
48) [11,3],  4073 ms
49) [7,5],  5006 ms
50) [7,3],  9585 ms
51) [4,7],  5006 ms
52) [6,11],  2794 ms
53) [5,5],  4754 ms
54) [10,2],  3168 ms
55) [12,4],  1523 ms
56) [4,5],  3260 ms
57) [4,6],  1496 ms
58) [4,12],  4748 ms
59) [4,11],  1564 ms
60) [15,9],  4342 ms
61) [14,9],  5005 ms
62) [15,10],  257 ms
63) [15,11],  2089 ms
64) [16,10],  195 ms
65) [14,8],  25 ms
66) [14,10],  123 ms
67) [17,10],  3834 ms
68) [15,7],  255 ms
69) [15,6],  25 ms
70) [16,8],  99 ms
71) [17,7],  1661 ms
72) [16,9],  108 ms
73) [16,7],  1769 ms
74) [18,7],  103 ms
75) [17,8],  24 ms
76) pbrain-pela:  I win !
76) [17,9],  24 ms
77) [14,6],  25 ms
78) [13,11],  24 ms
79) [12,12],  24 ms
80) [18,10],  25 ms
81) [19,11],  24 ms
82) [18,9],  25 ms
83) [19,9],  25 ms
84) [18,8],  24 ms
85) [18,11],  25 ms
86) [18,6],  26 ms

pela 60.0 wins

pela 5.0:  2386 ms/turn
pela 60.0:  12 s/turn
