 0) [9,9],  0 ms
 1) [8,9],  140 ms
 2) [10,10],  23 ms
 3) [8,8],  22 ms
 4) [8,7],  2579 ms
 5) [10,9],  31529 ms
 6) [9,11],  3722 ms
 7) [8,12],  60024 ms
 8) [7,11],  2019 ms
 9) [6,12],  43696 ms
10) [8,11],  5004 ms
11) [10,11],  60001 ms
12) [7,12],  2100 ms
13) [9,10],  33761 ms
14) [11,12],  2611 ms
15) [6,11],  52987 ms
16) [7,10],  3436 ms
17) [7,9],  28483 ms
18) [6,10],  2318 ms
19) [7,14],  15242 ms
20) [11,13],  5024 ms
21) [9,12],  21044 ms
22) [8,13],  2527 ms
23) [7,8],  18195 ms
24) [6,7],  21 ms
25) [11,14],  33559 ms
26) [10,12],  585 ms
27) [12,14],  8575 ms
28) [10,13],  290 ms
29) [9,13],  9051 ms
30) [5,10],  250 ms
31) [4,10],  8589 ms
32) [9,14],  467 ms
33) [8,15],  8159 ms
34) [10,15],  44 ms
35) [11,16],  20 ms
36) [10,14],  41 ms
37) [10,16],  20 ms
38) [12,12],  26 ms
39) [13,11],  21166 ms
40) [12,11],  21 ms
41) [13,10],  44 ms
42) [13,13],  21 ms
43) [11,11],  21 ms
44) [13,12],  20 ms
45) [14,12],  37 ms
46) [14,13],  125 ms
47) [12,13],  20 ms
48) [15,14],  21 ms
49) [16,15],  20 ms
50) [11,10],  20 ms

pela 5.0 wins

pela 5.0:  1281 ms/turn
pela 60.0:  18 s/turn
