 0) [9,8],  189 ms
 1) [8,7],  22 ms
 2) [9,9],  21 ms
 3) [9,10],  22 ms
 4) [10,8],  2203 ms
 5) [8,8],  22 ms
 6) [8,11],  5007 ms
 7) [7,11],  53146 ms
 8) [8,6],  4115 ms
 9) [9,7],  35669 ms
10) [6,10],  2098 ms
11) [7,13],  26330 ms
12) [10,7],  1982 ms
13) [10,6],  29431 ms
14) [11,5],  4278 ms
15) [7,10],  47773 ms
16) [7,12],  4293 ms
17) [11,7],  35943 ms
18) [8,13],  2459 ms
19) [6,12],  26995 ms
20) [5,11],  4879 ms
21) [4,12],  49260 ms
22) [7,7],  3921 ms
23) [9,5],  35259 ms
24) [8,4],  2595 ms
25) [12,5],  20006 ms
26) [7,4],  4381 ms
27) [12,8],  14513 ms
28) [13,9],  20 ms
29) [7,8],  30805 ms
30) [10,4],  5022 ms
31) [9,4],  17957 ms
32) [9,3],  21 ms
33) [8,2],  25288 ms
34) [7,5],  22 ms
35) [6,6],  20 ms
36) [7,3],  22 ms
37) [7,6],  20 ms
38) [10,3],  22 ms
39) [8,3],  20 ms
40) pbrain-pela:  I win !
40) [10,2],  20 ms
41) [11,1],  19 ms
42) [10,1],  20 ms
43) [10,5],  20 ms
44) [10,0],  20 ms

pela 5.0 wins

pela 5.0:  2070 ms/turn
pela 60.0:  20 s/turn
