 0) [9,8],  168 ms
 1) [8,7],  29 ms
 2) [9,9],  29 ms
 3) [9,10],  28 ms
 4) [10,8],  2087 ms
 5) [8,8],  28 ms
 6) [8,11],  5003 ms
 7) [7,11],  32639 ms
 8) [8,6],  2364 ms
 9) [9,7],  19943 ms
10) [6,10],  4345 ms
11) [7,13],  60008 ms
12) [10,7],  5001 ms
13) [10,6],  19356 ms
14) [11,5],  3127 ms
15) [7,10],  36493 ms
16) [7,12],  3857 ms
17) [11,7],  35499 ms
18) [8,13],  2385 ms
19) [6,12],  31683 ms
20) [5,11],  5055 ms
21) [4,12],  52065 ms
22) [7,7],  5001 ms
23) [9,5],  44607 ms
24) [8,4],  3501 ms
25) [12,5],  26748 ms
26) [7,4],  5003 ms
27) [12,8],  19369 ms
28) [13,9],  30 ms
29) [7,8],  31647 ms
30) [10,4],  5000 ms
31) [9,4],  24726 ms
32) [9,3],  31 ms
33) [8,2],  10542 ms
34) [7,5],  31 ms
35) [6,6],  28 ms
36) [7,3],  29 ms
37) [7,6],  90 ms
38) [10,3],  30 ms
39) [8,3],  27 ms
40) pbrain-pela:  I win !
40) [10,2],  33 ms
41) [11,1],  28 ms
42) [10,1],  27 ms
43) [10,5],  28 ms
44) [10,0],  29 ms

pela 5.0 wins

pela 5.0:  2268 ms/turn
pela 60.0:  20 s/turn
