 0) [9,10],  27 ms
 1) [10,9],  28 ms
 2) [8,9],  27 ms
 3) [10,11],  28 ms
 4) [9,8],  27 ms
 5) [7,10],  28 ms
 6) [10,12],  60001 ms
 7) [9,7],  2729 ms
 8) [9,12],  35997 ms
 9) [9,11],  3193 ms
10) [7,11],  37610 ms
11) [8,12],  4998 ms
12) [11,9],  47852 ms
13) [10,6],  4315 ms
14) [11,5],  52128 ms
15) [11,8],  2907 ms
16) [9,6],  52331 ms
17) [12,6],  3303 ms
18) [13,6],  44852 ms
19) [12,9],  2527 ms
20) [10,7],  38467 ms
21) [11,6],  3480 ms
22) [12,11],  20881 ms
23) [9,9],  5022 ms
24) [12,8],  9857 ms
25) [7,7],  5000 ms
26) [8,8],  11080 ms
27) [8,7],  3177 ms
28) [12,5],  26978 ms
29) [14,5],  3597 ms
30) [10,13],  8790 ms
31) [11,12],  2982 ms
32) [9,13],  7437 ms
33) [11,13],  5007 ms
34) [8,14],  10801 ms
35) [7,15],  4995 ms
36) [9,15],  487 ms
37) [11,14],  4998 ms
38) [11,11],  34 ms
39) [12,10],  25 ms
40) [7,13],  46 ms
41) [11,16],  29 ms
42) [11,15],  25 ms
43) [6,7],  29 ms
44) [5,7],  25 ms
45) [10,16],  25 ms
46) [6,12],  27 ms
47) [5,11],  25 ms
48) [5,13],  29 ms
49) [4,14],  2126 ms
50) [6,13],  27 ms
51) [8,13],  25 ms
52) [6,14],  28 ms
53) [6,15],  25 ms
54) [9,14],  26 ms
55) [9,16],  25 ms
56) [7,14],  26 ms
57) [10,14],  25 ms
58) [5,14],  25 ms

pela 60.0 wins

pela 5.0:  2230 ms/turn
pela 60.0:  15 s/turn
