 0) [9,8],  2758 ms
 1) [8,8],  2718 ms
 2) [10,9],  27 ms
 3) [8,7],  54 ms
 4) [8,6],  5017 ms
 5) [10,8],  51184 ms
 6) [9,10],  4448 ms
 7) [8,11],  59999 ms
 8) [7,10],  1582 ms
 9) [6,11],  46215 ms
10) [8,10],  5002 ms
11) [10,10],  60003 ms
12) [7,11],  5000 ms
13) [9,9],  30568 ms
14) [11,11],  2443 ms
15) [6,10],  49915 ms
16) [7,9],  2878 ms
17) [7,8],  18236 ms
18) [6,9],  4996 ms
19) [7,13],  36664 ms
20) [11,12],  3965 ms
21) [9,11],  11844 ms
22) [8,12],  1566 ms
23) [7,7],  33215 ms
24) [6,6],  23 ms
25) [11,13],  28463 ms
26) [10,11],  331 ms
27) [12,13],  13520 ms
28) [10,12],  182 ms
29) [9,12],  22485 ms
30) [5,9],  171 ms
31) [4,9],  19267 ms
32) [9,13],  307 ms
33) [8,14],  16522 ms
34) [10,14],  47 ms
35) [11,15],  23 ms
36) [10,13],  43 ms
37) [10,15],  22 ms
38) [12,11],  28 ms
39) [13,10],  11798 ms
40) pbrain-pela:  I win !
40) [12,10],  24 ms
41) [13,9],  23 ms
42) [13,12],  22 ms
43) [11,10],  24 ms
44) [13,11],  22 ms
45) [14,11],  23 ms
46) [14,12],  23 ms
47) [12,12],  24 ms
48) [15,13],  22 ms
49) [16,14],  23 ms
50) [11,9],  22 ms

pela 5.0 wins

pela 5.0:  1574 ms/turn
pela 60.0:  20 s/turn
