 0) [8,12],  0 ms
 1) [7,12],  148 ms
 2) [9,11],  23 ms
 3) [7,13],  22 ms
 4) [7,14],  2602 ms
 5) [9,12],  29708 ms
 6) [8,10],  3367 ms
 7) [7,9],  58723 ms
 8) [6,10],  1580 ms
 9) [5,9],  38161 ms
10) [7,10],  5039 ms
11) [9,10],  18123 ms
12) [6,9],  2297 ms
13) [8,11],  34429 ms
14) [10,9],  3126 ms
15) [5,10],  60004 ms
16) [6,11],  2674 ms
17) [6,12],  30386 ms
18) [5,11],  2408 ms
19) [6,7],  22525 ms
20) [10,8],  4992 ms
21) [8,9],  43986 ms
22) [7,8],  2728 ms
23) [6,13],  24575 ms
24) [5,14],  22 ms
25) [10,7],  34173 ms
26) [9,9],  536 ms
27) [11,7],  16197 ms
28) [9,8],  251 ms
29) [8,8],  26969 ms
30) [4,11],  239 ms
31) [3,11],  7602 ms
32) [8,7],  446 ms
33) [7,6],  7384 ms
34) [9,6],  44 ms
35) [10,5],  22 ms
36) [9,7],  24 ms
37) [9,5],  22 ms
38) [11,9],  26 ms
39) [12,10],  19278 ms
40) [11,10],  21 ms
41) [12,11],  20 ms
42) [12,8],  21 ms
43) [10,10],  20 ms
44) [12,9],  20 ms
45) [13,9],  21 ms
46) [13,8],  20 ms
47) [11,8],  20 ms
48) [14,7],  21 ms
49) [15,6],  20 ms
50) [10,11],  20 ms

pela 5.0 wins

pela 5.0:  1251 ms/turn
pela 60.0:  18 s/turn
