 0) [11,9],  0 ms
 1) [10,9],  244 ms
 2) [10,8],  23 ms
 3) [11,8],  22 ms
 4) [9,7],  22 ms
 5) [8,6],  23 ms
 6) [12,10],  2658 ms
 7) [13,11],  22 ms
 8) [14,5],  1596 ms
 9) [9,6],  24790 ms
10) [8,7],  3373 ms
11) [10,7],  269 ms
12) [12,9],  4846 ms
13) [11,6],  302 ms
14) [10,6],  4994 ms
15) [12,5],  93 ms
16) [13,4],  1754 ms
17) [12,7],  41 ms
18) [9,10],  5004 ms
19) [9,4],  41 ms
20) [10,5],  2300 ms
21) [7,4],  30 ms
22) [8,5],  23 ms
23) [10,4],  29 ms
24) [8,4],  5004 ms
25) [9,5],  23 ms
26) [11,3],  4033 ms
27) [12,6],  26 ms
28) [12,4],  24 ms
29) pbrain-pela:  I win !
29) [9,3],  24 ms
30) [9,2],  23 ms
31) [11,5],  24 ms
32) [13,7],  22 ms
33) [8,2],  25 ms

pela 60.0 wins

pela 5.0:  2099 ms/turn
pela 60.0:  1531 ms/turn
