 0) [9,8],  1579 ms
 1) [8,8],  1666 ms
 2) [10,9],  22 ms
 3) [8,7],  28 ms
 4) [8,6],  4340 ms
 5) [10,8],  46868 ms
 6) [9,10],  4134 ms
 7) [8,11],  59996 ms
 8) [7,10],  5001 ms
 9) [6,11],  36746 ms
10) [8,10],  5005 ms
11) [10,10],  60004 ms
12) [7,11],  4999 ms
13) [9,9],  28672 ms
14) [11,11],  2407 ms
15) [6,10],  41908 ms
16) [7,9],  2486 ms
17) [7,8],  20345 ms
18) [6,9],  5001 ms
19) [7,13],  36285 ms
20) [11,12],  3934 ms
21) [9,11],  12051 ms
22) [8,12],  1508 ms
23) [7,7],  36481 ms
24) [6,6],  21 ms
25) [11,13],  30880 ms
26) [10,11],  334 ms
27) [12,13],  17031 ms
28) [10,12],  295 ms
29) [9,12],  8941 ms
30) [5,9],  287 ms
31) [4,9],  8575 ms
32) [9,13],  501 ms
33) [8,14],  8782 ms
34) [10,14],  45 ms
35) [11,15],  22 ms
36) [10,13],  42 ms
37) [10,15],  22 ms
38) [12,11],  26 ms
39) [13,10],  20686 ms
40) pbrain-pela:  I win !
40) [12,10],  22 ms
41) [13,9],  22 ms
42) [13,12],  21 ms
43) [11,10],  23 ms
44) [13,11],  21 ms
45) [14,11],  22 ms
46) [14,12],  21 ms
47) [12,12],  22 ms
48) [15,13],  22 ms
49) [16,14],  22 ms
50) [11,9],  21 ms

pela 5.0 wins

pela 5.0:  1619 ms/turn
pela 60.0:  19 s/turn
