 0) [11,11],  22 ms
 1) [10,11],  238 ms
 2) [9,12],  22 ms
 3) [10,12],  22 ms
 4) [10,13],  22 ms
 5) [11,13],  22 ms
 6) [9,11],  22 ms
 7) [9,14],  59994 ms
 8) [9,9],  5006 ms
 9) [9,10],  38516 ms
10) [12,13],  4996 ms
11) [10,10],  59324 ms
12) [10,9],  4992 ms
13) [11,14],  33362 ms
14) [11,16],  4294 ms
15) [6,10],  50453 ms
16) [7,10],  2321 ms
17) [6,9],  25919 ms
18) [6,8],  1675 ms
19) [9,8],  47437 ms
20) [12,16],  2149 ms
21) [12,15],  13812 ms
22) [12,10],  1558 ms
23) [7,9],  38676 ms
24) [8,9],  4065 ms
25) [12,9],  19822 ms
26) [5,11],  5007 ms
27) [10,16],  30343 ms
28) [12,14],  2343 ms
29) [12,12],  25996 ms
30) [4,11],  4270 ms
31) [3,11],  6521 ms
32) [5,12],  3661 ms
33) [4,13],  21357 ms
34) [10,14],  5002 ms
35) [6,13],  18310 ms
36) [6,11],  5005 ms
37) [7,11],  5834 ms
38) [5,13],  3471 ms
39) [5,10],  14861 ms
40) [6,12],  3846 ms
41) [5,14],  12733 ms
42) [7,12],  4999 ms
43) [8,12],  22 ms
44) [5,9],  1585 ms
45) [8,14],  7229 ms
46) [8,15],  2320 ms
47) [4,12],  3470 ms
48) [6,14],  2080 ms
49) [11,8],  6049 ms
50) [9,6],  1829 ms
51) [11,9],  6167 ms
52) [12,8],  4301 ms
53) [9,5],  7574 ms
54) [6,15],  1733 ms
55) [2,10],  6563 ms
56) [1,9],  5001 ms
57) [8,6],  5624 ms
58) [3,10],  2405 ms
59) [1,8],  4813 ms
60) [5,15],  4752 ms
61) [4,15],  3146 ms
62) [4,16],  4993 ms
63) [3,17],  2239 ms
64) [9,7],  3152 ms
65) [8,5],  2118 ms
66) [8,4],  4992 ms
67) [11,5],  3077 ms
68) [10,5],  1576 ms
69) [3,9],  2610 ms
70) [11,3],  2400 ms
71) [12,3],  1850 ms
72) [9,4],  1692 ms
73) [11,4],  1049 ms
74) [10,2],  4995 ms
75) [11,6],  1416 ms
76) [11,7],  21 ms
77) [10,7],  1342 ms
78) [13,4],  1596 ms
79) [9,1],  1379 ms
80) [13,5],  2958 ms
81) [12,6],  1222 ms
82) [4,8],  3138 ms
83) [9,3],  1070 ms
84) [10,4],  1957 ms
85) [10,3],  902 ms
86) [5,8],  551 ms
87) [3,8],  778 ms
88) [6,7],  92 ms
89) [4,9],  566 ms
90) [6,4],  21 ms
91) [7,4],  22 ms
92) [12,4],  21 ms
93) [14,6],  22 ms
94) [6,6],  21 ms
95) [6,5],  22 ms
96) [7,8],  21 ms
97) [8,8],  22 ms
98) [5,6],  21 ms
99) [4,5],  22 ms
100) [5,7],  21 ms
101) [7,5],  22 ms
102) [5,5],  22 ms

pela 5.0 wins

pela 5.0:  2481 ms/turn
pela 60.0:  11 s/turn
