 0) [9,8],  2862 ms
 1) [8,8],  2698 ms
 2) [10,9],  21 ms
 3) [8,7],  22 ms
 4) [8,6],  4815 ms
 5) [10,8],  46335 ms
 6) [9,10],  3658 ms
 7) [8,11],  59998 ms
 8) [7,10],  5018 ms
 9) [6,11],  36422 ms
10) [8,10],  5032 ms
11) [10,10],  60003 ms
12) [7,11],  5047 ms
13) [9,9],  26597 ms
14) [11,11],  1974 ms
15) [6,10],  42139 ms
16) [7,9],  2506 ms
17) [7,8],  17603 ms
18) [6,9],  4982 ms
19) [7,13],  36402 ms
20) [11,12],  4016 ms
21) [9,11],  11660 ms
22) [8,12],  4993 ms
23) [7,7],  37158 ms
24) [6,6],  22 ms
25) [11,13],  31835 ms
26) [10,11],  403 ms
27) [12,13],  8303 ms
28) [10,12],  261 ms
29) [9,12],  9075 ms
30) [5,9],  277 ms
31) [4,9],  8819 ms
32) [9,13],  525 ms
33) [8,14],  8877 ms
34) [10,14],  46 ms
35) [11,15],  22 ms
36) [10,13],  42 ms
37) [10,15],  22 ms
38) [12,11],  28 ms
39) [13,10],  20663 ms
40) pbrain-pela:  I win !
40) [12,10],  22 ms
41) [13,9],  22 ms
42) [13,12],  24 ms
43) [11,10],  22 ms
44) [13,11],  22 ms
45) [14,11],  23 ms
46) [14,12],  22 ms
47) [12,12],  22 ms
48) [15,13],  22 ms
49) [16,14],  22 ms
50) [11,9],  22 ms

pela 5.0 wins

pela 5.0:  1794 ms/turn
pela 60.0:  18 s/turn
