 0) [9,8],  190 ms
 1) [9,7],  21 ms
 2) [10,9],  22 ms
 3) [8,7],  21 ms
 4) [7,7],  2683 ms
 5) [9,9],  57525 ms
 6) [11,8],  3861 ms
 7) [12,7],  60046 ms
 8) [11,6],  1525 ms
 9) [12,5],  60000 ms
10) [11,7],  1591 ms
11) [11,9],  60003 ms
12) [12,6],  2078 ms
13) [10,8],  31297 ms
14) [12,10],  2483 ms
15) [11,5],  47309 ms
16) [10,6],  2498 ms
17) [9,6],  25395 ms
18) [10,5],  2149 ms
19) [14,6],  15518 ms
20) [13,10],  5020 ms
21) [12,8],  20671 ms
22) [13,7],  2650 ms
23) [8,6],  14395 ms
24) [7,5],  21 ms
25) [14,10],  29679 ms
26) [12,9],  539 ms
27) [14,11],  14464 ms
28) [13,9],  240 ms
29) [13,8],  8188 ms
30) [10,4],  263 ms
31) [10,3],  7413 ms
32) [14,8],  419 ms
33) [15,7],  7336 ms
34) [15,9],  44 ms
35) [16,10],  21 ms
36) [14,9],  41 ms
37) [16,9],  20 ms
38) [12,11],  25 ms
39) [11,12],  17984 ms
40) pbrain-pela:  I win !
40) [11,11],  20 ms
41) [10,12],  20 ms
42) [13,12],  21 ms
43) [11,10],  20 ms
44) [12,12],  20 ms
45) [12,13],  20 ms
46) [13,13],  21 ms
47) [13,11],  21 ms
48) [14,14],  19 ms
49) [15,15],  20 ms
50) [10,10],  20 ms

pela 5.0 wins

pela 5.0:  1094 ms/turn
pela 60.0:  19 s/turn
