 0) [9,8],  2579 ms
 1) [10,9],  21 ms
 2) [9,7],  22 ms
 3) [9,6],  21 ms
 4) [8,8],  2905 ms
 5) [7,8],  21 ms
 6) [7,6],  4993 ms
 7) [10,6],  60018 ms
 8) [10,5],  5003 ms
 9) [7,5],  59995 ms
10) [8,7],  5033 ms
11) [8,9],  18478 ms
12) [10,11],  5037 ms
13) [6,5],  33843 ms
14) [6,7],  1675 ms
15) [7,7],  40920 ms
16) [5,5],  4698 ms
17) [9,5],  55258 ms
18) [11,7],  3851 ms
19) [12,7],  21778 ms
20) [11,8],  2070 ms
21) [10,8],  44270 ms
22) [10,7],  1761 ms
23) [8,4],  35220 ms
24) [9,4],  4219 ms
25) [8,5],  29697 ms
26) [8,6],  2514 ms
27) [6,6],  26 ms
28) [5,7],  5011 ms
29) [7,3],  21 ms
30) [6,2],  20 ms
31) [9,3],  21 ms
32) [10,2],  21 ms
33) [8,3],  20 ms
34) [6,3],  2791 ms
35) [8,1],  21 ms
36) [8,2],  20 ms
37) [9,2],  21 ms
38) [7,4],  20 ms
39) pbrain-pela:  I win !
39) [10,3],  44 ms
40) [11,3],  66 ms
41) [11,4],  26 ms
42) [12,5],  20 ms
43) [7,0],  20 ms

pela 60.0 wins

pela 5.0:  2469 ms/turn
pela 60.0:  18 s/turn
