 0) [10,8],  0 ms
 1) [9,8],  177 ms
 2) [8,9],  23 ms
 3) [9,9],  22 ms
 4) [9,10],  23 ms
 5) [10,10],  22 ms
 6) [8,8],  23 ms
 7) [10,11],  47610 ms
 8) [11,11],  4240 ms
 9) [8,6],  60018 ms
10) [11,12],  3310 ms
11) [11,13],  20054 ms
12) [8,11],  1591 ms
13) [8,12],  37606 ms
14) [10,14],  2133 ms
15) [8,7],  22627 ms
16) [7,6],  1735 ms
17) [11,8],  58809 ms
18) [11,10],  2229 ms
19) [7,12],  31254 ms
20) [7,13],  4822 ms
21) [8,13],  14891 ms
22) [9,6],  4995 ms
23) [7,7],  14091 ms
24) [6,11],  4590 ms
25) [5,11],  26692 ms
26) [4,10],  5004 ms
27) [5,12],  13551 ms
28) [6,12],  4953 ms
29) [9,11],  19998 ms
30) [12,8],  5000 ms
31) [6,14],  30489 ms
32) [5,14],  4998 ms
33) [6,15],  22505 ms
34) [7,15],  4997 ms
35) [7,14],  25642 ms
36) [9,12],  21 ms
37) [5,9],  2366 ms
38) [5,10],  2578 ms
39) [6,8],  647 ms
40) [9,5],  20 ms
41) [8,10],  749 ms
42) [7,9],  3854 ms
43) [6,16],  44 ms
44) [6,17],  1975 ms
45) [6,10],  21435 ms
46) [7,11],  3131 ms
47) [10,13],  11478 ms
48) [10,12],  2932 ms
49) [8,14],  12650 ms
50) [8,15],  2333 ms
51) [13,9],  7165 ms
52) [10,5],  5005 ms
53) [12,13],  11854 ms
54) [9,13],  22 ms
55) [5,16],  12221 ms
56) [4,17],  22 ms
57) [6,7],  10186 ms
58) [5,7],  1749 ms
59) [10,6],  9011 ms
60) [3,16],  2060 ms
61) [13,13],  49 ms
62) [14,13],  22 ms
63) [10,7],  36 ms
64) [9,7],  22 ms
65) [6,6],  31 ms
66) [6,9],  50 ms
67) [6,5],  23 ms
68) [6,4],  22 ms
69) [13,12],  24 ms
70) [13,10],  5029 ms
71) [9,14],  7708 ms
72) [10,15],  2361 ms
73) [9,4],  6622 ms
74) [4,11],  24 ms
75) [3,12],  4716 ms
76) [2,17],  24 ms
77) [4,15],  54 ms
78) [5,17],  32 ms
79) [3,17],  22 ms
80) [5,18],  50 ms
81) [2,15],  1699 ms
82) [9,15],  23 ms
83) [11,15],  21 ms
84) [7,16],  22 ms
85) [4,19],  21 ms
86) [7,17],  22 ms
87) [8,17],  22 ms
88) [7,18],  22 ms
89) [7,19],  21 ms
90) [6,18],  22 ms
91) [8,16],  22 ms
92) [4,18],  22 ms
93) [8,18],  22 ms
94) [3,18],  21 ms

pela 5.0 wins

pela 5.0:  1836 ms/turn
pela 60.0:  12 s/turn
