 0) [8,11],  1 ms
 1) [7,11],  159 ms
 2) [9,10],  23 ms
 3) [7,12],  23 ms
 4) [7,13],  2514 ms
 5) [9,11],  30638 ms
 6) [8,9],  3855 ms
 7) [7,8],  60026 ms
 8) [6,9],  1556 ms
 9) [5,8],  39835 ms
10) [7,9],  5006 ms
11) [9,9],  18322 ms
12) [6,8],  2243 ms
13) [8,10],  36874 ms
14) [10,8],  3106 ms
15) [5,9],  59179 ms
16) [6,10],  2758 ms
17) [6,11],  26819 ms
18) [5,10],  2119 ms
19) [6,6],  20069 ms
20) [10,7],  5005 ms
21) [8,8],  40437 ms
22) [7,7],  2372 ms
23) [6,12],  21733 ms
24) [5,13],  21 ms
25) [10,6],  26291 ms
26) [9,8],  328 ms
27) [11,6],  31354 ms
28) [9,7],  178 ms
29) [8,7],  23024 ms
30) [4,10],  169 ms
31) [3,10],  20009 ms
32) [8,6],  304 ms
33) [7,5],  20025 ms
34) [9,5],  46 ms
35) [10,4],  24 ms
36) [9,6],  27 ms
37) [9,4],  23 ms
38) [11,8],  29 ms
39) [12,9],  12504 ms
40) pbrain-pela:  I win !
40) [11,9],  25 ms
41) [12,10],  24 ms
42) [12,7],  24 ms
43) [10,9],  24 ms
44) [12,8],  23 ms
45) [13,8],  24 ms
46) [13,7],  24 ms
47) [11,7],  24 ms
48) [14,6],  23 ms
49) [15,5],  23 ms
50) [10,10],  24 ms

pela 5.0 wins

pela 5.0:  1223 ms/turn
pela 60.0:  19 s/turn
