 0) [12,12],  28 ms
 1) [12,13],  28 ms
 2) [11,14],  27 ms
 3) [11,13],  39 ms
 4) [13,13],  28 ms
 5) [14,14],  28 ms
 6) [11,12],  5007 ms
 7) [9,12],  56236 ms
 8) [9,9],  2787 ms
 9) [11,11],  29179 ms
10) [9,13],  5001 ms
11) [14,12],  59999 ms
12) [14,15],  2678 ms
13) [15,13],  35893 ms
14) [13,15],  5008 ms
15) [13,11],  49723 ms
16) [12,10],  3223 ms
17) [16,14],  19809 ms
18) [17,15],  28 ms
19) [14,11],  2608 ms
20) [12,11],  3276 ms
21) [14,13],  1192 ms
22) [14,10],  28 ms
23) [13,14],  1225 ms
24) [15,14],  5027 ms
25) [16,11],  512 ms
26) [15,15],  4911 ms
27) [16,15],  27 ms
28) [12,15],  5018 ms
29) [11,15],  27 ms
30) [16,12],  2145 ms
31) [15,11],  31 ms
32) [17,11],  27 ms
33) [15,12],  32 ms
34) [17,10],  28 ms
35) [16,13],  30 ms
36) [13,10],  5011 ms
37) pbrain-pela:  I win !
37) [15,10],  28 ms
38) [15,9],  27 ms
39) [18,13],  27 ms
40) [17,13],  26 ms
41) [17,12],  27 ms
42) [19,14],  28 ms
43) [14,9],  27 ms

pela 60.0 wins

pela 5.0:  2243 ms/turn
pela 60.0:  11 s/turn
