 0) [11,9],  27 ms
 1) [11,8],  27 ms
 2) [10,8],  26 ms
 3) [10,9],  28 ms
 4) [12,10],  27 ms
 5) [13,11],  26 ms
 6) [14,10],  5005 ms
 7) [15,10],  50122 ms
 8) [12,7],  2866 ms
 9) [12,6],  39381 ms
10) [13,7],  3371 ms
11) [11,7],  60009 ms
12) [13,9],  3668 ms
13) [14,8],  49622 ms
14) [15,7],  1522 ms
15) [14,7],  16208 ms
16) [14,6],  2014 ms
17) [12,8],  53891 ms
18) [15,8],  3686 ms
19) [15,5],  20951 ms
20) [12,9],  5000 ms
21) [8,7],  35534 ms
22) [8,6],  1395 ms
23) [9,7],  25 ms
24) [10,7],  1614 ms
25) [9,8],  25754 ms
26) [14,9],  5006 ms
27) [15,9],  25 ms
28) [7,6],  5020 ms
29) [9,6],  32 ms
30) [9,5],  5001 ms
31) [9,10],  25 ms
32) [9,9],  23 ms
33) [7,12],  26 ms
34) [8,11],  23 ms
35) [10,5],  18104 ms
36) [7,8],  1621 ms
37) [7,7],  26253 ms
38) [11,4],  1537 ms
39) [13,10],  29128 ms
40) [13,12],  2693 ms
41) [13,5],  9164 ms
42) [15,3],  1583 ms
43) [16,6],  6442 ms
44) [16,5],  5004 ms
45) [12,11],  18699 ms
46) [11,10],  25 ms
47) [8,12],  20057 ms
48) [14,11],  5001 ms
49) [14,13],  17202 ms
50) [6,7],  5001 ms
51) [5,8],  8515 ms
52) [9,13],  1628 ms
53) [11,11],  13528 ms
54) [9,11],  2710 ms
55) [5,6],  3820 ms
56) [6,12],  2066 ms
57) [7,11],  5207 ms
58) [5,9],  1979 ms
59) [9,12],  10311 ms
60) [11,12],  4912 ms
61) [3,8],  4618 ms
62) [3,6],  5003 ms
63) [15,13],  4032 ms
64) [15,12],  1922 ms
65) [16,12],  7592 ms
66) [14,14],  5000 ms
67) [14,12],  4969 ms
68) [16,14],  1811 ms
69) [17,13],  5568 ms
70) [16,13],  4606 ms
71) [17,14],  2563 ms
72) [17,12],  4999 ms
73) [18,11],  1418 ms
74) [14,3],  5003 ms
75) [16,3],  2525 ms
76) [11,3],  1892 ms
77) [12,2],  1400 ms
78) [15,4],  4996 ms
79) [13,2],  2840 ms
80) [13,3],  3201 ms
81) [12,3],  27 ms
82) [12,5],  1708 ms
83) [13,4],  3474 ms
84) [11,2],  5000 ms
85) [11,1],  1250 ms
86) [12,14],  5000 ms
87) [12,13],  1341 ms
88) [6,9],  3025 ms
89) [7,9],  2618 ms
90) [7,10],  4656 ms
91) [6,11],  937 ms
92) [4,9],  1758 ms
93) [3,9],  1716 ms
94) [2,8],  1793 ms
95) [10,12],  1843 ms
96) [4,10],  1561 ms
97) [4,11],  1046 ms
98) [3,11],  2921 ms
99) [6,8],  1441 ms
100) [4,6],  3749 ms
101) [3,7],  944 ms
102) [2,10],  2324 ms
103) [2,11],  1092 ms
104) [2,12],  3860 ms
105) [1,13],  26 ms
106) [4,12],  1181 ms
107) [11,13],  335 ms
108) [13,13],  25 ms
109) [5,13],  902 ms
110) [1,9],  1320 ms
111) [0,8],  25 ms
112) [4,7],  429 ms
113) [4,8],  26 ms
114) [1,10],  944 ms
115) [3,10],  281 ms
116) [1,8],  87 ms
117) [1,11],  25 ms
118) pbrain-pela:  I win !
118) [1,6],  26 ms
119) [1,7],  25 ms
120) [2,6],  25 ms
121) [0,6],  25 ms
122) [2,7],  27 ms
123) [2,9],  26 ms
124) [4,5],  25 ms
125) [5,4],  25 ms
126) [0,9],  26 ms

pela 5.0 wins

pela 5.0:  2514 ms/turn
pela 60.0:  9445 ms/turn
