 0) [10,10],  0 ms
 1) [9,10],  949 ms
 2) [11,9],  53 ms
 3) [9,11],  21 ms
 4) [9,12],  3355 ms
 5) [11,10],  35289 ms
 6) [10,8],  2990 ms
 7) [9,7],  49927 ms
 8) [8,8],  4997 ms
 9) [7,7],  27194 ms
10) [9,8],  4386 ms
11) [11,8],  60017 ms
12) [8,7],  4471 ms
13) [10,9],  24694 ms
14) [12,7],  2201 ms
15) [7,8],  50512 ms
16) [8,9],  1909 ms
17) [8,10],  21339 ms
18) [7,9],  1759 ms
19) [8,5],  16211 ms
20) [12,6],  4599 ms
21) [10,7],  32317 ms
22) [9,6],  1591 ms
23) [8,11],  17243 ms
24) [7,12],  21 ms
25) [12,5],  31160 ms
26) [11,7],  322 ms
27) [13,5],  33304 ms
28) [11,6],  178 ms
29) [10,6],  22978 ms
30) [6,9],  171 ms
31) [5,9],  19830 ms
32) [10,5],  299 ms
33) [9,4],  20300 ms
34) [11,4],  43 ms
35) [12,3],  20 ms
36) [11,5],  24 ms
37) [11,3],  21 ms
38) [13,7],  25 ms
39) [14,8],  12718 ms
40) [13,8],  22 ms
41) [14,9],  23 ms
42) [14,6],  22 ms
43) [12,8],  22 ms
44) [14,7],  22 ms
45) [15,7],  22 ms
46) [15,6],  22 ms
47) [13,6],  22 ms
48) [16,5],  22 ms
49) [17,4],  24 ms
50) [12,9],  25 ms

pela 5.0 wins

pela 5.0:  1289 ms/turn
pela 60.0:  19 s/turn
