 0) [11,9],  0 ms
 1) [10,9],  206 ms
 2) [10,8],  22 ms
 3) [11,8],  23 ms
 4) [12,10],  23 ms
 5) [13,11],  22 ms
 6) [14,10],  4995 ms
 7) [15,10],  32464 ms
 8) [12,7],  2332 ms
 9) [12,6],  24558 ms
10) [13,7],  2035 ms
11) [11,7],  60002 ms
12) [13,9],  2578 ms
13) [14,8],  35342 ms
14) [15,7],  5020 ms
15) [14,7],  60002 ms
16) [14,6],  1591 ms
17) [12,8],  37690 ms
18) [15,8],  2908 ms
19) [15,5],  15075 ms
20) [12,9],  5004 ms
21) [8,7],  25854 ms
22) [8,6],  4992 ms
23) [9,7],  21 ms
24) [10,7],  5000 ms
25) [9,8],  18805 ms
26) [14,9],  3914 ms
27) [15,9],  21 ms
28) [7,6],  5007 ms
29) [9,6],  27 ms
30) [9,5],  5003 ms
31) [9,10],  23 ms
32) [9,9],  22 ms
33) [7,12],  23 ms
34) [8,11],  21 ms
35) [10,5],  13305 ms
36) [7,8],  5013 ms
37) [7,7],  19033 ms
38) [12,11],  2516 ms
39) [13,10],  19015 ms
40) [11,11],  104 ms
41) [11,4],  43 ms
42) [12,3],  21 ms
43) [11,6],  32 ms
44) [11,5],  20 ms
45) [13,6],  27 ms
46) [10,6],  21 ms
47) [12,5],  25 ms
48) [10,3],  23 ms
49) [6,7],  22 ms
50) [5,7],  21 ms
51) [12,12],  22 ms
52) [10,12],  22 ms
53) [9,13],  21 ms
54) [10,11],  23 ms
55) [9,11],  21 ms
56) [9,12],  23 ms
57) [11,10],  21 ms
58) [10,13],  22 ms
59) [11,14],  21 ms
60) [10,14],  21 ms
61) [10,15],  20 ms
62) [10,10],  21 ms

pela 5.0 wins

pela 5.0:  1823 ms/turn
pela 60.0:  11 s/turn
