 0) [8,12],  0 ms
 1) [7,12],  141 ms
 2) [7,11],  22 ms
 3) [8,11],  22 ms
 4) [9,13],  22 ms
 5) [10,14],  21 ms
 6) [11,13],  5004 ms
 7) [12,13],  31086 ms
 8) [9,10],  2119 ms
 9) [9,9],  24640 ms
10) [10,10],  2966 ms
11) [8,10],  60042 ms
12) [10,12],  3468 ms
13) [11,11],  41001 ms
14) [11,10],  1605 ms
15) [9,11],  60008 ms
16) [6,10],  5031 ms
17) [5,9],  22 ms
18) [7,9],  1533 ms
19) [5,11],  23802 ms
20) [12,11],  3824 ms
21) [10,9],  51326 ms
22) [5,8],  1823 ms
23) [13,10],  44009 ms
24) [13,9],  3135 ms
25) [7,8],  29029 ms
26) [12,8],  2069 ms
27) [14,10],  22963 ms
28) [15,10],  5000 ms
29) [13,8],  12201 ms
30) [12,6],  2061 ms
31) [12,7],  14115 ms
32) [16,9],  5004 ms
33) [15,9],  15183 ms
34) [14,7],  2051 ms
35) [14,6],  8579 ms
36) [8,7],  1845 ms
37) [17,8],  20230 ms
38) [16,8],  2811 ms
39) [16,7],  20219 ms
40) [14,5],  3502 ms
41) [12,5],  5114 ms
42) [6,9],  2351 ms
43) [6,7],  6364 ms
44) [11,6],  2265 ms
45) [10,6],  8493 ms
46) [3,6],  1864 ms
47) [4,7],  11393 ms
48) [5,6],  3295 ms
49) [11,14],  4852 ms
50) [10,15],  3528 ms
51) [17,6],  7910 ms
52) [15,8],  2647 ms
53) [17,10],  8650 ms
54) [17,9],  5006 ms
55) [18,9],  9797 ms
56) [15,6],  4986 ms
57) [13,14],  8391 ms
58) [12,14],  5001 ms
59) [15,12],  2206 ms
60) [16,11],  4999 ms
61) [14,11],  6874 ms
62) [12,9],  3029 ms
63) [12,12],  3712 ms
64) [16,12],  3956 ms
65) [16,10],  22 ms
66) [13,15],  2592 ms
67) [14,16],  22 ms
68) [14,12],  4062 ms
69) [14,15],  27 ms
70) [15,16],  2734 ms
71) [16,13],  25 ms
72) [17,14],  22 ms
73) [14,17],  24 ms
74) [14,14],  1613 ms
75) [17,11],  22 ms
76) [18,12],  23 ms
77) [13,16],  27 ms
78) [12,15],  22 ms
79) [15,14],  22 ms
80) [17,12],  23 ms
81) [12,17],  22 ms

pela 60.0 wins

pela 5.0:  2656 ms/turn
pela 60.0:  13 s/turn
