 0) [9,8],  1219 ms
 1) [9,9],  22 ms
 2) [10,7],  26 ms
 3) [8,9],  54 ms
 4) [7,9],  3279 ms
 5) [9,7],  60044 ms
 6) [11,8],  4155 ms
 7) [12,9],  59995 ms
 8) [11,10],  1381 ms
 9) [12,11],  60018 ms
10) [11,9],  1672 ms
11) [11,7],  39464 ms
12) [12,10],  2221 ms
13) [10,8],  24186 ms
14) [12,6],  2397 ms
15) [11,11],  50903 ms
16) [10,10],  2495 ms
17) [9,10],  26171 ms
18) [10,11],  2364 ms
19) [14,10],  39875 ms
20) [13,6],  5039 ms
21) [12,8],  19304 ms
22) [13,9],  2715 ms
23) [8,10],  13934 ms
24) [7,11],  20 ms
25) [14,6],  13211 ms
26) [12,7],  532 ms
27) [14,5],  17432 ms
28) [13,7],  284 ms
29) [13,8],  25057 ms
30) [10,12],  229 ms
31) [10,13],  7261 ms
32) [14,8],  506 ms
33) [15,9],  6720 ms
34) [15,7],  45 ms
35) [16,6],  20 ms
36) [14,7],  41 ms
37) [16,7],  20 ms
38) [12,5],  26 ms
39) [11,4],  16532 ms
40) pbrain-pela:  I win !
40) [11,5],  21 ms
41) [10,4],  21 ms
42) [13,4],  20 ms
43) [11,6],  20 ms
44) [12,4],  21 ms
45) [12,3],  21 ms
46) [13,3],  20 ms
47) [13,5],  20 ms
48) [14,2],  21 ms
49) [15,1],  20 ms
50) [10,6],  20 ms

pela 5.0 wins

pela 5.0:  1183 ms/turn
pela 60.0:  19 s/turn
