 0) [9,8],  907 ms
 1) [8,8],  1639 ms
 2) [10,9],  44 ms
 3) [8,7],  30 ms
 4) [8,6],  4443 ms
 5) [10,8],  50700 ms
 6) [9,10],  4446 ms
 7) [8,11],  60034 ms
 8) [7,10],  1488 ms
 9) [6,11],  45082 ms
10) [8,10],  1540 ms
11) [10,10],  60008 ms
12) [7,11],  2149 ms
13) [9,9],  35586 ms
14) [11,11],  2890 ms
15) [6,10],  49559 ms
16) [7,9],  3208 ms
17) [7,8],  25808 ms
18) [6,9],  2153 ms
19) [7,13],  13429 ms
20) [11,12],  5010 ms
21) [9,11],  19024 ms
22) [8,12],  2284 ms
23) [7,7],  16092 ms
24) [6,6],  30 ms
25) [11,13],  31870 ms
26) [10,11],  504 ms
27) [12,13],  19757 ms
28) [10,12],  274 ms
29) [9,12],  24507 ms
30) [5,9],  246 ms
31) [4,9],  20961 ms
32) [9,13],  408 ms
33) [8,14],  6273 ms
34) [10,14],  51 ms
35) [11,15],  28 ms
36) [10,13],  48 ms
37) [10,15],  45 ms
38) [12,11],  56 ms
39) [13,10],  15874 ms
40) pbrain-pela:  I win !
40) [12,10],  27 ms
41) [13,9],  28 ms
42) [13,12],  31 ms
43) [11,10],  28 ms
44) [13,11],  28 ms
45) [14,11],  28 ms
46) [14,12],  27 ms
47) [12,12],  28 ms
48) [15,13],  59 ms
49) [16,14],  28 ms
50) [11,9],  27 ms

pela 5.0 wins

pela 5.0:  1245 ms/turn
pela 60.0:  19 s/turn
