 0) [8,10],  0 ms
 1) [7,10],  165 ms
 2) [7,9],  22 ms
 3) [8,9],  22 ms
 4) [6,11],  23 ms
 5) [6,10],  22 ms
 6) [5,11],  22 ms
 7) [7,11],  22 ms
 8) [3,9],  23 ms
 9) [4,10],  59993 ms
10) [3,11],  2393 ms
11) [3,10],  27952 ms
12) [5,10],  23 ms
13) [5,9],  23689 ms
14) [8,12],  4983 ms
15) [8,13],  59984 ms
16) [9,11],  5000 ms
17) [10,12],  48280 ms
18) [4,7],  4336 ms
19) [5,7],  36093 ms
20) [4,11],  3229 ms
21) [2,11],  22 ms
22) [3,8],  2717 ms
23) [4,9],  49096 ms
24) [1,12],  1912 ms
25) [3,12],  22258 ms
26) [6,7],  2128 ms
27) [6,5],  38910 ms
28) [3,7],  2680 ms
29) [3,6],  25535 ms
30) [1,10],  4537 ms
31) [2,9],  11753 ms
32) [5,4],  4995 ms
33) [7,13],  26341 ms
34) [9,13],  4911 ms
35) [10,11],  329 ms
36) [7,14],  4999 ms
37) [10,13],  23 ms
38) [10,10],  33 ms
39) [10,15],  23 ms
40) [10,14],  21 ms
41) [9,14],  23 ms
42) [11,16],  21 ms
43) [11,12],  23 ms
44) [12,11],  21 ms
45) [9,10],  20 ms
46) [12,13],  21 ms
47) [7,8],  25 ms

pela 60.0 wins

pela 5.0:  2043 ms/turn
pela 60.0:  17 s/turn
