 0) [9,11],  20 ms
 1) [8,11],  1003 ms
 2) [9,10],  21 ms
 3) [9,9],  20 ms
 4) [8,8],  1790 ms
 5) [6,9],  26800 ms
 6) [7,10],  4167 ms
 7) [8,10],  21090 ms
 8) [10,8],  4633 ms
 9) [9,8],  45370 ms
10) [6,12],  1489 ms
11) [6,10],  58919 ms
12) [5,9],  4003 ms
13) [7,13],  21688 ms
14) [8,6],  2720 ms
15) [7,5],  35832 ms
16) [10,6],  3584 ms
17) [8,7],  30657 ms
18) [7,6],  4998 ms
19) [9,6],  51219 ms
20) [7,8],  1664 ms
21) [9,7],  23837 ms
22) [9,5],  23 ms
23) [7,7],  24284 ms
24) [6,7],  5004 ms
25) [8,9],  23986 ms
26) [10,7],  5004 ms
27) [10,9],  17991 ms
28) [7,9],  21 ms
29) [5,8],  14049 ms
30) [8,13],  4996 ms
31) [7,12],  29031 ms
32) [7,14],  4717 ms
33) [6,15],  24878 ms
34) [8,15],  5000 ms
35) [9,14],  21328 ms
36) [10,5],  3987 ms
37) [10,4],  21 ms
38) [11,9],  4167 ms
39) [12,8],  17307 ms
40) [11,10],  1889 ms
41) [10,11],  11533 ms
42) [6,6],  5002 ms
43) [5,6],  13336 ms
44) [5,14],  2002 ms
45) [5,12],  4494 ms
46) [6,14],  2362 ms
47) [4,14],  5788 ms
48) [8,16],  3215 ms
49) [8,14],  8555 ms
50) [8,18],  1591 ms
51) [9,16],  5751 ms
52) [10,15],  4429 ms
53) [8,19],  2998 ms
54) [9,15],  1550 ms
55) [11,15],  6555 ms
56) [7,17],  4999 ms
57) [6,18],  3097 ms
58) [5,17],  4996 ms
59) [7,15],  6938 ms
60) [12,10],  4516 ms
61) [13,10],  3217 ms
62) [10,12],  4042 ms
63) [11,11],  3086 ms
64) [12,14],  4998 ms
65) [11,13],  4637 ms
66) [11,12],  5004 ms
67) [6,5],  1692 ms
68) [3,8],  2998 ms
69) [5,15],  1828 ms
70) [3,15],  2085 ms
71) [13,9],  1752 ms
72) [13,11],  2262 ms
73) [14,12],  21 ms
74) [15,11],  1909 ms
75) [15,12],  1120 ms
76) [16,13],  1534 ms
77) [14,9],  1162 ms
78) [12,12],  2261 ms
79) [9,12],  1708 ms
80) [15,8],  4997 ms
81) [11,5],  860 ms
82) [7,4],  4998 ms
83) [11,4],  2028 ms
84) [12,6],  1703 ms
85) [4,13],  2361 ms
86) [4,11],  5002 ms
87) [13,6],  2297 ms
88) [11,6],  5000 ms
89) [11,7],  1138 ms
90) [13,8],  4660 ms
91) [12,7],  1812 ms
92) [11,8],  2176 ms
93) [14,7],  1542 ms
94) [12,4],  1990 ms
95) [14,5],  1323 ms
96) [14,8],  3391 ms
97) [16,8],  548 ms
98) [15,7],  1679 ms
99) [15,9],  776 ms
100) [16,9],  2668 ms
101) [12,11],  588 ms
102) [10,3],  1355 ms
103) [9,4],  870 ms
104) [3,11],  842 ms
105) [4,10],  523 ms
106) [17,13],  629 ms
107) [14,13],  265 ms
108) [14,10],  1897 ms
109) [18,14],  640 ms
110) [17,12],  1610 ms
111) [18,11],  256 ms
112) [13,14],  1338 ms
113) [17,11],  339 ms
114) [16,15],  1131 ms
115) [16,14],  452 ms
116) [18,13],  399 ms
117) [15,13],  277 ms
118) [14,14],  509 ms
119) [11,14],  261 ms
120) [12,15],  913 ms
121) [14,15],  111 ms
122) [11,3],  780 ms
123) [14,4],  212 ms
124) [15,4],  445 ms
125) [12,3],  145 ms
126) [3,14],  194 ms
127) [3,16],  182 ms
128) [7,3],  511 ms
129) [6,2],  217 ms
130) [5,5],  174 ms
131) [15,5],  67 ms
132) [9,3],  462 ms
133) [8,3],  22 ms
134) [12,13],  177 ms
135) [12,16],  22 ms
136) [13,5],  373 ms
137) [14,6],  23 ms
138) [14,3],  22 ms
139) [18,16],  173 ms
140) [17,15],  22 ms
141) [17,14],  61 ms
142) [9,1],  323 ms
143) [10,2],  22 ms
144) [6,4],  275 ms
145) [8,2],  22 ms
146) [3,7],  229 ms
147) [4,6],  23 ms
148) [13,4],  196 ms
149) [12,5],  22 ms
150) [3,9],  165 ms
151) [3,10],  22 ms
152) [3,13],  82 ms
153) [3,12],  22 ms
154) [3,5],  61 ms
155) [3,6],  23 ms
156) [12,2],  30 ms
157) pbrain-pela:  I win !
157) [11,16],  22 ms
158) [11,17],  23 ms
159) [2,10],  22 ms
160) [5,10],  22 ms
161) [15,14],  23 ms
162) [19,14],  22 ms
163) [7,2],  23 ms
164) [9,2],  22 ms
165) [13,16],  22 ms
166) [10,16],  22 ms
167) [15,16],  22 ms
168) [14,16],  23 ms
169) [15,15],  22 ms

pela 60.0 wins

pela 5.0:  2108 ms/turn
pela 60.0:  7050 ms/turn
