 0) [9,8],  2031 ms
 1) [8,8],  1936 ms
 2) [10,9],  22 ms
 3) [8,7],  21 ms
 4) [8,6],  4106 ms
 5) [10,8],  41603 ms
 6) [9,10],  3272 ms
 7) [8,11],  51516 ms
 8) [7,10],  4997 ms
 9) [6,11],  30577 ms
10) [8,10],  4558 ms
11) [10,10],  59995 ms
12) [7,11],  4320 ms
13) [9,9],  24041 ms
14) [11,11],  1828 ms
15) [6,10],  42191 ms
16) [7,9],  2553 ms
17) [7,8],  20738 ms
18) [6,9],  1612 ms
19) [7,13],  45905 ms
20) [11,12],  4929 ms
21) [9,11],  14999 ms
22) [8,12],  1826 ms
23) [7,7],  12947 ms
24) [6,6],  21 ms
25) [11,13],  35196 ms
26) [10,11],  329 ms
27) [12,13],  13924 ms
28) [10,12],  185 ms
29) [9,12],  23949 ms
30) [5,9],  167 ms
31) [4,9],  20473 ms
32) [9,13],  304 ms
33) [8,14],  20081 ms
34) [10,14],  44 ms
35) [11,15],  20 ms
36) [10,13],  41 ms
37) [10,15],  21 ms
38) [12,11],  25 ms
39) [13,10],  11854 ms
40) pbrain-pela:  I win !
40) [12,10],  21 ms
41) [13,9],  21 ms
42) [13,12],  20 ms
43) [11,10],  21 ms
44) [13,11],  22 ms
45) [14,11],  20 ms
46) [14,12],  21 ms
47) [12,12],  21 ms
48) [15,13],  20 ms
49) [16,14],  21 ms
50) [11,9],  21 ms

pela 5.0 wins

pela 5.0:  1434 ms/turn
pela 60.0:  18 s/turn
