 0) [12,12],  30 ms
 1) [13,12],  29 ms
 2) [14,11],  30 ms
 3) [13,11],  30 ms
 4) [13,13],  29 ms
 5) [14,14],  29 ms
 6) [12,11],  3717 ms
 7) [12,9],  60004 ms
 8) [9,9],  1591 ms
 9) [11,11],  46187 ms
10) [13,9],  3312 ms
11) [12,14],  39364 ms
12) [15,14],  4998 ms
13) [13,15],  60000 ms
14) [15,13],  4565 ms
15) [11,13],  44231 ms
16) [10,12],  2580 ms
17) [14,16],  12745 ms
18) [15,17],  28 ms
19) [11,14],  2045 ms
20) [11,12],  1956 ms
21) [13,14],  1001 ms
22) [10,14],  27 ms
23) [14,13],  1046 ms
24) [14,15],  4894 ms
25) [11,16],  383 ms
26) [15,15],  3961 ms
27) [15,16],  28 ms
28) [15,12],  5011 ms
29) [15,11],  28 ms
30) [12,16],  1765 ms
31) [11,15],  32 ms
32) [11,17],  28 ms
33) [12,15],  35 ms
34) [10,17],  28 ms
35) [10,15],  30 ms
36) [9,15],  29 ms
37) [13,16],  30 ms
38) [13,18],  28 ms
39) [10,13],  28 ms
40) [14,17],  29 ms
41) [9,12],  29 ms

pela 60.0 wins

pela 5.0:  1839 ms/turn
pela 60.0:  12 s/turn
