 0) [11,9],  28 ms
 1) [12,8],  30 ms
 2) [12,10],  27 ms
 3) [10,8],  30 ms
 4) [13,9],  26 ms
 5) [11,11],  26 ms
 6) [9,8],  2842 ms
 7) [14,9],  51915 ms
 8) [10,9],  5009 ms
 9) [9,9],  60006 ms
10) [12,6],  2504 ms
11) [12,11],  18535 ms
12) [13,11],  3567 ms
13) [14,12],  60002 ms
14) [11,12],  5000 ms
15) [13,8],  32898 ms
16) [14,8],  2150 ms
17) [11,5],  53781 ms
18) [10,5],  5000 ms
19) [8,7],  32579 ms
20) [10,10],  4999 ms
21) [9,10],  41453 ms
22) [11,6],  5000 ms
23) [13,6],  35531 ms
24) [15,10],  2197 ms
25) [15,7],  23050 ms
26) [15,6],  3892 ms
27) [10,7],  27157 ms
28) [7,7],  5001 ms
29) [13,10],  23281 ms
30) [16,7],  5000 ms
31) [17,8],  19954 ms
32) [15,9],  4696 ms
33) [16,10],  15034 ms
34) [12,9],  2558 ms
35) [16,12],  8267 ms
36) [16,8],  4463 ms
37) [14,10],  57 ms
38) [14,13],  1728 ms
39) [16,11],  30 ms
40) [16,13],  2693 ms
41) [15,11],  29 ms
42) [17,9],  5008 ms
43) [13,13],  28 ms
44) [12,14],  28 ms
45) [17,11],  28 ms
46) [18,11],  27 ms
47) [15,13],  28 ms
48) [14,14],  2592 ms
49) [17,12],  29 ms
50) [17,13],  29 ms
51) [15,12],  27 ms
52) [18,12],  28 ms
53) [13,12],  27 ms

pela 60.0 wins

pela 5.0:  2818 ms/turn
pela 60.0:  18 s/turn
