 0) [12,11],  26 ms
 1) [11,12],  27 ms
 2) [13,12],  27 ms
 3) [11,10],  54 ms
 4) [12,13],  32 ms
 5) [14,11],  32 ms
 6) [11,9],  60011 ms
 7) [12,14],  2773 ms
 8) [12,10],  34185 ms
 9) [12,9],  2320 ms
10) [9,12],  37458 ms
11) [10,8],  2125 ms
12) [10,7],  34418 ms
13) [9,13],  2031 ms
14) [15,12],  60022 ms
15) [15,13],  5011 ms
16) [14,14],  53418 ms
17) [10,12],  5004 ms
18) [10,14],  27436 ms
19) [14,10],  3771 ms
20) [14,9],  41862 ms
21) [16,14],  4574 ms
22) [17,15],  35888 ms
23) [13,13],  5003 ms
24) [11,15],  9654 ms
25) [11,13],  5006 ms
26) [9,11],  29369 ms
27) [17,13],  53 ms
28) [14,16],  12950 ms
29) [16,12],  35 ms
30) [15,11],  29 ms
31) pbrain-pela:  I win !
31) [16,13],  29 ms
32) [14,13],  28 ms
33) [16,11],  28 ms
34) [16,15],  29 ms
35) [16,10],  29 ms

pela 5.0 wins

pela 5.0:  2105 ms/turn
pela 60.0:  24 s/turn
