 0) [10,10],  0 ms
 1) [9,10],  215 ms
 2) [9,11],  22 ms
 3) [10,11],  21 ms
 4) [8,12],  22 ms
 5) [7,13],  21 ms
 6) [8,14],  4513 ms
 7) [8,15],  46467 ms
 8) [11,12],  5006 ms
 9) [12,12],  32045 ms
10) [11,13],  2656 ms
11) [11,11],  60002 ms
12) [9,13],  2679 ms
13) [10,14],  29652 ms
14) [11,15],  5001 ms
15) [10,12],  31897 ms
16) [12,14],  4453 ms
17) [11,16],  57099 ms
18) [14,14],  1551 ms
19) [13,13],  48934 ms
20) [10,15],  5000 ms
21) [13,15],  35781 ms
22) [14,16],  3030 ms
23) [11,8],  26707 ms
24) [13,11],  4997 ms
25) [15,14],  30032 ms
26) [12,9],  4999 ms
27) [14,13],  7916 ms
28) [13,16],  4991 ms
29) [15,13],  4108 ms
30) [16,13],  5001 ms
31) [15,12],  520 ms
32) [15,15],  4996 ms
33) [15,10],  316 ms
34) [15,11],  20 ms
35) [13,14],  27 ms
36) [12,15],  20 ms
37) [16,11],  29 ms
38) [17,10],  19 ms
39) [14,9],  41 ms
40) [12,8],  2519 ms
41) [11,9],  20 ms
42) [13,8],  1681 ms
43) [13,12],  24 ms
44) [12,11],  4705 ms
45) [14,11],  29 ms
46) [16,9],  19 ms
47) [14,12],  20 ms
48) [16,12],  20 ms
49) [14,10],  19 ms

pela 60.0 wins

pela 5.0:  2716 ms/turn
pela 60.0:  16 s/turn
