 0) [10,8],  1 ms
 1) [9,8],  1018 ms
 2) [11,7],  40 ms
 3) [9,9],  20 ms
 4) [9,10],  3492 ms
 5) [11,8],  42854 ms
 6) [10,6],  3749 ms
 7) [9,5],  59986 ms
 8) [8,6],  1491 ms
 9) [7,5],  39731 ms
10) [9,6],  5017 ms
11) [11,6],  18215 ms
12) [8,5],  2103 ms
13) [10,7],  33458 ms
14) [12,5],  3152 ms
15) [7,6],  57831 ms
16) [8,7],  2713 ms
17) [8,8],  27590 ms
18) [7,7],  2494 ms
19) [8,3],  20808 ms
20) [12,4],  4902 ms
21) [10,5],  41944 ms
22) [9,4],  2250 ms
23) [8,9],  26728 ms
24) [7,10],  21 ms
25) [12,3],  12488 ms
26) [11,5],  464 ms
27) [13,3],  15881 ms
28) [11,4],  237 ms
29) [10,4],  21343 ms
30) [6,7],  149 ms
31) [5,7],  15603 ms
32) [10,3],  238 ms
33) [9,2],  15375 ms
34) [11,2],  39 ms
35) [12,1],  20 ms
36) [11,3],  34 ms
37) [11,1],  20 ms
38) [13,5],  24 ms
39) [14,6],  7345 ms
40) [13,6],  20 ms
41) [14,7],  21 ms
42) [14,4],  20 ms
43) [12,6],  20 ms
44) [14,5],  20 ms
45) [15,5],  20 ms
46) [15,4],  21 ms
47) [13,4],  20 ms
48) [16,3],  20 ms
49) [17,2],  20 ms
50) [12,7],  20 ms

pela 5.0 wins

pela 5.0:  1258 ms/turn
pela 60.0:  18 s/turn
