 0) [11,11],  25 ms
 1) [11,12],  24 ms
 2) [10,10],  24 ms
 3) [12,12],  25 ms
 4) [10,12],  2255 ms
 5) [12,10],  25 ms
 6) [12,13],  4713 ms
 7) [9,11],  5013 ms
 8) [10,14],  3383 ms
 9) [10,13],  1986 ms
10) [12,11],  2542 ms
11) [8,11],  5000 ms
12) [9,14],  5000 ms
13) [8,14],  2003 ms
14) [7,11],  3829 ms
15) [14,11],  5000 ms
16) [14,12],  4039 ms
17) [15,10],  4892 ms
18) [14,10],  5003 ms
19) [11,8],  5014 ms
20) [7,10],  3292 ms
21) [9,13],  1535 ms
22) [8,13],  5013 ms
23) [7,12],  2701 ms
24) [9,10],  1785 ms
25) [8,10],  2126 ms
26) [12,9],  3247 ms
27) [10,11],  2124 ms
28) [7,7],  5024 ms
29) [7,8],  3698 ms
30) [7,9],  2913 ms
31) [9,9],  1830 ms
32) [8,9],  2613 ms
33) [5,9],  5006 ms
34) [13,13],  5001 ms
35) [14,13],  4999 ms
36) [15,11],  2483 ms
37) [16,10],  5003 ms
38) [8,8],  4998 ms
39) [9,7],  2240 ms
40) [10,8],  2634 ms
41) [5,12],  2434 ms
42) [5,11],  1831 ms
43) [12,15],  5002 ms
44) [11,14],  3909 ms
45) [12,14],  3454 ms
46) [13,14],  2800 ms
47) [9,6],  5015 ms
48) [9,5],  2411 ms
49) [10,4],  1534 ms
50) [6,11],  4692 ms
51) [10,7],  5004 ms
52) [8,5],  5000 ms
53) [4,12],  5000 ms
54) [6,12],  5001 ms
55) [4,11],  2328 ms
56) [6,13],  3101 ms
57) [6,14],  3906 ms
58) [7,15],  5009 ms
59) [13,15],  1955 ms
60) [14,16],  2811 ms
61) [6,9],  4206 ms
62) [8,7],  4997 ms
63) [8,6],  25 ms
64) [4,10],  1991 ms
65) [3,9],  5001 ms
66) [2,9],  3539 ms
67) [11,6],  1188 ms
68) [10,6],  5007 ms
69) [11,7],  213 ms
70) [11,5],  1640 ms
71) [12,7],  322 ms
72) [13,7],  25 ms
73) [10,5],  176 ms
74) [9,4],  2259 ms
75) [16,9],  43 ms
76) [17,8],  4565 ms
77) [14,9],  33 ms
78) [13,8],  25 ms
79) [13,6],  27 ms
80) [14,5],  1530 ms
81) [16,7],  27 ms
82) [16,8],  25 ms
83) [15,8],  25 ms
84) [17,6],  25 ms
85) [12,5],  25 ms
86) [14,7],  25 ms
87) [13,4],  26 ms
88) [14,3],  24 ms
89) [9,8],  25 ms

pela 5.0 wins

pela 5.0:  2383 ms/turn
pela 5.0:  2934 ms/turn
