 0) [8,12],  26 ms
 1) [8,13],  25 ms
 2) [7,14],  28 ms
 3) [7,13],  26 ms
 4) [9,13],  25 ms
 5) [9,14],  25 ms
 6) [7,12],  5011 ms
 7) [10,12],  5000 ms
 8) [5,12],  4326 ms
 9) [6,12],  2304 ms
10) [9,15],  1685 ms
11) [6,13],  2203 ms
12) [5,13],  5000 ms
13) [10,14],  5036 ms
14) [12,14],  5008 ms
15) [6,9],  2440 ms
16) [6,10],  2585 ms
17) [5,9],  3929 ms
18) [4,9],  1906 ms
19) [4,12],  4999 ms
20) [12,15],  2766 ms
21) [12,16],  5006 ms
22) [7,10],  2698 ms
23) [5,10],  5019 ms
24) [5,8],  3311 ms
25) [6,7],  5000 ms
26) [11,15],  3134 ms
27) [10,15],  2214 ms
28) [10,16],  1453 ms
29) [9,17],  3927 ms
30) [8,7],  2055 ms
31) [13,13],  3141 ms
32) [12,17],  3532 ms
33) [14,17],  2146 ms
34) [13,14],  4372 ms
35) [11,17],  4513 ms
36) [10,18],  4949 ms
37) [14,14],  1614 ms
38) [10,11],  3115 ms
39) [15,13],  1011 ms
40) [13,15],  24 ms
41) [9,8],  3421 ms
42) [14,13],  5006 ms
43) [15,12],  1900 ms
44) [15,15],  3529 ms
45) [14,15],  24 ms
46) [14,18],  3915 ms
47) [14,12],  5016 ms
48) [11,16],  4986 ms
49) [10,17],  26 ms
50) [16,12],  5021 ms
51) [13,11],  1793 ms
52) [12,10],  2403 ms
53) [15,11],  285 ms
54) [15,10],  5019 ms
55) [12,11],  34 ms
56) [14,11],  4982 ms
57) [11,12],  39 ms
58) [10,13],  5016 ms
59) [12,12],  25 ms
60) [13,12],  24 ms
61) [7,17],  25 ms
62) [8,17],  24 ms
63) [11,11],  25 ms
64) [10,10],  24 ms
65) [11,13],  24 ms
66) [14,10],  25 ms
67) [11,10],  24 ms
68) [11,14],  23 ms
69) [11,9],  22 ms

pela 5.0 wins

pela 5.0:  2064 ms/turn
pela 5.0:  2771 ms/turn
