 0) [11,11],  25 ms
 1) [10,11],  25 ms
 2) [10,12],  25 ms
 3) [11,12],  25 ms
 4) [9,10],  24 ms
 5) [10,10],  25 ms
 6) [9,9],  25 ms
 7) [9,11],  25 ms
 8) [11,7],  26 ms
 9) [10,8],  4994 ms
10) [9,7],  2647 ms
11) [10,7],  3202 ms
12) [10,9],  25 ms
13) [11,9],  5000 ms
14) [8,12],  1481 ms
15) [7,12],  2034 ms
16) [10,6],  5008 ms
17) [9,6],  3945 ms
18) [12,9],  2689 ms
19) [13,9],  2216 ms
20) [13,7],  5005 ms
21) [12,7],  3382 ms
22) [8,4],  4418 ms
23) [9,5],  2928 ms
24) [7,4],  2189 ms
25) [11,5],  1680 ms
26) [12,5],  1718 ms
27) [6,4],  2619 ms
28) [6,5],  4677 ms
29) [8,3],  5023 ms
30) [5,5],  1790 ms
31) [7,5],  5037 ms
32) [10,5],  2905 ms
33) [7,14],  5003 ms
34) [9,14],  5016 ms
35) [11,3],  3507 ms
36) [12,2],  5008 ms
37) [12,4],  2031 ms
38) [9,3],  5013 ms
39) [5,14],  1631 ms
40) [7,15],  1778 ms
41) [9,13],  2762 ms
42) [6,13],  4088 ms
43) [4,13],  4981 ms
44) [6,15],  5008 ms
45) [6,16],  1957 ms
46) [4,14],  5002 ms
47) [5,16],  4986 ms
48) [13,4],  1855 ms
49) [13,2],  3559 ms
50) [5,13],  2587 ms
51) [3,15],  2146 ms
52) [3,16],  1943 ms
53) [8,15],  5004 ms
54) [14,4],  1799 ms
55) [13,3],  1871 ms
56) [10,3],  5002 ms
57) [10,4],  5011 ms
58) [8,8],  5009 ms
59) [7,9],  2331 ms
60) [8,6],  4569 ms
61) [8,5],  5007 ms
62) [14,7],  5064 ms
63) [11,4],  1505 ms
64) [11,2],  2721 ms
65) [15,6],  5039 ms
66) [13,6],  4995 ms
67) [13,5],  3321 ms
68) [10,2],  2803 ms
69) [14,3],  1880 ms
70) [15,3],  2012 ms
71) [4,9],  1955 ms
72) [6,11],  5000 ms
73) [6,14],  1716 ms
74) [16,4],  3312 ms
75) [15,8],  1620 ms
76) [15,7],  4990 ms
77) [14,2],  2322 ms
78) [15,1],  23 ms
79) [15,4],  4988 ms
80) [16,5],  2020 ms
81) [16,7],  2648 ms
82) [16,2],  110 ms
83) [16,3],  5020 ms
84) [18,0],  28 ms
85) [17,1],  24 ms
86) [18,4],  28 ms
87) [19,5],  4250 ms
88) [17,3],  24 ms
89) [14,0],  24 ms
90) [11,1],  23 ms
91) [12,0],  24 ms
92) [15,5],  27 ms
93) [14,6],  23 ms
94) [18,2],  23 ms
95) [19,1],  24 ms
96) [18,3],  24 ms
97) [18,1],  23 ms
98) [18,6],  24 ms
99) [18,5],  23 ms
100) [17,5],  24 ms
101) [19,7],  27 ms
102) [16,6],  24 ms
103) [19,3],  23 ms
104) [14,8],  23 ms

pela 5.0 wins

pela 5.0:  2508 ms/turn
pela 5.0:  2295 ms/turn
