 0) [9,8],  23 ms
 1) [8,7],  24 ms
 2) [8,9],  23 ms
 3) [10,7],  23 ms
 4) [7,9],  54 ms
 5) [10,8],  23 ms
 6) [7,7],  23 ms
 7) [10,9],  23 ms
 8) [10,6],  2530 ms
 9) [7,8],  2348 ms
10) [10,10],  2738 ms
11) [8,8],  1914 ms
12) [8,6],  4993 ms
13) [6,8],  2374 ms
14) [9,10],  2255 ms
15) [11,10],  2661 ms
16) [7,10],  3346 ms
17) [9,11],  1746 ms
18) [5,9],  1317 ms
19) [6,9],  5012 ms
20) [6,10],  201 ms
21) [8,10],  23 ms
22) [5,10],  37 ms
23) [9,6],  5005 ms
24) [10,5],  23 ms
25) [5,12],  5054 ms
26) [3,10],  25 ms
27) [4,10],  22 ms
28) [5,8],  26 ms
29) [5,7],  23 ms
30) [7,11],  23 ms
31) [4,8],  23 ms
32) [8,12],  25 ms
33) [9,13],  23 ms
34) [4,9],  24 ms
35) [2,11],  23 ms
36) [7,12],  23 ms
37) [7,13],  23 ms
38) [6,11],  23 ms
39) [8,13],  23 ms
40) [3,8],  22 ms

pela 5.0 wins

pela 5.0:  1319 ms/turn
pela 5.0:  845 ms/turn
