 0) [11,12],  23 ms
 1) [12,11],  22 ms
 2) [11,13],  24 ms
 3) [11,14],  22 ms
 4) [10,12],  2294 ms
 5) [12,12],  24 ms
 6) [12,15],  1730 ms
 7) [13,15],  2529 ms
 8) [12,10],  3529 ms
 9) [11,11],  1604 ms
10) [14,14],  4421 ms
11) [10,9],  4409 ms
12) [9,8],  4164 ms
13) [8,11],  3049 ms
14) [10,11],  5026 ms
15) [9,10],  2664 ms
16) [7,12],  2369 ms
17) [9,12],  3266 ms
18) [7,10],  2018 ms
19) [10,13],  3822 ms
20) [13,14],  5000 ms
21) [14,15],  5012 ms
22) [13,11],  5040 ms
23) [14,12],  2011 ms
24) [11,8],  5005 ms
25) [10,8],  3205 ms
26) [11,6],  2256 ms
27) [10,7],  2595 ms
28) [10,6],  5054 ms
29) [11,5],  2233 ms
30) [5,10],  3869 ms
31) [7,13],  5001 ms
32) [9,9],  4996 ms
33) [6,11],  5009 ms
34) [7,9],  651 ms
35) [7,11],  4995 ms
36) [5,11],  38 ms
37) [6,10],  4930 ms
38) [5,9],  38 ms
39) [5,8],  4995 ms
40) [9,6],  36 ms
41) [8,6],  4470 ms
42) [6,9],  24 ms
43) [8,9],  39 ms
44) [7,8],  24 ms
45) [8,7],  24 ms
46) [3,9],  24 ms
47) [4,9],  25 ms
48) [5,12],  23 ms
49) [5,13],  25 ms
50) [3,12],  24 ms
51) [4,11],  24 ms
52) [12,6],  24 ms
53) [13,6],  24 ms
54) [6,12],  24 ms
55) [4,12],  23 ms
56) [9,5],  25 ms
57) [9,7],  24 ms
58) [8,10],  24 ms
59) [9,11],  24 ms
60) [7,7],  24 ms
61) [7,6],  24 ms
62) [4,10],  24 ms
63) [2,8],  24 ms
64) [3,11],  24 ms
65) [6,8],  24 ms
66) [3,10],  24 ms
67) [3,13],  25 ms
68) [3,8],  23 ms

pela 5.0 wins

pela 5.0:  1654 ms/turn
pela 5.0:  1946 ms/turn
