 0) [9,8],  25 ms
 1) [8,7],  23 ms
 2) [9,9],  23 ms
 3) [9,10],  22 ms
 4) [10,8],  3440 ms
 5) [8,8],  26 ms
 6) [8,11],  1569 ms
 7) [7,11],  3490 ms
 8) [8,6],  4297 ms
 9) [9,7],  2172 ms
10) [6,10],  2334 ms
11) [7,13],  5016 ms
12) [10,7],  2042 ms
13) [10,6],  1658 ms
14) [11,5],  4175 ms
15) [11,6],  1911 ms
16) [7,10],  5005 ms
17) [8,9],  3180 ms
18) [9,5],  2054 ms
19) [7,7],  3574 ms
20) [7,8],  4244 ms
21) [6,9],  2363 ms
22) [13,5],  2210 ms
23) [12,6],  1510 ms
24) [13,6],  25 ms
25) [12,5],  4265 ms
26) [11,3],  3116 ms
27) [12,2],  5005 ms
28) [12,4],  5006 ms
29) [14,6],  4184 ms
30) [13,4],  5050 ms
31) [13,3],  3816 ms
32) [11,2],  582 ms
33) [11,1],  4206 ms
34) [14,4],  26 ms
35) [15,4],  4995 ms
36) [10,2],  28 ms
37) [9,1],  25 ms
38) [13,7],  33 ms
39) [13,8],  25 ms
40) [10,1],  26 ms
41) [10,4],  26 ms
42) [12,3],  25 ms
43) [14,5],  25 ms
44) [9,0],  25 ms

pela 5.0 wins

pela 5.0:  2341 ms/turn
pela 5.0:  1972 ms/turn
