 0) [11,9],  25 ms
 1) [11,8],  27 ms
 2) [10,8],  29 ms
 3) [10,9],  24 ms
 4) [9,10],  24 ms
 5) [10,10],  23 ms
 6) [9,11],  24 ms
 7) [9,9],  24 ms
 8) [11,13],  24 ms
 9) [10,12],  2555 ms
10) [9,13],  4872 ms
11) [10,13],  4384 ms
12) [10,11],  24 ms
13) [11,11],  2651 ms
14) [8,8],  1719 ms
15) [7,8],  1823 ms
16) [9,7],  5005 ms
17) [8,6],  4997 ms
18) [13,12],  5002 ms
19) [12,10],  5026 ms
20) [14,13],  4527 ms
21) [13,14],  4073 ms
22) [16,13],  5014 ms
23) [16,15],  5027 ms
24) [14,11],  4997 ms
25) [14,12],  5036 ms
26) [15,12],  4996 ms
27) [13,9],  2057 ms
28) [14,8],  24 ms
29) [13,10],  4760 ms
30) [13,13],  4993 ms
31) [12,13],  3694 ms
32) [12,11],  2268 ms
33) [11,10],  4999 ms
34) [14,10],  23 ms
35) [15,11],  1548 ms
36) [17,13],  5008 ms
37) [15,13],  23 ms
38) [17,14],  320 ms
39) [18,15],  23 ms
40) [13,11],  223 ms
41) [12,12],  2348 ms
42) [17,12],  35 ms
43) [17,11],  2133 ms
44) [14,9],  36 ms
45) [14,7],  23 ms
46) [16,11],  31 ms
47) [15,10],  4112 ms
48) [16,12],  25 ms
49) [16,10],  2814 ms
50) [18,12],  25 ms
51) [19,12],  23 ms
52) [15,14],  24 ms
53) [18,8],  26 ms
54) [17,9],  23 ms
55) [14,15],  1619 ms
56) [18,9],  24 ms
57) [17,10],  23 ms
58) [15,9],  23 ms
59) [16,9],  23 ms
60) [18,11],  23 ms
61) [19,10],  23 ms
62) [18,10],  23 ms
63) [18,13],  23 ms
64) [16,8],  23 ms
65) [17,7],  23 ms
66) [15,7],  24 ms
67) [19,11],  23 ms
68) [14,6],  55 ms

pela 5.0 wins

pela 5.0:  1415 ms/turn
pela 5.0:  1941 ms/turn
