 0) [11,11],  24 ms
 1) [10,11],  24 ms
 2) [10,12],  24 ms
 3) [11,12],  24 ms
 4) [12,10],  25 ms
 5) [13,9],  24 ms
 6) [14,10],  4932 ms
 7) [9,13],  5002 ms
 8) [12,13],  1976 ms
 9) [12,9],  5004 ms
10) [13,8],  3595 ms
11) [13,10],  5007 ms
12) [14,9],  5010 ms
13) [14,11],  4825 ms
14) [15,12],  5027 ms
15) [12,7],  4992 ms
16) [11,8],  3632 ms
17) [9,11],  3956 ms
18) [9,14],  2431 ms
19) [11,9],  3608 ms
20) [9,9],  3326 ms
21) [12,12],  4505 ms
22) [8,12],  4794 ms
23) [7,12],  2086 ms
24) [16,11],  5007 ms
25) [15,10],  4999 ms
26) [16,12],  5000 ms
27) [14,13],  3117 ms
28) [16,14],  2736 ms
29) [16,13],  5006 ms
30) [15,13],  35 ms
31) [14,12],  26 ms
32) [14,14],  24 ms
33) [17,11],  23 ms
34) [15,14],  23 ms
35) [15,15],  23 ms
36) [13,14],  22 ms
37) [17,14],  22 ms
38) [12,14],  23 ms

pela 5.0 wins

pela 5.0:  2383 ms/turn
pela 5.0:  2751 ms/turn
