 0) [12,12],  26 ms
 1) [13,11],  34 ms
 2) [13,13],  31 ms
 3) [11,11],  25 ms
 4) [14,12],  36 ms
 5) [12,14],  24 ms
 6) [10,11],  3992 ms
 7) [15,12],  2885 ms
 8) [11,12],  1642 ms
 9) [10,12],  2408 ms
10) [13,9],  2415 ms
11) [13,14],  3603 ms
12) [14,14],  3585 ms
13) [15,15],  1644 ms
14) [12,15],  5029 ms
15) [14,11],  1894 ms
16) [15,11],  3027 ms
17) [12,8],  4101 ms
18) [11,8],  1740 ms
19) [9,10],  1953 ms
20) [11,13],  1827 ms
21) [10,13],  4195 ms
22) [12,9],  1985 ms
23) [14,9],  1605 ms
24) [16,13],  3543 ms
25) [16,10],  5038 ms
26) [17,10],  5000 ms
27) [14,13],  2544 ms
28) [9,13],  1965 ms
29) [11,10],  2343 ms
30) [8,10],  2798 ms
31) [15,8],  1802 ms
32) [16,8],  259 ms
33) [14,7],  105 ms
34) [14,8],  2221 ms
35) [13,10],  46 ms
36) [12,11],  3287 ms
37) [16,7],  27 ms
38) [17,6],  25 ms
39) [12,10],  27 ms
40) [10,10],  25 ms
41) [15,7],  27 ms
42) [13,7],  29 ms
43) [15,6],  27 ms
44) [15,10],  26 ms
45) [15,5],  25 ms
46) [15,9],  28 ms
47) [15,4],  27 ms

pela 5.0 wins

pela 5.0:  1855 ms/turn
pela 5.0:  1517 ms/turn
