 0) [12,12],  23 ms
 1) [12,11],  24 ms
 2) [13,10],  23 ms
 3) [13,11],  23 ms
 4) [11,11],  54 ms
 5) [11,10],  24 ms
 6) [13,12],  23 ms
 7) [10,12],  2038 ms
 8) [15,12],  4710 ms
 9) [14,12],  2290 ms
10) [11,9],  1578 ms
11) [14,11],  2779 ms
12) [15,11],  2622 ms
13) [10,10],  5011 ms
14) [8,10],  3675 ms
15) [9,12],  2258 ms
16) [10,11],  5003 ms
17) [8,11],  2822 ms
18) [10,13],  1912 ms
19) [7,12],  1489 ms
20) [8,12],  4995 ms
21) [7,11],  5000 ms
22) [6,11],  5016 ms
23) [9,14],  3066 ms
24) [7,14],  4981 ms
25) [10,15],  2937 ms
26) [11,16],  3172 ms
27) [9,15],  1624 ms
28) [9,13],  1571 ms
29) [12,13],  1884 ms
30) [14,13],  1646 ms
31) [15,14],  4591 ms
32) [8,9],  3007 ms
33) [5,12],  2043 ms
34) [7,9],  4097 ms
35) [9,10],  5006 ms
36) [10,9],  2384 ms
37) [9,9],  23 ms
38) [9,8],  2317 ms
39) [8,8],  5015 ms
40) [6,8],  5006 ms
41) [5,7],  3033 ms
42) [6,9],  5009 ms
43) [6,10],  5037 ms
44) [5,9],  26 ms
45) [4,9],  23 ms
46) [7,7],  33 ms
47) [5,14],  3768 ms
48) [6,13],  23 ms
49) [8,6],  4074 ms
50) [7,13],  26 ms
51) [8,13],  23 ms
52) [10,7],  43 ms
53) [7,10],  23 ms
54) [4,10],  25 ms
55) [3,11],  27 ms
56) [6,14],  64 ms
57) [5,15],  23 ms
58) [6,12],  23 ms
59) [6,15],  24 ms
60) [5,11],  23 ms
61) [8,14],  24 ms
62) [3,9],  24 ms

pela 5.0 wins

pela 5.0:  1972 ms/turn
pela 5.0:  2129 ms/turn
