 0) [11,11],  24 ms
 1) [10,12],  23 ms
 2) [11,10],  23 ms
 3) [11,9],  23 ms
 4) [12,11],  4427 ms
 5) [13,11],  24 ms
 6) [13,9],  5031 ms
 7) [14,13],  2284 ms
 8) [14,12],  3298 ms
 9) [10,9],  4997 ms
10) [10,8],  5036 ms
11) [12,10],  4701 ms
12) [13,7],  4998 ms
13) [13,8],  4996 ms
14) [15,7],  4993 ms
15) [16,7],  5000 ms
16) [17,9],  3535 ms
17) [18,10],  5032 ms
18) [16,8],  2543 ms
19) [14,8],  1681 ms
20) [14,6],  5008 ms
21) [13,5],  23 ms
22) [12,8],  5030 ms
23) [14,10],  2616 ms
24) [15,5],  501 ms
25) [16,4],  23 ms
26) [15,6],  97 ms
27) [15,4],  4678 ms
28) [16,6],  48 ms
29) [17,6],  1550 ms
30) [16,10],  245 ms
31) [15,11],  2152 ms
32) [12,6],  47 ms
33) [13,6],  24 ms
34) [12,7],  32 ms
35) [12,5],  3484 ms
36) [11,7],  24 ms
37) [14,7],  28 ms
38) [9,5],  28 ms
39) [10,6],  24 ms
40) [9,9],  26 ms
41) [8,10],  26 ms
42) [9,7],  25 ms
43) [10,7],  24 ms
44) [9,8],  25 ms
45) [9,6],  24 ms
46) [8,8],  25 ms
47) [11,8],  24 ms
48) [10,10],  24 ms
49) [12,12],  25 ms
50) [7,7],  28 ms

pela 5.0 wins

pela 5.0:  1739 ms/turn
pela 5.0:  1735 ms/turn
