 0) [12,9],  23 ms
 1) [13,9],  24 ms
 2) [12,8],  22 ms
 3) [12,7],  24 ms
 4) [13,6],  2209 ms
 5) [15,7],  4752 ms
 6) [14,8],  4521 ms
 7) [13,8],  2454 ms
 8) [14,6],  2781 ms
 9) [11,9],  3928 ms
10) [13,10],  4430 ms
11) [14,7],  2547 ms
12) [13,7],  4130 ms
13) [12,6],  5007 ms
14) [14,9],  1589 ms
15) [14,11],  2754 ms
16) [13,5],  1670 ms
17) [15,5],  2571 ms
18) [16,6],  2048 ms
19) [12,11],  3442 ms
20) [11,11],  3379 ms
21) [13,12],  5034 ms
22) [14,13],  2798 ms
23) [13,11],  4999 ms
24) [15,10],  3112 ms
25) [17,6],  1856 ms
26) [15,6],  5010 ms
27) [13,4],  3746 ms
28) [13,13],  5000 ms
29) [15,13],  4488 ms
30) [14,12],  4342 ms
31) [16,10],  3125 ms
32) [16,11],  1850 ms
33) [13,14],  4203 ms
34) [16,7],  4994 ms
35) [14,14],  4967 ms
36) [12,14],  5034 ms
37) [11,15],  3309 ms
38) [13,15],  3242 ms
39) [11,13],  2180 ms
40) [10,15],  4712 ms
41) [15,16],  4455 ms
42) [14,15],  2677 ms
43) [18,9],  4319 ms
44) [16,15],  3300 ms
45) [15,15],  3565 ms
46) [15,14],  4033 ms
47) [17,12],  5002 ms
48) [12,17],  1602 ms
49) [13,16],  4703 ms
50) [10,14],  5013 ms
51) [9,14],  2469 ms
52) [11,14],  4495 ms
53) [11,6],  4906 ms
54) [12,5],  1753 ms
55) [10,13],  2573 ms
56) [14,16],  1430 ms
57) [9,13],  5026 ms
58) [16,18],  5032 ms
59) [15,17],  25 ms
60) [17,16],  5006 ms
61) [18,17],  25 ms
62) [8,13],  3051 ms
63) [9,16],  2204 ms
64) [9,15],  2475 ms
65) [8,15],  127 ms
66) [11,12],  24 ms
67) [7,16],  325 ms
68) [6,17],  25 ms
69) [7,14],  103 ms
70) [10,17],  2428 ms
71) [7,15],  96 ms
72) [7,17],  3630 ms
73) [7,12],  25 ms
74) [7,13],  24 ms
75) [6,13],  26 ms
76) [5,12],  25 ms
77) [15,19],  26 ms
78) [15,18],  24 ms
79) [10,5],  57 ms
80) [9,4],  25 ms
81) [10,16],  26 ms
82) [8,16],  57 ms
83) [6,18],  25 ms
84) [16,17],  26 ms
85) [18,15],  25 ms
86) [16,16],  26 ms
87) [16,19],  24 ms
88) [16,14],  25 ms

pela 5.0 wins

pela 5.0:  2513 ms/turn
pela 5.0:  2399 ms/turn
