 0) [9,10],  25 ms
 1) [10,10],  25 ms
 2) [11,11],  24 ms
 3) [10,11],  25 ms
 4) [10,9],  25 ms
 5) [11,8],  23 ms
 6) [9,13],  5022 ms
 7) [9,11],  3259 ms
 8) [12,8],  4688 ms
 9) [12,9],  3961 ms
10) [10,6],  4996 ms
11) [13,9],  2290 ms
12) [13,10],  2416 ms
13) [10,12],  3012 ms
14) [10,13],  4737 ms
15) [8,13],  1661 ms
16) [8,12],  4261 ms
17) [6,11],  1423 ms
18) [8,11],  4998 ms
19) [7,12],  1980 ms
20) [5,10],  3373 ms
21) [10,14],  2742 ms
22) [9,14],  4306 ms
23) [12,11],  2197 ms
24) [9,12],  830 ms
25) [11,14],  5051 ms
26) [6,10],  196 ms
27) [7,10],  2018 ms
28) [5,9],  28 ms
29) [7,11],  24 ms
30) [9,16],  27 ms
31) [9,15],  24 ms
32) [7,9],  29 ms
33) [8,8],  4998 ms
34) [11,13],  2701 ms
35) [5,7],  4271 ms
36) [6,9],  1893 ms
37) [8,9],  2954 ms
38) [5,12],  2113 ms
39) [5,11],  5006 ms
40) [7,14],  3901 ms
41) [6,13],  4994 ms
42) [9,8],  3899 ms
43) [7,8],  5005 ms
44) [4,11],  5033 ms
45) [4,9],  3726 ms
46) [8,7],  3726 ms
47) [7,6],  2780 ms
48) [6,6],  2632 ms
49) [12,13],  1733 ms
50) [12,12],  2486 ms
51) [6,7],  2069 ms
52) [5,8],  5012 ms
53) [8,15],  5016 ms
54) [10,15],  1760 ms
55) [8,16],  3803 ms
56) [8,14],  2599 ms
57) [3,12],  4785 ms
58) [7,17],  4115 ms
59) [8,5],  1924 ms
60) [5,6],  3534 ms
61) [13,12],  2094 ms
62) [14,11],  2277 ms
63) [11,5],  5003 ms
64) [9,6],  5001 ms
65) [9,7],  4093 ms
66) [11,7],  5000 ms
67) [9,5],  2509 ms
68) [10,5],  1769 ms
69) [10,7],  4320 ms
70) [3,8],  5029 ms
71) [2,9],  4999 ms
72) [15,9],  3031 ms
73) [14,10],  5016 ms
74) [7,4],  3935 ms
75) [6,5],  1481 ms
76) [12,3],  5053 ms
77) [11,4],  25 ms
78) [11,3],  4752 ms
79) [10,3],  2086 ms
80) [9,4],  25 ms
81) [11,6],  3081 ms
82) [3,6],  4113 ms
83) [2,6],  2870 ms
84) [7,5],  2154 ms
85) [6,12],  4456 ms
86) [6,15],  5003 ms
87) [5,14],  2868 ms
88) [5,13],  2143 ms
89) [13,14],  5001 ms
90) [14,15],  4990 ms
91) [12,5],  5000 ms
92) [13,6],  2439 ms
93) [3,7],  4999 ms
94) [4,7],  3035 ms
95) [2,5],  24 ms
96) [2,8],  3765 ms
97) [4,8],  5005 ms
98) [1,5],  1513 ms
99) [17,13],  4965 ms
100) [16,12],  1524 ms
101) [8,4],  5004 ms
102) [13,4],  1221 ms
103) [14,5],  2024 ms
104) [13,5],  1741 ms
105) [13,7],  5004 ms
106) [4,15],  3585 ms
107) [7,15],  5000 ms
108) [15,14],  3063 ms
109) [16,13],  2874 ms
110) [8,1],  1182 ms
111) [13,3],  5006 ms
112) [5,16],  945 ms
113) [14,14],  2779 ms
114) [12,14],  24 ms
115) [4,17],  2771 ms
116) [6,17],  29 ms
117) [7,18],  1534 ms
118) [6,16],  30 ms
119) [6,18],  623 ms
120) [3,14],  27 ms
121) [2,13],  24 ms
122) [5,15],  28 ms
123) [4,14],  2245 ms
124) [3,16],  25 ms
125) [4,16],  23 ms
126) [3,15],  23 ms
127) [2,15],  56 ms
128) [3,17],  51 ms
129) [3,18],  51 ms
130) [3,13],  22 ms

pela 5.0 wins

pela 5.0:  2483 ms/turn
pela 5.0:  2887 ms/turn
