 0) [10,10],  31 ms
 1) [10,11],  25 ms
 2) [9,11],  25 ms
 3) [9,10],  26 ms
 4) [11,9],  25 ms
 5) [12,8],  25 ms
 6) [13,9],  4986 ms
 7) [8,12],  5022 ms
 8) [11,12],  3470 ms
 9) [11,8],  2461 ms
10) [12,7],  5021 ms
11) [12,9],  2373 ms
12) [13,8],  1764 ms
13) [13,10],  5010 ms
14) [14,11],  1950 ms
15) [11,6],  4990 ms
16) [10,7],  4057 ms
17) [8,10],  4274 ms
18) [8,13],  2666 ms
19) [10,8],  4222 ms
20) [8,8],  4251 ms
21) [11,11],  4999 ms
22) [7,11],  4987 ms
23) [6,11],  2445 ms
24) [15,10],  1616 ms
25) [14,9],  5012 ms
26) [15,11],  4025 ms
27) [15,8],  2240 ms
28) [12,11],  273 ms
29) [16,7],  4998 ms
30) [17,6],  26 ms
31) [15,12],  5010 ms
32) [16,9],  34 ms
33) [13,12],  4992 ms
34) [17,8],  26 ms
35) [18,7],  24 ms
36) [16,11],  26 ms
37) [13,11],  23 ms
38) [17,11],  25 ms
39) [18,11],  25 ms
40) [17,10],  27 ms
41) [17,9],  27 ms
42) [16,10],  25 ms
43) [16,12],  24 ms
44) [18,10],  24 ms
45) [19,10],  25 ms
46) [14,10],  24 ms

pela 5.0 wins

pela 5.0:  2533 ms/turn
pela 5.0:  1641 ms/turn
