 0) [10,9],  30 ms
 1) [10,8],  25 ms
 2) [11,7],  24 ms
 3) [11,8],  24 ms
 4) [12,8],  25 ms
 5) [12,9],  24 ms
 6) [10,7],  2164 ms
 7) [13,7],  5008 ms
 8) [8,7],  5001 ms
 9) [9,7],  2915 ms
10) [12,10],  1582 ms
11) [9,8],  2074 ms
12) [8,8],  5015 ms
13) [13,9],  4992 ms
14) [15,9],  5011 ms
15) [9,4],  2322 ms
16) [9,5],  2737 ms
17) [8,4],  4335 ms
18) [7,4],  2014 ms
19) [7,7],  5026 ms
20) [15,10],  3173 ms
21) [15,11],  5007 ms
22) [10,5],  3006 ms
23) [8,5],  4303 ms
24) [8,3],  3121 ms
25) [6,5],  4516 ms
26) [6,7],  1603 ms
27) [8,9],  2657 ms
28) [10,3],  4999 ms
29) [10,4],  2202 ms
30) [11,4],  3291 ms
31) [12,3],  4995 ms
32) [13,8],  5006 ms
33) [14,10],  4995 ms
34) [16,9],  2062 ms
35) [15,8],  4994 ms
36) [11,3],  2594 ms
37) [11,5],  4423 ms
38) [12,6],  1836 ms
39) [13,6],  4003 ms
40) [13,5],  1511 ms
41) [12,4],  5008 ms
42) [13,3],  1435 ms
43) [14,4],  2433 ms
44) [9,10],  1651 ms
45) [15,4],  2875 ms
46) [14,5],  2330 ms
47) [14,11],  1525 ms
48) [9,3],  1962 ms
49) [7,3],  25 ms
50) [13,10],  1582 ms
51) [17,13],  2921 ms
52) [16,12],  25 ms
53) [16,11],  2042 ms
54) [11,10],  5010 ms
55) [10,10],  24 ms
56) [17,11],  4996 ms
57) [18,10],  2296 ms
58) [16,4],  1728 ms
59) [18,12],  1862 ms
60) [14,12],  1981 ms
61) [15,5],  4995 ms
62) [15,7],  2323 ms
63) [7,10],  2468 ms
64) [11,11],  5028 ms
65) [11,12],  5000 ms
66) [5,8],  4736 ms
67) [7,8],  5035 ms
68) [7,9],  4995 ms
69) [15,13],  1724 ms
70) [18,9],  1827 ms
71) [17,9],  2592 ms
72) [18,13],  1731 ms
73) [13,13],  3951 ms
74) [14,13],  5004 ms
75) [13,12],  5003 ms
76) [15,15],  4997 ms
77) [17,8],  1743 ms
78) [17,6],  5007 ms
79) [9,12],  1664 ms
80) [11,14],  2489 ms
81) [8,12],  92 ms
82) [10,12],  4455 ms
83) [13,11],  33 ms
84) [12,11],  24 ms
85) [13,15],  32 ms
86) [13,14],  24 ms
87) [6,11],  32 ms
88) [5,12],  23 ms
89) [9,11],  40 ms
90) [7,13],  5000 ms
91) [8,11],  27 ms
92) [7,11],  5004 ms
93) [10,13],  26 ms
94) [6,9],  25 ms
95) [8,13],  25 ms
96) [8,10],  24 ms
97) [9,14],  27 ms
98) [8,15],  24 ms
99) [7,12],  24 ms
100) [10,15],  24 ms
101) [5,10],  24 ms

pela 5.0 wins

pela 5.0:  2573 ms/turn
pela 5.0:  2439 ms/turn
