 0) [11,10],  25 ms
 1) [12,9],  25 ms
 2) [12,11],  24 ms
 3) [10,9],  42 ms
 4) [13,10],  25 ms
 5) [11,12],  25 ms
 6) [9,9],  3334 ms
 7) [14,10],  2732 ms
 8) [10,10],  5015 ms
 9) [9,10],  2262 ms
10) [12,7],  2280 ms
11) [12,12],  2783 ms
12) [13,12],  3679 ms
13) [14,13],  1752 ms
14) [11,13],  5007 ms
15) [13,9],  2693 ms
16) [14,9],  4029 ms
17) [11,6],  4841 ms
18) [10,6],  1845 ms
19) [8,8],  2241 ms
20) [10,11],  2168 ms
21) [9,11],  4312 ms
22) [11,7],  1998 ms
23) [13,7],  5030 ms
24) [15,11],  3787 ms
25) [15,8],  5008 ms
26) [16,8],  5000 ms
27) [13,11],  3250 ms
28) [8,11],  5006 ms
29) [10,8],  5003 ms
30) [7,8],  3056 ms
31) [14,6],  2163 ms
32) [15,6],  181 ms
33) [13,5],  83 ms
34) [13,6],  2925 ms
35) [12,8],  30 ms
36) [11,9],  3159 ms
37) [15,5],  28 ms
38) [16,4],  24 ms
39) [11,8],  28 ms
40) [9,8],  25 ms
41) [14,5],  27 ms
42) [12,5],  2229 ms
43) [14,4],  26 ms
44) [14,8],  26 ms
45) [14,3],  24 ms
46) [14,7],  25 ms
47) [14,2],  24 ms

pela 5.0 wins

pela 5.0:  2286 ms/turn
pela 5.0:  1851 ms/turn
