 0) [10,11],  25 ms
 1) [11,12],  24 ms
 2) [10,10],  24 ms
 3) [10,9],  24 ms
 4) [9,11],  2641 ms
 5) [8,11],  24 ms
 6) [8,9],  5009 ms
 7) [11,9],  3644 ms
 8) [11,8],  4994 ms
 9) [8,8],  4556 ms
10) [9,10],  5025 ms
11) [9,12],  2911 ms
12) [11,14],  4999 ms
13) [7,8],  5026 ms
14) [7,10],  1704 ms
15) [8,10],  1917 ms
16) [6,8],  4840 ms
17) [10,8],  2204 ms
18) [12,10],  4246 ms
19) [13,10],  3638 ms
20) [12,11],  2258 ms
21) [11,11],  2353 ms
22) [10,12],  3752 ms
23) [10,14],  5027 ms
24) [11,13],  5000 ms
25) [12,14],  2778 ms
26) [5,9],  2225 ms
27) [6,11],  4305 ms
28) [6,12],  1540 ms
29) [4,10],  4749 ms
30) [9,5],  3146 ms
31) [12,16],  1614 ms
32) [12,13],  1872 ms
33) [13,13],  3182 ms
34) [11,15],  1807 ms
35) [9,7],  1493 ms
36) [8,6],  4475 ms
37) [7,7],  25 ms
38) [8,7],  3547 ms
39) [10,16],  1848 ms
40) [14,14],  3410 ms
41) [4,9],  5027 ms
42) [4,11],  5004 ms
43) [5,10],  5004 ms
44) [12,9],  5047 ms
45) [12,12],  27 ms
46) [12,7],  5032 ms
47) [12,8],  32 ms
48) [7,12],  2171 ms
49) [11,16],  5000 ms
50) [13,16],  1667 ms
51) [13,12],  39 ms
52) [13,11],  4998 ms
53) [10,17],  43 ms
54) [10,15],  5000 ms
55) [9,16],  30 ms
56) [8,16],  25 ms
57) [9,15],  29 ms
58) [9,18],  5014 ms
59) [9,13],  27 ms
60) [9,14],  24 ms
61) [11,17],  26 ms
62) [12,18],  3917 ms
63) [7,14],  28 ms
64) [8,15],  5015 ms
65) [8,14],  25 ms
66) [7,13],  25 ms
67) [8,12],  25 ms
68) [8,13],  25 ms
69) [6,10],  25 ms
70) [7,11],  25 ms
71) [7,9],  25 ms
72) [10,6],  24 ms
73) [5,11],  25 ms

pela 5.0 wins

pela 5.0:  2960 ms/turn
pela 5.0:  1804 ms/turn
