 0) [12,11],  25 ms
 1) [11,12],  25 ms
 2) [11,10],  23 ms
 3) [13,12],  22 ms
 4) [10,10],  23 ms
 5) [13,11],  23 ms
 6) [10,12],  23 ms
 7) [13,10],  22 ms
 8) [13,9],  2623 ms
 9) [12,10],  2086 ms
10) [10,11],  413 ms
11) [10,9],  2866 ms
12) [10,13],  111 ms
13) [10,14],  23 ms
14) [9,12],  97 ms
15) [8,13],  5039 ms
16) [8,11],  50 ms
17) [13,13],  3938 ms
18) [13,14],  23 ms
19) [7,10],  2007 ms
20) [9,11],  49 ms
21) [11,11],  29 ms
22) [12,9],  30 ms
23) [13,8],  28 ms
24) [11,9],  32 ms
25) [8,12],  2593 ms
26) [7,11],  25 ms
27) [6,11],  22 ms
28) [12,8],  34 ms
29) [13,7],  23 ms
30) [8,10],  24 ms
31) [11,13],  4123 ms
32) [6,8],  23 ms
33) [7,9],  24 ms
34) [11,14],  24 ms
35) [12,15],  22 ms
36) [12,12],  2985 ms
37) [9,9],  4905 ms
38) [8,9],  3437 ms
39) [8,8],  5005 ms
40) [14,12],  1940 ms
41) [14,9],  1989 ms
42) [12,7],  4356 ms
43) [9,15],  2582 ms
44) [8,15],  1649 ms
45) [9,14],  382 ms
46) [12,5],  5010 ms
47) [12,6],  24 ms
48) [7,12],  3340 ms
49) [9,17],  386 ms
50) [9,16],  3956 ms
51) [10,17],  41 ms
52) [11,17],  4386 ms
53) [8,16],  34 ms
54) [7,17],  24 ms
55) [10,18],  27 ms
56) [7,15],  1946 ms
57) [10,15],  24 ms
58) [10,16],  24 ms
59) [11,15],  23 ms
60) [13,15],  28 ms
61) [12,17],  23 ms
62) [11,16],  24 ms
63) [12,16],  24 ms
64) [9,13],  23 ms
65) [12,14],  25 ms
66) [12,18],  26 ms
67) [12,13],  24 ms

pela 5.0 wins

pela 5.0:  1130 ms/turn
pela 5.0:  1082 ms/turn
