 0) [10,9],  24 ms
 1) [10,8],  24 ms
 2) [9,8],  24 ms
 3) [9,9],  53 ms
 4) [8,10],  24 ms
 5) [9,10],  24 ms
 6) [8,11],  24 ms
 7) [8,9],  24 ms
 8) [10,13],  26 ms
 9) [9,12],  2703 ms
10) [8,13],  4908 ms
11) [9,13],  4942 ms
12) [9,11],  25 ms
13) [10,11],  2074 ms
14) [7,8],  2579 ms
15) [6,8],  2354 ms
16) [8,7],  5000 ms
17) [7,6],  5000 ms
18) [12,12],  5000 ms
19) [11,10],  5001 ms
20) [13,13],  3936 ms
21) [12,14],  3177 ms
22) [15,13],  3546 ms
23) [15,15],  4998 ms
24) [13,11],  4149 ms
25) [13,12],  5014 ms
26) [14,12],  5006 ms
27) [12,9],  2108 ms
28) [13,8],  23 ms
29) [12,10],  4868 ms
30) [12,13],  5041 ms
31) [11,13],  4284 ms
32) [11,11],  2289 ms
33) [10,10],  5005 ms
34) [13,10],  24 ms
35) [14,11],  2325 ms
36) [16,13],  4987 ms
37) [14,13],  23 ms
38) [16,14],  524 ms
39) [17,15],  23 ms
40) [12,11],  282 ms
41) [11,12],  3288 ms
42) [16,12],  35 ms
43) [16,11],  2747 ms
44) [13,9],  37 ms
45) [13,7],  23 ms
46) [17,11],  33 ms
47) [18,10],  5001 ms
48) [15,11],  33 ms
49) [14,10],  5030 ms
50) [16,10],  29 ms
51) [17,9],  23 ms
52) [15,12],  25 ms
53) [15,10],  24 ms
54) [18,12],  22 ms
55) [17,12],  24 ms
56) [15,9],  23 ms
57) [19,13],  23 ms
58) [14,8],  23 ms

pela 5.0 wins

pela 5.0:  2420 ms/turn
pela 5.0:  1590 ms/turn
