 0) [10,11],  24 ms
 1) [10,12],  23 ms
 2) [11,13],  23 ms
 3) [11,12],  23 ms
 4) [9,12],  24 ms
 5) [9,13],  23 ms
 6) [11,11],  23 ms
 7) [8,11],  4993 ms
 8) [13,11],  3634 ms
 9) [12,11],  5010 ms
10) [9,14],  4997 ms
11) [12,12],  2704 ms
12) [13,12],  2692 ms
13) [8,13],  4581 ms
14) [6,13],  3877 ms
15) [7,11],  2041 ms
16) [8,12],  4996 ms
17) [6,12],  3218 ms
18) [8,10],  1936 ms
19) [5,11],  1848 ms
20) [6,11],  4998 ms
21) [5,12],  5000 ms
22) [4,12],  5016 ms
23) [12,8],  3758 ms
24) [6,14],  2457 ms
25) [13,13],  4075 ms
26) [5,10],  2206 ms
27) [5,13],  2328 ms
28) [4,14],  3219 ms
29) [7,13],  4054 ms
30) [8,14],  3646 ms
31) [7,14],  1499 ms
32) [7,12],  4348 ms
33) [4,15],  4704 ms
34) [5,14],  2953 ms
35) [4,9],  3379 ms
36) [4,10],  4998 ms
37) [4,13],  4837 ms
38) [6,16],  1575 ms
39) [6,15],  1985 ms
40) [5,16],  4568 ms
41) [3,14],  2735 ms
42) [2,15],  2875 ms
43) [3,16],  2015 ms
44) [3,15],  5021 ms
45) [5,17],  2227 ms
46) [2,16],  5014 ms
47) [2,13],  5055 ms
48) [1,13],  3859 ms
49) [7,17],  5001 ms
50) [7,15],  2497 ms
51) [2,17],  2272 ms
52) [1,12],  3077 ms
53) [2,12],  2137 ms
54) [11,10],  5034 ms
55) [13,9],  4233 ms
56) [12,9],  4774 ms
57) [13,8],  23 ms
58) [6,10],  5018 ms
59) [7,10],  23 ms
60) [1,17],  5007 ms
61) [0,18],  23 ms
62) [2,10],  3594 ms
63) [3,10],  23 ms
64) [14,10],  1619 ms
65) [13,10],  2867 ms
66) [14,9],  2237 ms
67) [14,8],  87 ms
68) [15,8],  5009 ms
69) [15,7],  55 ms
70) [16,6],  5002 ms
71) [13,7],  43 ms
72) [13,6],  23 ms
73) [14,7],  29 ms
74) [12,7],  4250 ms
75) [12,6],  32 ms
76) [11,5],  5031 ms
77) [14,6],  32 ms
78) [11,9],  5005 ms
79) [11,8],  24 ms
80) [10,8],  23 ms
81) [14,4],  25 ms
82) [14,5],  24 ms
83) [14,12],  24 ms
84) [16,10],  45 ms
85) [12,14],  25 ms
86) [11,15],  24 ms
87) [12,13],  23 ms
88) [12,15],  55 ms
89) [12,10],  23 ms

pela 5.0 wins

pela 5.0:  1980 ms/turn
pela 5.0:  3029 ms/turn
