 0) [9,12],  24 ms
 1) [8,13],  24 ms
 2) [10,13],  25 ms
 3) [8,11],  24 ms
 4) [9,14],  23 ms
 5) [11,12],  27 ms
 6) [8,10],  3802 ms
 7) [9,15],  2829 ms
 8) [9,10],  5017 ms
 9) [9,11],  2788 ms
10) [11,11],  3912 ms
11) [10,10],  3936 ms
12) [10,12],  2335 ms
13) [9,13],  4023 ms
14) [7,13],  5011 ms
15) [6,12],  1579 ms
16) [5,12],  5000 ms
17) [10,14],  32 ms
18) [11,15],  3205 ms
19) [8,16],  5046 ms
20) [7,17],  2505 ms
21) [6,15],  4182 ms
22) [8,15],  1840 ms
23) [7,16],  2164 ms
24) [5,14],  3880 ms
25) [7,14],  4222 ms
26) [5,16],  2796 ms
27) [5,15],  4988 ms
28) [7,11],  4366 ms
29) [3,14],  1501 ms
30) [7,10],  2151 ms
31) [12,12],  4587 ms
32) [11,13],  23 ms
33) [5,10],  5031 ms
34) [8,9],  126 ms
35) [6,11],  1963 ms
36) [7,8],  413 ms
37) [7,12],  29 ms
38) [4,9],  23 ms
39) [6,13],  1724 ms
40) [6,14],  23 ms
41) [6,7],  4476 ms
42) [7,9],  36 ms
43) [7,7],  23 ms
44) [6,9],  30 ms
45) [5,9],  25 ms
46) [9,9],  27 ms
47) [10,9],  23 ms
48) [9,7],  27 ms
49) [9,6],  2578 ms
50) [8,8],  24 ms
51) [10,6],  23 ms
52) [10,8],  23 ms
53) [11,7],  23 ms
54) [8,6],  26 ms
55) [8,7],  23 ms
56) [9,8],  24 ms
57) [11,8],  23 ms
58) [6,8],  23 ms

pela 5.0 wins

pela 5.0:  1997 ms/turn
pela 5.0:  1558 ms/turn
