 0) [11,8],  25 ms
 1) [12,7],  25 ms
 2) [11,9],  25 ms
 3) [11,10],  24 ms
 4) [10,8],  2152 ms
 5) [12,8],  25 ms
 6) [12,11],  1632 ms
 7) [13,11],  2725 ms
 8) [12,6],  3880 ms
 9) [11,7],  1538 ms
10) [14,10],  4239 ms
11) [10,5],  4479 ms
12) [9,4],  4103 ms
13) [8,7],  2285 ms
14) [10,7],  4859 ms
15) [9,6],  2075 ms
16) [7,8],  1667 ms
17) [9,8],  1979 ms
18) [7,6],  5008 ms
19) [10,9],  1973 ms
20) [13,10],  3471 ms
21) [14,11],  4706 ms
22) [7,7],  5003 ms
23) [7,5],  2527 ms
24) [9,5],  4317 ms
25) [6,8],  1885 ms
26) [6,6],  4768 ms
27) [8,5],  2627 ms
28) [8,6],  4997 ms
29) [8,8],  5048 ms
30) [10,4],  3651 ms
31) [11,3],  25 ms
32) [11,4],  5012 ms
33) [8,4],  2448 ms
34) [13,7],  341 ms
35) [11,5],  1395 ms
36) [13,4],  268 ms
37) [12,4],  31 ms
38) [15,8],  113 ms
39) [9,7],  1502 ms
40) [10,6],  25 ms
41) [9,10],  3458 ms
42) [9,9],  25 ms
43) [14,9],  27 ms
44) [13,6],  26 ms
45) [13,5],  25 ms
46) [12,5],  33 ms
47) [14,7],  92 ms
48) [11,6],  25 ms
49) [14,3],  25 ms
50) [14,6],  24 ms

pela 5.0 wins

pela 5.0:  1717 ms/turn
pela 5.0:  2295 ms/turn
