 0) [9,9],  24 ms
 1) [9,8],  23 ms
 2) [10,9],  24 ms
 3) [11,9],  23 ms
 4) [9,10],  2677 ms
 5) [8,11],  2407 ms
 6) [9,13],  5030 ms
 7) [9,12],  2415 ms
 8) [7,10],  4825 ms
 9) [8,10],  1876 ms
10) [8,13],  4997 ms
11) [7,13],  3410 ms
12) [9,14],  1571 ms
13) [10,15],  5009 ms
14) [6,14],  4128 ms
15) [8,14],  4987 ms
16) [6,12],  4999 ms
17) [6,11],  2849 ms
18) [9,11],  5003 ms
19) [8,15],  4290 ms
20) [11,15],  3268 ms
21) [11,13],  5041 ms
22) [13,11],  2197 ms
23) [13,12],  1597 ms
24) [11,14],  4433 ms
25) [14,13],  1999 ms
26) [12,11],  4364 ms
27) [11,11],  2271 ms
28) [11,12],  4321 ms
29) [10,13],  4999 ms
30) [13,13],  2740 ms
31) [14,12],  3889 ms
32) [15,12],  1804 ms
33) [7,14],  1853 ms
34) [7,15],  3949 ms
35) [9,17],  2511 ms
36) [10,17],  1928 ms
37) [4,12],  2402 ms
38) [14,11],  2402 ms
39) [13,10],  5026 ms
40) [15,11],  629 ms
41) [16,11],  24 ms
42) [10,14],  39 ms
43) [8,12],  3678 ms
44) [13,17],  29 ms
45) [12,16],  26 ms
46) [15,14],  26 ms
47) [15,13],  3355 ms
48) [13,14],  27 ms
49) [12,14],  30 ms
50) [12,13],  31 ms
51) [10,11],  25 ms
52) [13,16],  24 ms
53) [13,15],  24 ms
54) [14,15],  24 ms
55) [15,16],  24 ms
56) [12,17],  24 ms
57) [16,13],  24 ms
58) [11,18],  24 ms

pela 5.0 wins

pela 5.0:  2185 ms/turn
pela 5.0:  2278 ms/turn
