 0) [10,12],  26 ms
 1) [10,11],  26 ms
 2) [11,11],  24 ms
 3) [11,12],  26 ms
 4) [9,13],  25 ms
 5) [8,14],  29 ms
 6) [9,15],  5014 ms
 7) [12,10],  4995 ms
 8) [12,13],  4463 ms
 9) [8,13],  1962 ms
10) [7,14],  4963 ms
11) [9,14],  2187 ms
12) [8,15],  1597 ms
13) [10,15],  2806 ms
14) [11,16],  1826 ms
15) [6,13],  5040 ms
16) [7,12],  3564 ms
17) [10,10],  2846 ms
18) [13,10],  1826 ms
19) [8,12],  2711 ms
20) [8,10],  2385 ms
21) [11,13],  5008 ms
22) [11,9],  2064 ms
23) [11,8],  1969 ms
24) [10,17],  4998 ms
25) [9,16],  5032 ms
26) [11,17],  1767 ms
27) [12,15],  3468 ms
28) [13,9],  1605 ms
29) [13,11],  4651 ms
30) [8,9],  1836 ms
31) [7,10],  1930 ms
32) [7,9],  4359 ms
33) [9,11],  4275 ms
34) [8,8],  1453 ms
35) [8,7],  3020 ms
36) [10,6],  5029 ms
37) [6,10],  1428 ms
38) [6,14],  3651 ms
39) [14,10],  5011 ms
40) [12,12],  1408 ms
41) [8,17],  5005 ms
42) [7,18],  5008 ms
43) [7,11],  4994 ms
44) [8,11],  1840 ms
45) [9,7],  4170 ms
46) [10,7],  4998 ms
47) [10,9],  5024 ms
48) [11,10],  5039 ms
49) [11,18],  3091 ms
50) [13,6],  4997 ms
51) [11,6],  4565 ms
52) [6,6],  1547 ms
53) [13,8],  1886 ms
54) [12,8],  2913 ms
55) [9,5],  5002 ms
56) [9,4],  3085 ms
57) [6,9],  1889 ms
58) [5,9],  2671 ms
59) [7,7],  3030 ms
60) [6,7],  1428 ms
61) [5,6],  2836 ms
62) [5,10],  2544 ms
63) [5,8],  4984 ms
64) [3,6],  5003 ms
65) [7,5],  2848 ms
66) [6,5],  5047 ms
67) [6,4],  4322 ms
68) [8,6],  5006 ms
69) [12,17],  4745 ms
70) [12,16],  2166 ms
71) [9,6],  5022 ms
72) [10,5],  5006 ms
73) [10,4],  4999 ms
74) [12,5],  5001 ms
75) [13,5],  1705 ms
76) [6,18],  1621 ms
77) [7,15],  2255 ms
78) [4,16],  1589 ms
79) [5,15],  1713 ms
80) [5,16],  3391 ms
81) [6,12],  5041 ms
82) [6,11],  28 ms
83) [9,8],  5011 ms
84) [9,9],  24 ms
85) [6,17],  2820 ms
86) [5,18],  31 ms
87) [4,18],  3288 ms
88) [6,16],  26 ms
89) [7,16],  2017 ms
90) [3,15],  26 ms
91) [5,17],  4700 ms
92) [7,17],  24 ms
93) [8,16],  2368 ms
94) [3,16],  27 ms
95) [2,16],  25 ms
96) [3,18],  27 ms
97) [3,17],  24 ms
98) [4,17],  25 ms
99) [6,15],  24 ms
100) [2,15],  25 ms
101) [6,19],  25 ms
102) [1,14],  24 ms

pela 5.0 wins

pela 5.0:  2385 ms/turn
pela 5.0:  3095 ms/turn
