 0) [8,11],  24 ms
 1) [7,11],  24 ms
 2) [8,12],  24 ms
 3) [8,13],  25 ms
 4) [9,11],  2292 ms
 5) [10,10],  2288 ms
 6) [12,11],  4287 ms
 7) [11,11],  2167 ms
 8) [9,9],  4982 ms
 9) [9,10],  1738 ms
10) [12,10],  5002 ms
11) [12,9],  3577 ms
12) [11,9],  4996 ms
13) [13,11],  2479 ms
14) [10,11],  2527 ms
15) [6,11],  4343 ms
16) [6,10],  4994 ms
17) [5,13],  5000 ms
18) [6,13],  5015 ms
19) [5,12],  5002 ms
20) [5,10],  5001 ms
21) [4,10],  1978 ms
22) [7,10],  3609 ms
23) [6,9],  4555 ms
24) [4,12],  3299 ms
25) [8,8],  2565 ms
26) [6,12],  3288 ms
27) [11,13],  2079 ms
28) [12,12],  1956 ms
29) [12,13],  4560 ms
30) [10,13],  2306 ms
31) [9,12],  2906 ms
32) [4,15],  3007 ms
33) [5,14],  4999 ms
34) [5,15],  3980 ms
35) [6,15],  3465 ms
36) [7,14],  4604 ms
37) [3,13],  2658 ms
38) [3,14],  2418 ms
39) [7,15],  2159 ms
40) [11,7],  1852 ms
41) [10,8],  1942 ms
42) [12,8],  4999 ms
43) [13,9],  2124 ms
44) [7,16],  3338 ms
45) [6,14],  2400 ms
46) [8,16],  4679 ms
47) [9,16],  2506 ms
48) [11,14],  1755 ms
49) [3,11],  5003 ms
50) [6,8],  2334 ms
51) [9,14],  5013 ms
52) [10,15],  2782 ms
53) [3,9],  2253 ms
54) [3,10],  1829 ms
55) [10,6],  4939 ms
56) [10,7],  4473 ms
57) [10,12],  5020 ms
58) [9,13],  4997 ms
59) [12,7],  2411 ms
60) [4,11],  5037 ms
61) [4,13],  2087 ms
62) [1,13],  4473 ms
63) [2,13],  5002 ms
64) [11,15],  2908 ms
65) [10,14],  5038 ms
66) [4,16],  3225 ms
67) [5,16],  5002 ms
68) [11,16],  2739 ms
69) [11,17],  5012 ms
70) [10,16],  3640 ms
71) [12,15],  4525 ms
72) [13,12],  4945 ms
73) [13,6],  1798 ms
74) [10,9],  5014 ms
75) [11,10],  3884 ms
76) [13,8],  2076 ms
77) [7,9],  5006 ms
78) [11,5],  2110 ms
79) [11,6],  5040 ms
80) [12,6],  2024 ms
81) [14,8],  3204 ms
82) [2,11],  1788 ms
83) [13,15],  1830 ms
84) [14,16],  2485 ms
85) [1,12],  4997 ms
86) [4,9],  5036 ms
87) [15,9],  3037 ms
88) [14,9],  4997 ms
89) [15,7],  4641 ms
90) [5,8],  2646 ms
91) [6,7],  23 ms
92) [11,12],  2141 ms
93) [13,10],  23 ms
94) [15,12],  2107 ms
95) [14,12],  23 ms
96) [12,16],  2021 ms
97) [13,16],  23 ms
98) [15,10],  3726 ms
99) [15,4],  52 ms
100) [14,5],  2836 ms
101) [16,6],  29 ms
102) [17,5],  24 ms
103) [15,5],  28 ms
104) [16,11],  25 ms
105) [17,12],  24 ms
106) [15,6],  24 ms
107) [14,4],  27 ms
108) [17,7],  2490 ms
109) [13,4],  24 ms
110) [16,4],  23 ms
111) [13,3],  23 ms
112) [12,2],  24 ms
113) [13,5],  23 ms
114) [13,7],  23 ms
115) [13,2],  23 ms

pela 5.0 wins

pela 5.0:  2631 ms/turn
pela 5.0:  2952 ms/turn
