 0) [9,8],  25 ms
 1) [8,7],  23 ms
 2) [9,9],  24 ms
 3) [9,10],  23 ms
 4) [10,8],  4259 ms
 5) [8,8],  24 ms
 6) [8,11],  1643 ms
 7) [7,11],  3174 ms
 8) [8,6],  4472 ms
 9) [9,7],  2038 ms
10) [6,10],  2107 ms
11) [7,13],  5039 ms
12) [10,7],  1976 ms
13) [10,6],  1647 ms
14) [11,5],  4534 ms
15) [11,6],  1918 ms
16) [7,10],  5008 ms
17) [8,9],  2884 ms
18) [9,5],  2142 ms
19) [7,7],  3389 ms
20) [7,8],  3914 ms
21) [6,9],  2818 ms
22) [13,5],  2891 ms
23) [12,6],  1803 ms
24) [13,6],  23 ms
25) [12,5],  4990 ms
26) [11,3],  3568 ms
27) [12,2],  5009 ms
28) [12,4],  5009 ms
29) [14,6],  4157 ms
30) [13,4],  5007 ms
31) [13,3],  3573 ms
32) [11,2],  615 ms
33) [11,1],  4806 ms
34) [14,4],  26 ms
35) [15,4],  1364 ms
36) [10,2],  25 ms
37) [9,1],  25 ms
38) [13,7],  26 ms
39) [13,8],  24 ms
40) [10,1],  26 ms
41) [10,4],  24 ms
42) [12,3],  24 ms
43) [14,5],  25 ms
44) [9,0],  24 ms

pela 5.0 wins

pela 5.0:  2059 ms/turn
pela 5.0:  2217 ms/turn
