 0) [8,12],  26 ms
 1) [8,13],  25 ms
 2) [7,13],  26 ms
 3) [7,12],  25 ms
 4) [9,14],  24 ms
 5) [9,13],  25 ms
 6) [10,14],  25 ms
 7) [8,14],  26 ms
 8) [12,12],  26 ms
 9) [11,13],  5002 ms
10) [12,14],  3285 ms
11) [12,13],  2296 ms
12) [10,13],  26 ms
13) [10,12],  2222 ms
14) [7,15],  5008 ms
15) [7,16],  5003 ms
16) [6,14],  5022 ms
17) [5,15],  1520 ms
18) [11,10],  4741 ms
19) [9,11],  4996 ms
20) [12,9],  4203 ms
21) [13,10],  3893 ms
22) [12,7],  4998 ms
23) [14,7],  5028 ms
24) [10,9],  4991 ms
25) [11,9],  2176 ms
26) [11,8],  5050 ms
27) [9,10],  5029 ms
28) [12,10],  5017 ms
29) [12,8],  2711 ms
30) [9,9],  3108 ms
31) [13,14],  2384 ms
32) [10,11],  2313 ms
33) [10,10],  1907 ms
34) [13,7],  25 ms
35) [13,8],  2386 ms
36) [10,7],  2606 ms
37) [9,7],  2156 ms
38) [13,6],  37 ms
39) [14,5],  23 ms
40) [9,8],  42 ms
41) [8,7],  5000 ms
42) [11,6],  189 ms
43) [8,10],  5004 ms
44) [7,9],  25 ms
45) [8,9],  2649 ms
46) [9,6],  24 ms
47) [8,5],  25 ms
48) [13,4],  25 ms
49) [12,5],  25 ms
50) [10,6],  25 ms
51) [12,6],  25 ms
52) [13,5],  25 ms
53) [13,3],  25 ms
54) [10,5],  26 ms
55) [10,8],  24 ms
56) [8,6],  24 ms
57) [7,6],  24 ms
58) [9,4],  23 ms
59) [8,3],  29 ms
60) [10,4],  23 ms
61) [10,3],  25 ms
62) [11,4],  23 ms
63) [12,4],  23 ms
64) [11,5],  23 ms
65) [11,7],  24 ms
66) [11,3],  23 ms
67) [11,2],  23 ms
68) [9,5],  24 ms
69) [12,2],  23 ms
70) [7,7],  23 ms

pela 5.0 wins

pela 5.0:  1420 ms/turn
pela 5.0:  1765 ms/turn
