 0) [8,11],  26 ms
 1) [9,12],  25 ms
 2) [8,10],  24 ms
 3) [8,9],  25 ms
 4) [7,11],  1521 ms
 5) [6,11],  25 ms
 6) [6,9],  3835 ms
 7) [9,9],  2092 ms
 8) [9,8],  5006 ms
 9) [6,8],  3689 ms
10) [7,10],  5007 ms
11) [7,12],  2750 ms
12) [9,14],  5008 ms
13) [5,8],  4999 ms
14) [5,10],  1609 ms
15) [6,10],  1964 ms
16) [4,8],  4825 ms
17) [8,8],  2074 ms
18) [10,10],  3899 ms
19) [11,10],  3759 ms
20) [10,11],  2075 ms
21) [9,11],  2138 ms
22) [8,12],  3425 ms
23) [8,14],  4995 ms
24) [9,13],  4109 ms
25) [10,14],  1851 ms
26) [10,9],  1734 ms
27) [10,12],  4894 ms
28) [5,11],  2826 ms
29) [4,11],  4109 ms
30) [10,13],  1980 ms
31) [11,12],  1536 ms
32) [12,12],  2882 ms
33) [10,7],  5002 ms
34) [3,9],  1464 ms
35) [6,12],  2624 ms
36) [6,13],  1853 ms
37) [5,5],  1629 ms
38) [7,7],  3047 ms
39) [5,7],  1766 ms
40) [5,6],  3409 ms
41) [7,8],  2819 ms
42) [3,8],  1891 ms
43) [4,7],  5031 ms
44) [4,6],  4984 ms
45) [3,6],  5007 ms
46) [2,5],  5015 ms
47) [8,5],  3491 ms
48) [8,6],  5003 ms
49) [10,5],  4476 ms
50) [9,5],  2464 ms
51) [2,7],  1757 ms
52) [6,7],  2427 ms
53) [9,15],  5005 ms
54) [9,6],  5032 ms
55) [9,7],  1509 ms
56) [10,6],  5007 ms
57) [11,6],  2949 ms
58) [12,7],  5004 ms
59) [12,8],  4003 ms
60) [2,8],  4998 ms
61) [4,10],  2799 ms
62) [7,13],  4992 ms
63) [8,13],  23 ms
64) [8,15],  5012 ms
65) [7,16],  1582 ms
66) [7,17],  4996 ms
67) [0,8],  5002 ms
68) [5,13],  2026 ms
69) [5,12],  1353 ms
70) [4,12],  2532 ms
71) [3,11],  5017 ms
72) [5,15],  1677 ms
73) [6,14],  2330 ms
74) [5,17],  5002 ms
75) [3,13],  5000 ms
76) [3,14],  3253 ms
77) [5,16],  1886 ms
78) [7,14],  4999 ms
79) [9,16],  5010 ms
80) [3,15],  5001 ms
81) [2,14],  4985 ms
82) [3,7],  2295 ms
83) [11,8],  5018 ms
84) [11,9],  3838 ms
85) [11,3],  5037 ms
86) [13,13],  2758 ms
87) [14,14],  3696 ms
88) [8,16],  4999 ms
89) [8,18],  1607 ms
90) [13,11],  3688 ms
91) [11,13],  5025 ms
92) [11,14],  5023 ms
93) [1,8],  631 ms
94) [7,6],  3324 ms
95) [6,6],  23 ms
96) [8,7],  3006 ms
97) [6,5],  23 ms
98) [4,5],  4356 ms
99) [3,10],  271 ms
100) [2,9],  24 ms
101) [13,15],  41 ms
102) [12,14],  24 ms
103) [5,9],  5001 ms
104) [2,12],  23 ms
105) [15,13],  4390 ms
106) [12,16],  2080 ms
107) [12,15],  1127 ms
108) [14,15],  3853 ms
109) [16,12],  1956 ms
110) [17,11],  24 ms
111) [11,15],  2570 ms
112) [10,15],  24 ms
113) [1,9],  1020 ms
114) [14,11],  5003 ms
115) [12,13],  2796 ms
116) [15,11],  589 ms
117) [16,11],  24 ms
118) [16,10],  35 ms
119) [14,12],  29 ms
120) [13,10],  286 ms
121) [13,12],  2026 ms
122) [15,12],  29 ms
123) [16,13],  1383 ms
124) [15,10],  27 ms
125) [14,10],  25 ms
126) [15,9],  23 ms
127) [15,8],  25 ms
128) [14,8],  38 ms
129) [18,12],  72 ms
130) [13,7],  38 ms

pela 5.0 wins

pela 5.0:  2566 ms/turn
pela 5.0:  2822 ms/turn
