 0) [12,9],  23 ms
 1) [11,8],  23 ms
 2) [13,8],  23 ms
 3) [11,10],  24 ms
 4) [13,7],  37 ms
 5) [12,10],  23 ms
 6) [11,7],  23 ms
 7) [13,10],  23 ms
 8) [10,10],  2319 ms
 9) [12,7],  2289 ms
10) [14,10],  2272 ms
11) [12,8],  1791 ms
12) [10,8],  1619 ms
13) [12,6],  2503 ms
14) [14,9],  3173 ms
15) [14,11],  2287 ms
16) [14,7],  3419 ms
17) [15,9],  1583 ms
18) [13,5],  1322 ms
19) [13,6],  5027 ms
20) [14,6],  197 ms
21) [14,8],  25 ms
22) [14,5],  40 ms
23) [10,9],  1586 ms
24) [9,10],  23 ms
25) [16,5],  5035 ms
26) [14,3],  27 ms
27) [14,4],  88 ms
28) [12,5],  27 ms
29) [11,5],  25 ms
30) [15,7],  26 ms
31) [12,4],  25 ms
32) [16,8],  30 ms
33) [17,9],  29 ms
34) [13,4],  26 ms
35) [15,2],  24 ms
36) pbrain-pela:  I win !
36) [16,7],  26 ms
37) [17,7],  25 ms
38) [15,6],  25 ms
39) [17,8],  25 ms
40) [12,3],  24 ms

pela 5.0 wins

pela 5.0:  1123 ms/turn
pela 5.0:  700 ms/turn
