 0) [10,11],  24 ms
 1) [11,11],  23 ms
 2) [9,12],  30 ms
 3) [11,10],  24 ms
 4) [11,12],  3074 ms
 5) [9,10],  24 ms
 6) [12,10],  5014 ms
 7) [10,13],  4987 ms
 8) [13,12],  1730 ms
 9) [12,12],  2658 ms
10) [9,9],  5020 ms
11) [11,8],  5001 ms
12) [14,11],  2160 ms
13) [15,10],  4461 ms
14) [11,9],  2538 ms
15) [10,8],  2950 ms
16) [9,8],  5031 ms
17) [10,10],  1828 ms
18) [14,12],  3988 ms
19) [15,13],  1715 ms
20) [16,12],  1764 ms
21) [17,12],  1860 ms
22) [13,13],  5001 ms
23) [8,10],  1800 ms
24) [7,10],  26 ms
25) [10,9],  4793 ms
26) [12,7],  5006 ms
27) [15,11],  4997 ms
28) [15,12],  5010 ms
29) [12,9],  5015 ms
30) [10,7],  2735 ms
31) [8,9],  5039 ms
32) [8,11],  3417 ms
33) [14,13],  2110 ms
34) [8,7],  5001 ms
35) [9,6],  1899 ms
36) [13,11],  57 ms
37) [13,10],  3730 ms
38) [9,7],  65 ms
39) [11,7],  25 ms
40) [7,7],  83 ms
41) [6,7],  26 ms
42) [5,8],  31 ms
43) [6,9],  25 ms
44) [7,8],  31 ms
45) [7,9],  2450 ms
46) [6,8],  27 ms
47) [8,8],  26 ms
48) [5,9],  27 ms
49) [4,10],  5030 ms
50) [4,8],  27 ms
51) [3,8],  25 ms
52) [5,11],  28 ms
53) [5,10],  29 ms
54) [7,11],  27 ms
55) [6,11],  24 ms
56) [6,10],  25 ms
57) [8,12],  24 ms
58) [3,7],  24 ms

pela 5.0 wins

pela 5.0:  2158 ms/turn
pela 5.0:  1900 ms/turn
