 0) [8,10],  25 ms
 1) [9,10],  25 ms
 2) [7,11],  24 ms
 3) [9,9],  56 ms
 4) [9,11],  4074 ms
 5) [7,9],  24 ms
 6) [10,9],  2586 ms
 7) [8,12],  1764 ms
 8) [11,11],  1750 ms
 9) [10,11],  3455 ms
10) [7,8],  4995 ms
11) [9,7],  1545 ms
12) [12,10],  1632 ms
13) [13,9],  4366 ms
14) [9,8],  2621 ms
15) [8,7],  2724 ms
16) [7,7],  4155 ms
17) [8,9],  5006 ms
18) [12,11],  2910 ms
19) [13,12],  1520 ms
20) [14,11],  1899 ms
21) [15,11],  1874 ms
22) [11,12],  5035 ms
23) [6,9],  1884 ms
24) [5,9],  26 ms
25) [8,8],  4472 ms
26) [10,6],  3598 ms
27) [13,10],  5008 ms
28) [13,11],  4990 ms
29) [10,8],  5010 ms
30) [8,6],  4686 ms
31) [6,8],  4676 ms
32) [6,10],  1887 ms
33) [12,12],  2473 ms
34) [5,8],  2349 ms
35) [4,8],  3125 ms
36) [11,13],  115 ms
37) [11,14],  2161 ms
38) [14,12],  84 ms
39) [15,13],  3086 ms
40) [10,12],  89 ms
41) [12,14],  25 ms
42) [8,14],  39 ms
43) [9,13],  25 ms
44) [5,11],  33 ms
45) [5,10],  1947 ms
46) [6,11],  28 ms
47) [8,11],  26 ms
48) [6,12],  28 ms
49) [7,13],  2602 ms
50) [3,11],  24 ms
51) [4,11],  26 ms
52) [6,14],  25 ms
53) [6,13],  25 ms
54) [5,13],  27 ms
55) [4,14],  27 ms
56) [4,12],  24 ms
57) [7,15],  26 ms
58) [2,10],  24 ms

pela 5.0 wins

pela 5.0:  2033 ms/turn
pela 5.0:  1659 ms/turn
