 0) [9,8],  3297 ms
 1) [8,9],  25 ms
 2) [9,7],  25 ms
 3) [9,6],  26 ms
 4) [10,8],  4488 ms
 5) [8,8],  24 ms
 6) [7,4],  5069 ms
 7) [7,5],  3200 ms
 8) [8,10],  4968 ms
 9) [9,9],  2721 ms
10) [6,6],  2707 ms
11) [6,5],  2707 ms
12) [5,5],  2820 ms
13) [4,4],  2638 ms
14) [4,6],  3320 ms
15) [3,7],  4988 ms
16) [7,8],  1724 ms
17) [11,9],  2732 ms
18) [10,9],  4240 ms
19) [10,10],  1890 ms
20) [11,11],  1522 ms
21) [12,11],  2644 ms
22) [7,9],  4112 ms
23) [7,6],  4995 ms
24) [6,8],  2528 ms
25) [5,7],  25 ms
26) [4,3],  2928 ms
27) [10,12],  1839 ms
28) [12,8],  1821 ms
29) [13,8],  2725 ms
30) [10,13],  5000 ms
31) [6,9],  3112 ms
32) [4,7],  3836 ms
33) [13,12],  2958 ms
34) [12,12],  5008 ms
35) [13,6],  2817 ms
36) [10,6],  2391 ms
37) [12,7],  5014 ms
38) [10,5],  5019 ms
39) [10,7],  28 ms
40) [11,7],  2215 ms
41) [9,5],  5045 ms
42) [13,10],  5000 ms
43) [14,10],  3402 ms
44) [15,10],  5004 ms
45) [14,5],  36 ms
46) [15,4],  4836 ms
47) [13,5],  32 ms
48) [13,4],  3159 ms
49) [15,5],  45 ms
50) [16,5],  2522 ms
51) [13,7],  431 ms
52) [13,9],  24 ms
53) [11,5],  162 ms
54) [12,5],  24 ms
55) [10,4],  98 ms
56) [12,6],  2460 ms
57) [11,3],  32 ms
58) [12,2],  3658 ms
59) [12,4],  26 ms
60) [14,6],  1663 ms
61) [8,6],  27 ms
62) [7,7],  24 ms
63) [8,5],  27 ms
64) [8,7],  25 ms
65) [11,8],  25 ms
66) [12,9],  23 ms
67) [9,4],  25 ms
68) [10,3],  24 ms
69) [11,4],  24 ms
70) [8,4],  24 ms
71) [11,2],  24 ms
72) [11,6],  24 ms
73) [11,1],  23 ms

pela 5.0 wins

pela 5.0:  1529 ms/turn
pela 5.0:  2636 ms/turn
