 0) [12,10],  25 ms
 1) [13,10],  25 ms
 2) [12,11],  25 ms
 3) [12,12],  25 ms
 4) [13,13],  1736 ms
 5) [15,12],  2301 ms
 6) [14,11],  4243 ms
 7) [13,11],  1888 ms
 8) [14,13],  2052 ms
 9) [14,10],  2543 ms
10) [15,9],  3278 ms
11) [11,10],  1719 ms
12) [16,9],  3812 ms
13) [13,9],  5009 ms
14) [13,8],  2601 ms
15) [15,10],  2020 ms
16) [11,13],  3982 ms
17) [12,13],  3402 ms
18) [12,14],  4952 ms
19) [14,12],  3256 ms
20) [13,12],  4994 ms
21) [13,15],  1639 ms
22) [16,10],  3287 ms
23) [16,8],  3385 ms
24) [11,15],  1597 ms
25) [10,16],  5008 ms
26) [16,13],  5064 ms
27) [18,12],  4090 ms
28) [16,12],  3007 ms
29) [16,11],  23 ms
30) [15,13],  51 ms
31) [17,13],  23 ms
32) [11,14],  85 ms
33) [11,16],  2182 ms
34) [13,14],  38 ms
35) [14,14],  63 ms
36) [10,14],  24 ms
37) [9,14],  22 ms
38) [11,11],  29 ms
39) [11,12],  23 ms
40) [9,13],  26 ms
41) [12,16],  1651 ms
42) [10,12],  23 ms
43) [8,14],  23 ms
44) [8,12],  24 ms
45) [7,11],  23 ms
46) [9,11],  23 ms
47) [8,10],  23 ms
48) [10,11],  23 ms
49) [8,11],  23 ms
50) [10,10],  23 ms
51) [10,13],  23 ms
52) [7,13],  23 ms
53) [11,9],  25 ms
54) [6,14],  24 ms

pela 5.0 wins

pela 5.0:  1609 ms/turn
pela 5.0:  1497 ms/turn
