 0) [10,8],  24 ms
 1) [11,8],  24 ms
 2) [10,7],  25 ms
 3) [10,6],  23 ms
 4) [9,8],  1638 ms
 5) [8,9],  4359 ms
 6) [6,8],  2346 ms
 7) [7,8],  1587 ms
 8) [9,10],  3138 ms
 9) [9,9],  4860 ms
10) [7,9],  3354 ms
11) [5,7],  5000 ms
12) [5,6],  2905 ms
13) [8,7],  3792 ms
14) [8,6],  2068 ms
15) [7,7],  3134 ms
16) [6,7],  5044 ms
17) [6,6],  1657 ms
18) [8,8],  4997 ms
19) [11,9],  1557 ms
20) [11,7],  2338 ms
21) [12,7],  1986 ms
22) [10,9],  1828 ms
23) [6,10],  3584 ms
24) [5,10],  5024 ms
25) [10,12],  4356 ms
26) [7,4],  3105 ms
27) [10,10],  5030 ms
28) [9,11],  4999 ms
29) [8,5],  5015 ms
30) [10,5],  3337 ms
31) [8,3],  4779 ms
32) [13,5],  1626 ms
33) [14,4],  4997 ms
34) [4,9],  5000 ms
35) [3,8],  4708 ms
36) [8,11],  5005 ms
37) [7,12],  5000 ms
38) [8,4],  2398 ms
39) [6,4],  4993 ms
40) [6,12],  2285 ms
41) [7,11],  2426 ms
42) [8,12],  2686 ms
43) [4,10],  1681 ms
44) [9,12],  5001 ms
45) [9,13],  5000 ms
46) [11,11],  3329 ms
47) [12,11],  4999 ms
48) [9,4],  3492 ms
49) [10,4],  2824 ms
50) [6,14],  1856 ms
51) [8,14],  5001 ms
52) [6,13],  5001 ms
53) [7,15],  3185 ms
54) [6,16],  24 ms
55) [6,15],  25 ms
56) [7,14],  2959 ms
57) [5,12],  4994 ms
58) [4,15],  1564 ms
59) [5,15],  4999 ms
60) [8,15],  3726 ms
61) [9,16],  1691 ms
62) [3,16],  3697 ms
63) [2,17],  2245 ms
64) [3,15],  4543 ms
65) [4,16],  4117 ms
66) [5,8],  3511 ms
67) [3,10],  3193 ms
68) [3,14],  36 ms
69) [3,13],  5028 ms
70) [4,14],  62 ms
71) [5,14],  25 ms
72) [3,17],  35 ms
73) [3,18],  25 ms
74) [5,13],  26 ms
75) [2,16],  30 ms
76) [3,9],  1968 ms
77) [6,9],  1738 ms
78) [4,13],  2988 ms
79) [13,6],  1762 ms
80) [4,12],  3082 ms
81) [4,11],  25 ms
82) [8,13],  1968 ms
83) [7,13],  25 ms
84) [12,6],  4986 ms
85) [14,5],  5001 ms
86) [15,4],  24 ms
87) [14,7],  5007 ms
88) [14,6],  3334 ms
89) [15,8],  1778 ms
90) [12,5],  3160 ms
91) [9,5],  4994 ms
92) [16,7],  2146 ms
93) [13,4],  5014 ms
94) [11,4],  1567 ms
95) [12,4],  2927 ms
96) [13,3],  5004 ms
97) [14,9],  1454 ms
98) [3,11],  2824 ms
99) [2,10],  25 ms
100) [11,10],  5025 ms
101) [10,11],  27 ms
102) [15,10],  3853 ms
103) [9,15],  4062 ms
104) [10,16],  4998 ms
105) [10,15],  3453 ms
106) [11,14],  2051 ms
107) [10,13],  2965 ms
108) [10,14],  24 ms
109) [9,18],  2539 ms
110) [9,17],  5000 ms
111) [12,14],  2178 ms
112) [13,10],  1512 ms
113) [5,5],  1857 ms
114) [4,6],  5001 ms
115) [14,10],  1594 ms
116) [14,11],  4994 ms
117) [13,2],  1374 ms
118) [6,5],  2838 ms
119) [13,12],  709 ms
120) [12,13],  2132 ms
121) [7,3],  393 ms
122) [8,2],  2116 ms
123) [5,16],  527 ms
124) [5,17],  3644 ms
125) [16,8],  937 ms
126) [16,9],  5031 ms
127) [15,12],  368 ms
128) [15,9],  2625 ms
129) [14,13],  649 ms
130) [16,11],  4999 ms
131) [17,11],  656 ms
132) [16,12],  5000 ms
133) [16,13],  563 ms
134) [15,14],  2039 ms
135) [12,15],  539 ms
136) [13,15],  5024 ms
137) [2,18],  446 ms
138) [2,19],  5031 ms
139) [4,18],  110 ms
140) [1,18],  1429 ms
141) [5,3],  261 ms
142) [6,3],  1344 ms
143) [4,4],  254 ms
144) [3,3],  24 ms
145) [14,2],  120 ms
146) [11,2],  4034 ms
147) [9,2],  241 ms
148) [4,2],  1786 ms
149) [11,3],  209 ms
150) [4,17],  1480 ms
151) [2,9],  191 ms
152) [1,8],  24 ms
153) [5,18],  164 ms
154) [6,18],  25 ms
155) [2,4],  75 ms
156) [3,6],  5023 ms
157) [3,4],  111 ms
158) [5,4],  25 ms
159) [4,5],  100 ms
160) [2,15],  5001 ms
161) [1,14],  36 ms
162) [13,14],  5020 ms
163) [12,2],  84 ms
164) [13,1],  25 ms
165) [1,16],  94 ms
166) [3,5],  5009 ms
167) [2,6],  94 ms
168) [1,10],  5036 ms
169) [11,12],  42 ms
170) [14,3],  5033 ms
171) [0,15],  30 ms
172) [4,19],  24 ms
173) [17,8],  38 ms
174) [18,8],  3164 ms
175) [8,0],  25 ms
176) [14,14],  4180 ms
177) [17,13],  30 ms
178) [15,13],  3914 ms
179) [12,16],  25 ms
180) [17,12],  5023 ms
181) [16,14],  25 ms
182) [15,15],  2924 ms
183) [15,16],  25 ms
184) [3,2],  2757 ms
185) [4,3],  25 ms
186) [2,5],  4994 ms
187) [16,16],  27 ms
188) [16,17],  5005 ms
189) [17,14],  26 ms
190) [19,16],  1610 ms
191) [1,4],  27 ms
192) [0,4],  24 ms
193) [5,2],  27 ms
194) [7,0],  5004 ms
195) [19,14],  27 ms
196) [18,7],  5014 ms
197) [17,9],  27 ms
198) [17,6],  4990 ms
199) [16,5],  25 ms
200) [13,8],  5005 ms
201) [16,2],  32 ms
202) [15,2],  24 ms
203) [8,17],  25 ms
204) [7,16],  22 ms
205) [15,3],  25 ms
206) [13,17],  4141 ms
207) [13,16],  24 ms
208) [14,16],  25 ms
209) [12,18],  27 ms
210) [12,17],  25 ms
211) [17,15],  26 ms
212) [1,12],  2958 ms
213) [0,11],  27 ms
214) [15,17],  4783 ms
215) [14,17],  24 ms
216) [16,15],  5016 ms
217) [10,17],  26 ms
218) [6,19],  5000 ms
219) [18,5],  26 ms
220) [17,5],  5004 ms
221) [18,3],  26 ms
222) [18,4],  5053 ms
223) [17,4],  24 ms
224) [15,6],  23 ms
225) [16,6],  23 ms
226) [10,2],  5006 ms
227) [1,9],  26 ms
228) [0,2],  2564 ms
229) [1,2],  26 ms
230) [2,3],  5035 ms
231) [18,10],  26 ms
232) [10,3],  4351 ms
233) [12,1],  31 ms
234) [2,8],  5000 ms
235) [16,18],  26 ms
236) [3,12],  5000 ms
237) [2,11],  26 ms
238) [14,12],  5006 ms
239) [13,7],  26 ms
240) [2,13],  26 ms
241) [0,14],  25 ms
242) [17,17],  5001 ms
243) [18,17],  25 ms
244) [0,13],  3429 ms
245) [19,11],  26 ms
246) [15,7],  24 ms
247) [15,18],  26 ms
248) [16,19],  24 ms
249) [7,17],  26 ms
250) [17,10],  26 ms
251) [0,12],  25 ms
252) [17,1],  25 ms
253) [13,13],  26 ms
254) [13,18],  25 ms
255) [18,18],  25 ms
256) [17,18],  25 ms
257) [0,3],  25 ms
258) [16,3],  25 ms
259) [3,19],  24 ms
260) [8,19],  23 ms
261) [12,0],  23 ms
262) [12,3],  24 ms
263) [7,19],  23 ms
264) [7,1],  24 ms
265) [18,1],  23 ms
266) [19,13],  24 ms
267) [12,10],  23 ms
268) [12,9],  23 ms
269) [0,16],  23 ms
270) [0,18],  23 ms
271) [10,18],  23 ms
272) [11,18],  23 ms
273) [0,10],  23 ms
274) [0,9],  23 ms
275) [1,13],  24 ms
276) [1,15],  23 ms
277) [1,3],  23 ms
278) [1,1],  23 ms
279) [11,0],  23 ms
280) [1,6],  23 ms
281) [13,0],  24 ms
282) [10,0],  24 ms
283) [8,1],  23 ms
284) [19,7],  25 ms
285) [17,7],  25 ms
286) [14,0],  23 ms
287) [18,16],  23 ms
288) [18,15],  25 ms
289) [16,1],  27 ms
290) [19,4],  24 ms
291) [19,5],  27 ms
292) [9,1],  27 ms
293) [11,17],  23 ms
294) [3,7],  28 ms
295) [11,1],  23 ms
296) [14,19],  24 ms
297) [15,19],  22 ms
298) [0,17],  23 ms
299) [2,0],  23 ms
300) [1,0],  23 ms
301) [4,1],  23 ms
302) [9,0],  23 ms
303) [17,19],  23 ms
304) [18,19],  23 ms
305) [0,1],  23 ms
306) [0,19],  23 ms
307) [0,0],  23 ms
308) [19,19],  23 ms
309) [19,17],  26 ms
310) [19,15],  23 ms
311) [0,7],  23 ms
312) [0,6],  24 ms
313) [0,5],  25 ms
314) [0,8],  23 ms
315) [17,0],  23 ms
316) [19,1],  23 ms
317) [19,2],  23 ms
318) [19,3],  23 ms
319) [12,19],  23 ms
320) [10,19],  23 ms
321) [9,19],  23 ms
322) [13,19],  23 ms
323) [6,1],  22 ms
324) [3,1],  24 ms
325) [5,1],  23 ms
326) [15,0],  22 ms
327) [18,0],  23 ms
328) [19,0],  24 ms
329) [16,0],  23 ms
330) [19,6],  23 ms
331) [19,8],  23 ms
332) [19,12],  23 ms
333) [19,9],  22 ms
334) [19,10],  23 ms
335) [19,18],  23 ms
336) [1,19],  23 ms
337) [5,19],  23 ms
338) [11,19],  23 ms
339) [17,3],  23 ms
340) [7,18],  23 ms
341) [13,9],  23 ms
342) [7,10],  23 ms
343) [2,1],  23 ms
344) [4,8],  23 ms
345) [12,12],  24 ms
346) [4,0],  23 ms
347) [5,0],  23 ms
348) [6,0],  22 ms
349) [3,0],  23 ms
350) [11,15],  23 ms
351) [16,10],  23 ms
352) [17,2],  23 ms
353) [7,6],  23 ms
354) [9,7],  23 ms
355) [16,4],  23 ms
356) [6,2],  22 ms
357) [6,11],  23 ms
358) [14,1],  23 ms
359) [2,12],  35 ms
360) [1,7],  44 ms
361) [11,6],  30 ms
362) [7,2],  24 ms
363) [11,5],  23 ms
364) [8,16],  28 ms
365) [12,8],  23 ms
366) [11,13],  23 ms
367) [2,14],  24 ms
368) [15,1],  23 ms
369) [2,2],  22 ms
370) [1,11],  23 ms
371) [4,7],  23 ms
372) [8,18],  23 ms
373) [5,9],  23 ms
374) [1,17],  23 ms

It's a draw!

pela 5.0:  974 ms/turn
pela 5.0:  2010 ms/turn
