 0) [11,9],  26 ms
 1) [11,10],  25 ms
 2) [10,10],  26 ms
 3) [10,9],  26 ms
 4) [12,11],  25 ms
 5) [12,10],  26 ms
 6) [13,11],  26 ms
 7) [11,11],  25 ms
 8) [15,9],  26 ms
 9) [14,10],  2622 ms
10) [15,11],  5055 ms
11) [15,10],  4992 ms
12) [13,10],  25 ms
13) [13,9],  2402 ms
14) [10,12],  1833 ms
15) [10,13],  2196 ms
16) [9,11],  5033 ms
17) [8,12],  1605 ms
18) [14,7],  4995 ms
19) [12,8],  5008 ms
20) [12,7],  4818 ms
21) [16,11],  5019 ms
22) [13,6],  1563 ms
23) [15,8],  5005 ms
24) [14,8],  2648 ms
25) [14,5],  5042 ms
26) [12,6],  4840 ms
27) [13,7],  1573 ms
28) [11,6],  253 ms
29) [14,6],  4999 ms
30) [10,6],  37 ms
31) [9,6],  31 ms
32) [12,5],  33 ms
33) [15,5],  31 ms
34) [16,4],  25 ms
35) [12,4],  27 ms
36) [10,3],  27 ms
37) [11,4],  24 ms
38) [10,5],  26 ms
39) [9,4],  29 ms
40) [10,4],  26 ms
41) [10,7],  24 ms
42) [10,2],  57 ms

pela 5.0 wins

pela 5.0:  1428 ms/turn
pela 5.0:  1939 ms/turn
