 0) [11,12],  25 ms
 1) [11,11],  24 ms
 2) [12,11],  25 ms
 3) [12,12],  39 ms
 4) [13,13],  25 ms
 5) [12,13],  25 ms
 6) [13,14],  25 ms
 7) [13,12],  25 ms
 8) [11,16],  51 ms
 9) [12,15],  1783 ms
10) [13,16],  4227 ms
11) [12,16],  2805 ms
12) [12,14],  25 ms
13) [11,14],  5021 ms
14) [14,11],  5005 ms
15) [15,11],  4951 ms
16) [13,10],  5005 ms
17) [14,9],  5035 ms
18) [9,15],  5024 ms
19) [9,14],  2288 ms
20) [13,15],  2866 ms
21) [13,17],  25 ms
22) [10,16],  3790 ms
23) [11,15],  1964 ms
24) [14,18],  2511 ms
25) [14,16],  2428 ms
26) [9,13],  2433 ms
27) [7,13],  5003 ms
28) [10,15],  3414 ms
29) [15,12],  2189 ms
30) [15,9],  1690 ms
31) [16,12],  120 ms
32) [14,12],  25 ms
33) [15,14],  58 ms
34) [15,13],  2648 ms
35) [16,14],  28 ms
36) [17,13],  5001 ms
37) [16,13],  26 ms
38) [16,11],  2343 ms
39) [17,14],  24 ms
40) [18,14],  25 ms
41) [15,15],  23 ms
42) [12,18],  24 ms
43) [16,15],  23 ms
44) [16,16],  24 ms
45) [18,15],  73 ms
46) [19,16],  23 ms
47) [17,15],  24 ms
48) [19,15],  24 ms
49) [14,15],  29 ms

pela 5.0 wins

pela 5.0:  1361 ms/turn
pela 5.0:  1851 ms/turn
