 0) [11,11],  24 ms
 1) [10,12],  25 ms
 2) [12,12],  24 ms
 3) [10,10],  24 ms
 4) [12,13],  25 ms
 5) [11,10],  24 ms
 6) [10,13],  25 ms
 7) [12,10],  24 ms
 8) [9,10],  5002 ms
 9) [11,13],  1955 ms
10) [13,10],  5014 ms
11) [11,12],  4872 ms
12) [9,12],  1566 ms
13) [11,14],  1829 ms
14) [13,11],  2386 ms
15) [13,9],  2282 ms
16) [13,13],  3258 ms
17) [14,11],  4995 ms
18) [12,15],  1323 ms
19) [12,14],  5007 ms
20) [13,14],  175 ms
21) [13,12],  25 ms
22) [13,15],  45 ms
23) [9,11],  5004 ms
24) [8,10],  24 ms
25) [15,15],  3904 ms
26) [13,17],  26 ms
27) [13,16],  25 ms
28) [11,15],  26 ms
29) [10,15],  25 ms
30) [14,13],  25 ms
31) [11,16],  25 ms
32) [15,12],  25 ms
33) [16,11],  25 ms
34) [12,16],  25 ms
35) [14,18],  25 ms
36) [15,13],  24 ms
37) [16,13],  46 ms
38) [14,14],  24 ms
39) [16,12],  25 ms
40) [11,17],  24 ms

pela 5.0 wins

pela 5.0:  1508 ms/turn
pela 5.0:  909 ms/turn
