 0) [10,8],  23 ms
 1) [11,8],  23 ms
 2) [10,9],  23 ms
 3) [10,10],  22 ms
 4) [9,8],  3024 ms
 5) [8,7],  1838 ms
 6) [6,8],  4995 ms
 7) [7,8],  1984 ms
 8) [9,6],  4042 ms
 9) [9,7],  1824 ms
10) [7,7],  3548 ms
11) [5,9],  3019 ms
12) [5,10],  2446 ms
13) [8,9],  3462 ms
14) [8,10],  2214 ms
15) [7,9],  2863 ms
16) [6,9],  4651 ms
17) [6,10],  1704 ms
18) [8,8],  5007 ms
19) [6,6],  3175 ms
20) [7,11],  3031 ms
21) [9,9],  5013 ms
22) [8,11],  2045 ms
23) [7,12],  2410 ms
24) [10,6],  4983 ms
25) [12,7],  5015 ms
26) [6,7],  5026 ms
27) [6,12],  3521 ms
28) [5,12],  4413 ms
29) [9,11],  5005 ms
30) [7,13],  1713 ms
31) [4,11],  2558 ms
32) [13,7],  5010 ms
33) [10,5],  2856 ms
34) [11,7],  4946 ms
35) [9,5],  3219 ms
36) [12,6],  2370 ms
37) [11,6],  4426 ms
38) [9,4],  4995 ms
39) [14,8],  1762 ms
40) [13,9],  2561 ms
41) [13,5],  2122 ms
42) [11,5],  4043 ms
43) [9,3],  3358 ms
44) [13,10],  2935 ms
45) [13,8],  5009 ms
46) [14,9],  23 ms
47) [14,10],  2569 ms
48) [16,8],  4716 ms
49) [12,9],  5019 ms
50) [10,11],  4998 ms
51) [16,7],  2943 ms
52) [12,8],  2847 ms
53) [11,12],  2938 ms
54) [14,5],  3178 ms
55) [11,3],  2705 ms
56) [10,2],  2082 ms
57) [8,5],  1819 ms
58) [7,5],  5011 ms
59) [5,11],  4993 ms
60) [5,15],  4999 ms
61) [4,16],  5000 ms
62) [4,12],  3302 ms
63) [15,5],  2869 ms
64) [12,2],  2854 ms
65) [9,2],  3309 ms
66) [12,12],  3129 ms
67) [4,8],  5006 ms
68) [3,7],  3470 ms
69) [4,7],  1766 ms
70) [4,10],  5035 ms
71) [9,12],  2632 ms
72) [9,13],  2896 ms
73) [8,13],  2011 ms
74) [10,12],  5028 ms
75) [8,3],  5039 ms
76) [10,3],  4540 ms
77) [15,6],  5008 ms
78) [14,7],  4608 ms
79) [16,6],  5001 ms
80) [15,7],  1390 ms
81) [17,9],  5001 ms
82) [17,6],  5017 ms
83) [16,4],  4999 ms
84) [16,3],  5031 ms
85) [17,2],  5001 ms
86) [18,2],  4182 ms
87) [15,3],  5006 ms
88) [15,2],  2080 ms
89) [14,2],  2567 ms
90) [17,5],  1852 ms
91) [17,4],  3494 ms
92) [14,4],  1975 ms
93) [3,15],  1607 ms
94) [5,5],  5001 ms
95) [2,8],  3639 ms
96) [4,6],  2340 ms
97) [3,16],  3141 ms
98) [14,3],  3162 ms
99) [14,6],  25 ms
100) [6,4],  2589 ms
101) [7,3],  26 ms
102) [12,10],  5000 ms
103) [11,11],  55 ms
104) [2,16],  5008 ms
105) [12,0],  32 ms
106) [13,1],  33 ms
107) [7,4],  44 ms
108) [10,1],  5000 ms
109) [8,4],  23 ms
110) [8,6],  23 ms
111) [5,6],  24 ms
112) [6,5],  23 ms
113) [8,2],  24 ms
114) [8,1],  23 ms
115) [5,3],  24 ms
116) [6,3],  23 ms
117) [6,2],  23 ms
118) [5,1],  23 ms
119) [7,2],  25 ms
120) [5,2],  23 ms
121) [7,1],  24 ms
122) [7,0],  23 ms
123) [4,4],  23 ms
124) [8,0],  23 ms
125) [3,5],  24 ms

pela 5.0 wins

pela 5.0:  2566 ms/turn
pela 5.0:  3025 ms/turn
