 0) [10,10],  24 ms
 1) [11,11],  24 ms
 2) [11,9],  24 ms
 3) [9,11],  23 ms
 4) [12,9],  24 ms
 5) [9,10],  24 ms
 6) [12,11],  24 ms
 7) [9,9],  24 ms
 8) [9,12],  4720 ms
 9) [12,10],  3090 ms
10) [9,8],  2481 ms
11) [11,10],  5002 ms
12) [11,12],  5031 ms
13) [13,10],  1957 ms
14) [10,8],  2213 ms
15) [8,8],  2618 ms
16) [12,8],  3642 ms
17) [10,7],  1632 ms
18) [14,9],  1420 ms
19) [13,9],  5019 ms
20) [13,8],  196 ms
21) [11,8],  24 ms
22) [14,8],  38 ms
23) [10,12],  5016 ms
24) [9,13],  24 ms
25) [14,6],  5006 ms
26) [16,8],  25 ms
27) [15,8],  24 ms
28) [14,10],  25 ms
29) [14,11],  24 ms
30) [12,7],  25 ms
31) [15,10],  24 ms
32) [11,6],  25 ms
33) [10,5],  23 ms
34) [15,9],  25 ms
35) [17,7],  24 ms
36) [12,6],  24 ms
37) [12,5],  23 ms
38) [13,7],  24 ms
39) [16,10],  24 ms
40) [11,5],  24 ms

pela 5.0 wins

pela 5.0:  955 ms/turn
pela 5.0:  1481 ms/turn
