 0) [9,8],  1552 ms
 1) [8,8],  250 ms
 2) [10,9],  28 ms
 3) [8,7],  25 ms
 4) [8,6],  3086 ms
 5) [10,8],  4996 ms
 6) [9,10],  4314 ms
 7) [8,11],  3403 ms
 8) [7,10],  5003 ms
 9) [6,11],  1850 ms
10) [8,10],  4994 ms
11) [10,10],  3275 ms
12) [7,11],  5007 ms
13) [9,9],  1682 ms
14) [11,11],  2454 ms
15) [6,10],  5039 ms
16) [7,9],  2670 ms
17) [7,8],  2465 ms
18) [6,9],  1747 ms
19) [7,12],  1888 ms
20) [11,8],  2523 ms
21) [11,9],  5002 ms
22) [10,7],  4999 ms
23) [8,9],  4823 ms
24) [12,9],  127 ms
25) [13,10],  3727 ms
26) [9,6],  84 ms
27) [8,5],  24 ms
28) [11,6],  34 ms
29) [12,6],  1618 ms
30) [12,7],  41 ms
31) [13,6],  24 ms
32) [13,8],  35 ms
33) [10,5],  5011 ms
34) [11,7],  51 ms
35) [13,7],  5012 ms
36) [12,8],  25 ms
37) [10,6],  25 ms
38) pbrain-pela:  I win !
38) [14,9],  24 ms
39) [15,10],  24 ms
40) [12,5],  25 ms
41) [13,4],  24 ms
42) [11,5],  25 ms
43) [11,4],  24 ms
44) [12,11],  37 ms
45) [12,10],  39 ms
46) [11,10],  48 ms
47) [13,12],  25 ms
48) [10,11],  24 ms
49) [14,7],  24 ms
50) [9,12],  24 ms

pela 5.0 wins

pela 5.0:  1499 ms/turn
pela 5.0:  2011 ms/turn
