 0) [8,11],  24 ms
 1) [8,10],  25 ms
 2) [9,12],  24 ms
 3) [7,10],  25 ms
 4) [9,10],  5007 ms
 5) [7,12],  25 ms
 6) [7,9],  2290 ms
 7) [10,11],  1877 ms
 8) [9,8],  2333 ms
 9) [9,9],  3359 ms
10) [6,12],  5028 ms
11) [5,10],  1556 ms
12) [8,7],  5007 ms
13) [7,6],  4807 ms
14) [6,10],  3246 ms
15) [5,11],  2026 ms
16) [5,12],  5000 ms
17) [7,11],  1664 ms
18) [9,7],  1905 ms
19) [10,6],  1443 ms
20) [9,5],  5001 ms
21) [9,4],  5020 ms
22) [10,8],  5010 ms
23) [7,14],  3759 ms
24) [7,13],  23 ms
25) [8,6],  2168 ms
26) [9,6],  5010 ms
27) [11,8],  5000 ms
28) [10,5],  29 ms
29) [7,8],  3700 ms
30) [12,5],  26 ms
31) [11,5],  24 ms
32) [10,7],  24 ms
33) [11,7],  24 ms
34) [11,6],  24 ms
35) [13,4],  23 ms
36) [8,9],  25 ms

pela 5.0 wins

pela 5.0:  2370 ms/turn
pela 5.0:  2029 ms/turn
