 0) [9,9],  25 ms
 1) [8,10],  24 ms
 2) [9,8],  25 ms
 3) [9,7],  25 ms
 4) [10,9],  2649 ms
 5) [8,9],  25 ms
 6) [7,5],  5000 ms
 7) [7,6],  3103 ms
 8) [8,11],  5007 ms
 9) [9,10],  2245 ms
10) [6,7],  2625 ms
11) [6,5],  2716 ms
12) [6,6],  4992 ms
13) [5,7],  1976 ms
14) [7,9],  1903 ms
15) [6,9],  4996 ms
16) [5,4],  5001 ms
17) [5,3],  2328 ms
18) [4,4],  3141 ms
19) [3,4],  5000 ms
20) [4,5],  3643 ms
21) [12,11],  2300 ms
22) [9,11],  1688 ms
23) [10,11],  4995 ms
24) [11,12],  2043 ms
25) [8,8],  2505 ms
26) [8,7],  2849 ms
27) [6,4],  3924 ms
28) [8,12],  2432 ms
29) [7,13],  1592 ms
30) [9,12],  1703 ms
31) [10,12],  4015 ms
32) [11,14],  1830 ms
33) [10,13],  4998 ms
34) [10,14],  3514 ms
35) [11,15],  5002 ms
36) [7,10],  2222 ms
37) [7,11],  3227 ms
38) [11,13],  5005 ms
39) [12,14],  4223 ms
40) [12,10],  1805 ms
41) [11,9],  4145 ms
42) [12,13],  3944 ms
43) [12,12],  3393 ms
44) [10,5],  1904 ms
45) [6,3],  5010 ms
46) [6,2],  4999 ms
47) [6,12],  5001 ms
48) [8,14],  5000 ms
49) [8,15],  1548 ms
50) [5,13],  2318 ms
51) [9,14],  4978 ms
52) [10,15],  4402 ms
53) [9,16],  5005 ms
54) [10,16],  3973 ms
55) [10,17],  3130 ms
56) [7,14],  5007 ms
57) [11,11],  5000 ms
58) [11,18],  3455 ms
59) [13,12],  2882 ms
60) [13,11],  5007 ms
61) [13,13],  2443 ms
62) [14,14],  3116 ms
63) [14,12],  3479 ms
64) [15,11],  24 ms
65) [6,15],  2821 ms
66) [6,17],  5009 ms
67) [8,17],  2642 ms
68) [9,17],  4575 ms
69) [11,5],  3028 ms
70) [7,3],  1425 ms
71) [8,4],  4416 ms
72) [10,6],  1646 ms
73) [10,8],  2366 ms
74) [14,15],  3083 ms
75) [15,16],  5007 ms
76) [15,14],  4771 ms
77) [15,13],  4996 ms
78) [5,14],  1532 ms
79) [6,14],  4813 ms
80) [6,13],  2794 ms
81) [4,15],  2609 ms
82) [16,12],  4042 ms
83) [16,13],  1777 ms
84) [5,15],  4997 ms
85) [5,12],  5000 ms
86) [7,2],  2406 ms
87) [8,2],  4434 ms
88) [8,5],  4400 ms
89) [18,14],  1623 ms
90) [18,13],  4997 ms
91) [3,3],  1361 ms
92) [3,1],  4998 ms
93) [11,4],  1633 ms
94) [10,4],  2158 ms
95) [10,3],  3741 ms
96) [8,3],  2454 ms
97) [9,4],  3203 ms
98) [5,17],  4258 ms
99) [5,16],  23 ms
100) [11,2],  5000 ms
101) [3,12],  1635 ms
102) [4,12],  2072 ms
103) [4,3],  893 ms
104) [2,3],  23 ms
105) [3,6],  977 ms
106) [7,4],  4995 ms
107) [7,1],  23 ms
108) [13,16],  24 ms
109) [12,17],  24 ms
110) [3,2],  89 ms
111) [5,10],  149 ms
112) [2,13],  5003 ms
113) [2,5],  51 ms
114) [5,2],  4997 ms
115) [4,2],  22 ms
116) [5,11],  34 ms
117) [3,7],  23 ms
118) [3,5],  23 ms
119) [4,11],  23 ms
120) [7,8],  23 ms
121) [4,7],  23 ms
122) [5,8],  24 ms
123) [1,6],  23 ms
124) [0,7],  24 ms
125) [1,4],  23 ms
126) [0,3],  23 ms
127) [1,7],  24 ms
128) [2,7],  24 ms
129) [1,5],  23 ms
130) [1,8],  23 ms
131) [1,3],  23 ms

pela 5.0 wins

pela 5.0:  2495 ms/turn
pela 5.0:  2790 ms/turn
