 0) [9,12],  25 ms
 1) [10,12],  24 ms
 2) [9,11],  24 ms
 3) [9,10],  28 ms
 4) [8,12],  2762 ms
 5) [7,13],  5035 ms
 6) [5,12],  3316 ms
 7) [6,12],  1983 ms
 8) [8,14],  4700 ms
 9) [8,13],  1775 ms
10) [6,13],  4304 ms
11) [4,11],  3239 ms
12) [4,10],  2831 ms
13) [7,11],  4656 ms
14) [7,10],  3041 ms
15) [6,11],  4155 ms
16) [5,11],  1731 ms
17) [5,10],  2338 ms
18) [7,12],  1487 ms
19) [10,13],  1596 ms
20) [10,11],  2228 ms
21) [11,11],  1737 ms
22) [9,13],  1662 ms
23) [5,14],  2566 ms
24) [4,14],  5006 ms
25) [9,16],  2650 ms
26) [6,8],  2694 ms
27) [9,14],  2990 ms
28) [8,15],  4992 ms
29) [7,9],  5002 ms
30) [9,9],  2165 ms
31) [7,7],  2426 ms
32) [12,9],  4354 ms
33) [13,8],  3621 ms
34) [3,13],  5001 ms
35) [2,12],  5000 ms
36) [7,15],  5016 ms
37) [6,16],  2020 ms
38) [8,7],  4996 ms
39) [8,17],  3184 ms
40) [10,15],  1531 ms
41) [9,15],  2777 ms
42) [7,16],  1905 ms
43) [14,8],  4723 ms
44) [13,9],  5004 ms
45) [11,9],  4265 ms
46) [11,8],  2766 ms
47) [9,6],  2261 ms
48) [3,12],  1890 ms
49) [3,15],  1929 ms
50) [12,8],  3308 ms
51) [12,7],  2672 ms
52) [11,6],  1923 ms
53) [11,7],  5012 ms
54) [9,17],  1501 ms
55) [12,10],  3120 ms
56) [13,11],  2385 ms
57) [9,7],  5010 ms
58) [10,7],  1604 ms
59) [9,8],  1758 ms
60) [9,5],  5004 ms
61) [14,11],  1632 ms
62) [11,10],  5006 ms
63) [7,17],  4426 ms
