 0) [10,12],  25 ms
 1) [11,13],  24 ms
 2) [9,13],  24 ms
 3) [11,11],  24 ms
 4) [10,14],  24 ms
 5) [8,12],  25 ms
 6) [11,10],  4355 ms
 7) [10,15],  2420 ms
 8) [10,10],  5004 ms
 9) [10,11],  3195 ms
10) [8,11],  3553 ms
11) [9,10],  4842 ms
12) [13,10],  2358 ms
13) [9,9],  2448 ms
14) [11,12],  3852 ms
15) [12,11],  4404 ms
16) [13,11],  1817 ms
17) [13,12],  2949 ms
18) [9,14],  1728 ms
19) [9,15],  5007 ms
20) [11,15],  2570 ms
21) [14,10],  4661 ms
22) [14,12],  2557 ms
23) [12,14],  4774 ms
24) [12,13],  4753 ms
25) [12,16],  2133 ms
26) [7,12],  4995 ms
27) [8,14],  5006 ms
28) [10,16],  5020 ms
29) [12,8],  3629 ms
30) [9,8],  2791 ms
31) [15,16],  2081 ms
32) [14,16],  2545 ms
33) [14,8],  2440 ms
34) [13,9],  5009 ms
35) [15,13],  2116 ms
36) [15,15],  1710 ms
37) [13,8],  1405 ms
38) [11,8],  5023 ms
39) [14,9],  528 ms
40) [14,11],  1838 ms
41) [12,9],  128 ms
42) [12,7],  4777 ms
43) [16,8],  60 ms
44) [15,8],  23 ms
45) [14,6],  31 ms
46) [14,7],  25 ms
47) [13,7],  39 ms
48) [15,5],  28 ms
49) [13,6],  25 ms
50) [15,7],  24 ms
51) [15,6],  24 ms
52) [12,6],  24 ms
53) [13,4],  25 ms
54) [13,5],  24 ms
55) [16,6],  25 ms
56) [17,6],  24 ms
57) [16,7],  25 ms
58) [16,5],  24 ms
59) [14,5],  24 ms
60) [17,8],  25 ms
61) [12,3],  24 ms

pela 5.0 wins

pela 5.0:  1759 ms/turn
pela 5.0:  2146 ms/turn
