 0) [11,12],  25 ms
 1) [12,13],  25 ms
 2) [10,13],  26 ms
 3) [12,11],  26 ms
 4) [10,14],  25 ms
 5) [11,11],  25 ms
 6) [12,14],  26 ms
 7) [10,11],  26 ms
 8) [9,11],  4998 ms
 9) [10,12],  2390 ms
10) [11,14],  250 ms
11) [9,14],  4997 ms
12) [13,14],  87 ms
13) [14,14],  26 ms
14) [12,15],  34 ms
15) [13,16],  2544 ms
16) [11,16],  38 ms
17) [13,11],  2312 ms
18) [14,11],  25 ms
19) [10,17],  3311 ms
20) [11,15],  28 ms
21) [11,13],  26 ms
22) [13,15],  46 ms
23) [10,15],  1480 ms
24) [9,13],  43 ms
25) [8,12],  2278 ms
26) [11,17],  34 ms
27) [11,18],  27 ms
28) [10,16],  29 ms
29) [9,17],  25 ms
30) pbrain-pela:  I win !
30) [12,16],  28 ms
31) [13,17],  25 ms
32) [12,18],  26 ms
33) [12,17],  26 ms
34) [9,15],  26 ms
35) [13,19],  26 ms
36) [8,14],  26 ms

pela 5.0 wins

pela 5.0:  1088 ms/turn
pela 5.0:  306 ms/turn
