 0) [9,10],  25 ms
 1) [8,9],  24 ms
 2) [8,11],  23 ms
 3) [10,9],  24 ms
 4) [7,11],  24 ms
 5) [10,10],  24 ms
 6) [7,9],  24 ms
 7) [10,11],  24 ms
 8) [10,8],  2155 ms
 9) [7,10],  1964 ms
10) [10,12],  2172 ms
11) [8,10],  1690 ms
12) [8,8],  5010 ms
13) [6,10],  2228 ms
14) [9,12],  2064 ms
15) [11,12],  1962 ms
16) [7,12],  3025 ms
17) [9,13],  1524 ms
18) [5,11],  1192 ms
19) [6,11],  5018 ms
20) [6,12],  221 ms
21) [8,12],  25 ms
22) [5,12],  38 ms
23) [9,8],  1519 ms
24) [10,7],  24 ms
25) [5,14],  5013 ms
26) [3,12],  28 ms
27) [4,12],  24 ms
28) [5,10],  27 ms
29) [5,9],  24 ms
30) [7,13],  26 ms
31) [4,10],  24 ms
32) [8,14],  30 ms
33) [9,15],  26 ms
34) [4,11],  26 ms
35) [2,13],  24 ms
36) [7,14],  25 ms
37) [7,15],  24 ms
38) [6,13],  26 ms
39) [8,15],  24 ms
40) [3,10],  72 ms

pela 5.0 wins

pela 5.0:  1060 ms/turn
pela 5.0:  774 ms/turn
