 0) [10,12],  25 ms
 1) [11,11],  25 ms
 2) [11,13],  25 ms
 3) [9,11],  42 ms
 4) [12,13],  24 ms
 5) [9,12],  25 ms
 6) [12,11],  25 ms
 7) [9,13],  24 ms
 8) [9,10],  2223 ms
 9) [12,12],  2756 ms
10) [9,14],  2430 ms
11) [11,12],  4202 ms
12) [11,10],  5012 ms
13) [13,12],  1610 ms
14) [10,14],  2139 ms
15) [8,14],  2264 ms
16) [12,14],  3801 ms
17) [10,15],  1526 ms
18) [14,13],  1355 ms
19) [13,13],  5033 ms
20) [13,14],  160 ms
21) [11,14],  25 ms
22) [14,14],  39 ms
23) [10,10],  1562 ms
24) [9,9],  25 ms
25) [14,16],  5027 ms
26) [16,14],  27 ms
27) [15,14],  28 ms
28) [14,12],  27 ms
29) [14,11],  25 ms
30) [12,15],  26 ms
31) [15,12],  25 ms
32) [11,16],  26 ms
33) [10,17],  23 ms
34) [15,13],  25 ms
35) [17,15],  23 ms
36) pbrain-pela:  I win !
36) [12,16],  24 ms
37) [12,17],  24 ms
38) [13,15],  22 ms
39) [16,12],  24 ms
40) [11,17],  23 ms

pela 5.0 wins

pela 5.0:  1214 ms/turn
pela 5.0:  832 ms/turn
