 0) [9,9],  23 ms
 1) [9,10],  23 ms
 2) [8,11],  23 ms
 3) [8,10],  23 ms
 4) [10,10],  24 ms
 5) [10,11],  23 ms
 6) [8,9],  2047 ms
 7) [11,9],  1606 ms
 8) [6,9],  4565 ms
 9) [7,9],  2505 ms
10) [10,12],  1511 ms
11) [7,10],  1994 ms
12) [6,10],  4993 ms
13) [11,11],  5029 ms
14) [13,11],  5027 ms
15) [7,6],  2432 ms
16) [7,7],  2754 ms
17) [6,6],  4267 ms
18) [5,6],  5010 ms
19) [5,9],  3935 ms
20) [13,12],  2544 ms
21) [12,12],  4776 ms
22) [12,13],  2714 ms
23) [13,10],  4230 ms
24) [11,8],  2123 ms
25) [14,11],  3660 ms
26) [14,9],  5016 ms
27) [6,11],  2693 ms
28) [5,7],  4672 ms
29) [4,7],  1962 ms
30) [4,9],  3217 ms
31) [6,5],  1780 ms
32) [7,8],  2343 ms
33) [6,7],  5014 ms
34) [6,4],  2444 ms
35) [4,11],  5023 ms
36) [3,11],  4226 ms
37) [5,12],  5039 ms
38) [6,13],  4205 ms
39) [7,12],  5000 ms
40) [6,12],  2658 ms
41) [3,6],  4998 ms
42) [7,13],  4992 ms
43) [8,14],  2178 ms
44) [2,5],  2176 ms
45) [5,3],  4058 ms
46) [5,4],  2659 ms
47) [5,8],  4205 ms
48) [9,14],  1757 ms
49) [4,4],  4999 ms
50) [3,5],  2160 ms
51) [3,3],  4325 ms
52) [8,5],  4098 ms
53) [9,6],  1895 ms
54) [8,6],  5007 ms
55) [8,8],  2811 ms
56) [4,3],  1508 ms
57) [4,13],  1355 ms
58) [3,14],  24 ms
59) [5,11],  3195 ms
60) [5,10],  25 ms
61) [1,6],  5005 ms
62) [9,16],  1479 ms
63) [9,15],  3580 ms
64) [10,15],  51 ms
65) [11,14],  23 ms
66) [8,13],  50 ms
67) [9,13],  4279 ms
68) [11,16],  156 ms
69) [12,17],  24 ms
70) [10,16],  157 ms
71) [8,16],  2336 ms
72) [11,13],  48 ms
73) [13,15],  5005 ms
74) [10,13],  27 ms
75) [10,14],  24 ms
76) [8,15],  28 ms
77) [11,12],  3373 ms
78) [14,13],  23 ms
79) [13,13],  24 ms
80) [6,17],  24 ms
81) [7,16],  23 ms
82) [10,17],  23 ms
83) [7,14],  22 ms
84) [12,15],  23 ms
85) [13,14],  22 ms
86) [10,18],  23 ms
87) [10,19],  22 ms
88) [13,16],  23 ms
89) [12,16],  22 ms
90) [11,18],  22 ms
91) [12,19],  23 ms
92) [9,18],  23 ms
93) [8,19],  22 ms
94) [8,18],  22 ms
95) [12,18],  26 ms
96) [7,18],  23 ms

pela 5.0 wins

pela 5.0:  2476 ms/turn
pela 5.0:  1811 ms/turn
