 0) [11,9],  24 ms
 1) [12,9],  23 ms
 2) [13,8],  23 ms
 3) [12,8],  24 ms
 4) [12,10],  41 ms
 5) [13,10],  23 ms
 6) [11,8],  25 ms
 7) [11,11],  5010 ms
 8) [11,6],  5045 ms
 9) [11,7],  2466 ms
10) [14,10],  1810 ms
11) [12,7],  2474 ms
12) [12,6],  1415 ms
13) [13,11],  5016 ms
14) [13,13],  5006 ms
15) [8,7],  2335 ms
16) [9,7],  2660 ms
17) [8,6],  5006 ms
18) [8,5],  1959 ms
19) [11,5],  4982 ms
20) [14,13],  2852 ms
21) [14,12],  4730 ms
22) [15,12],  2770 ms
23) [12,13],  4132 ms
24) [10,11],  2584 ms
25) [13,14],  3111 ms
26) [11,14],  4996 ms
27) [7,6],  2688 ms
28) [9,6],  5031 ms
29) [7,4],  4106 ms
30) [7,7],  4270 ms
31) [12,11],  5008 ms
32) [15,11],  2276 ms
33) [17,13],  2578 ms
34) [9,12],  5027 ms
35) [10,13],  5014 ms
36) [11,12],  3958 ms
37) [10,6],  4981 ms
38) [9,5],  3995 ms
39) [9,8],  5004 ms
40) [6,5],  2373 ms
41) [7,5],  1701 ms
42) [9,13],  5005 ms
43) [8,12],  2006 ms
44) [6,4],  5025 ms
45) [9,10],  2435 ms
46) [6,6],  5049 ms
47) [6,3],  5001 ms
48) [15,10],  4512 ms
49) [15,9],  1929 ms
50) [17,10],  5052 ms
51) [16,11],  1839 ms
52) [17,9],  4998 ms
53) [17,8],  4999 ms
54) [14,7],  1712 ms
55) [8,8],  1625 ms
56) [8,10],  1872 ms
57) [15,14],  4995 ms
58) [16,14],  5025 ms
59) [15,8],  4981 ms
60) [5,5],  1755 ms
61) [14,15],  5005 ms
62) [15,16],  2742 ms
63) [3,3],  5008 ms
64) [15,15],  3513 ms
65) [16,16],  2286 ms
66) [5,3],  3057 ms
67) [16,7],  5025 ms
68) [14,9],  23 ms
69) [14,8],  2143 ms
70) [16,8],  3871 ms
71) [16,10],  2705 ms
72) [17,11],  2134 ms
73) [6,8],  2790 ms
74) [7,8],  1806 ms
75) [5,6],  2624 ms
76) [14,6],  3674 ms
77) [15,7],  1499 ms
78) [15,6],  3590 ms
79) [13,6],  25 ms
80) [9,14],  1430 ms
81) [9,15],  1420 ms
82) [13,16],  4289 ms
83) [7,14],  2079 ms
84) [7,3],  1877 ms
85) [8,2],  25 ms
86) [6,14],  1980 ms
87) [8,15],  1947 ms
88) [7,15],  2388 ms
89) [6,16],  5025 ms
90) [9,16],  1887 ms
91) [8,16],  1711 ms
92) [8,14],  1828 ms
93) [3,5],  1397 ms
94) [12,16],  5005 ms
95) [11,16],  3563 ms
96) [10,14],  2575 ms
97) [12,14],  26 ms
98) [3,7],  4914 ms
99) [4,6],  25 ms
100) [5,7],  4167 ms
101) [4,7],  2995 ms
102) [4,5],  3584 ms
103) [12,15],  5008 ms
104) [12,12],  25 ms
105) [13,17],  2947 ms
106) [7,10],  27 ms
107) [7,11],  1747 ms
108) [3,9],  26 ms
109) [2,10],  5008 ms
110) [7,18],  27 ms
111) [2,9],  2220 ms
112) [1,10],  3043 ms
113) [10,4],  1888 ms
114) [7,1],  2627 ms
115) [15,4],  1496 ms
116) [16,3],  2284 ms
117) [16,5],  4998 ms
118) [18,7],  1947 ms
119) [5,16],  4994 ms
120) [4,16],  1641 ms
121) [6,15],  749 ms
122) [4,17],  1124 ms
123) [9,18],  929 ms
124) [10,17],  24 ms
125) [11,15],  1496 ms
126) [10,15],  27 ms
127) [8,17],  25 ms
128) [10,16],  1314 ms
129) [10,18],  24 ms
130) [7,16],  1082 ms
131) [3,17],  1653 ms
132) [14,3],  524 ms
133) [12,4],  2742 ms
134) [17,5],  245 ms
135) [17,3],  4042 ms
136) [14,1],  776 ms
137) [14,4],  2854 ms
138) [13,4],  693 ms
139) [12,5],  4125 ms
140) [12,3],  578 ms
141) [9,4],  5000 ms
142) [11,4],  485 ms
143) [13,2],  5000 ms
144) [2,8],  422 ms
145) [3,8],  2310 ms
146) [5,1],  361 ms
147) [13,3],  5017 ms
148) [14,2],  22 ms
149) [6,2],  3681 ms
150) [5,2],  259 ms
151) [5,4],  24 ms
152) [15,5],  240 ms
153) [4,8],  2787 ms
154) [4,10],  237 ms
155) [5,11],  1719 ms
156) [6,10],  96 ms
157) [5,10],  24 ms
158) [6,11],  109 ms
159) [6,13],  2456 ms
160) [5,12],  133 ms
161) [4,13],  4983 ms
162) [18,6],  97 ms
163) [2,13],  4998 ms
164) [3,12],  149 ms
165) [10,9],  5006 ms
166) [11,10],  24 ms
167) [7,12],  5014 ms
168) [8,11],  22 ms
169) [4,15],  4994 ms
170) [7,17],  126 ms
171) [7,19],  25 ms
172) [3,14],  98 ms
173) [3,16],  37 ms
174) [5,14],  25 ms
175) [3,13],  32 ms
176) [5,13],  24 ms
177) [8,18],  25 ms
178) [8,19],  24 ms
179) [11,18],  25 ms
180) [12,18],  24 ms
181) [4,12],  5004 ms
182) [2,12],  109 ms
183) [3,11],  4157 ms
184) [1,13],  46 ms
185) [10,2],  5016 ms
186) [7,2],  47 ms
187) [18,5],  5001 ms
188) [4,14],  31 ms
189) [2,14],  25 ms
190) [1,15],  27 ms
191) [3,15],  4995 ms
192) [6,1],  31 ms
193) [4,1],  1491 ms
194) [16,1],  37 ms
195) [15,17],  2093 ms
196) [14,17],  26 ms
197) [3,6],  2043 ms
198) [3,4],  24 ms
199) [4,3],  5048 ms
200) [5,8],  27 ms
201) [6,9],  24 ms
202) [10,5],  26 ms
203) [15,3],  4997 ms
204) [18,10],  26 ms
205) [16,6],  5015 ms
206) [16,2],  26 ms
207) [3,2],  5006 ms
208) [2,3],  26 ms
209) [1,2],  5006 ms
210) [2,6],  26 ms
211) [1,7],  5005 ms
212) [2,1],  26 ms
213) [1,6],  1542 ms
214) [1,9],  25 ms
215) [1,11],  5001 ms
216) [4,9],  26 ms
217) [2,15],  4859 ms
218) [5,15],  23 ms
219) [17,15],  4531 ms
220) [18,14],  26 ms
221) [10,3],  5005 ms
222) [15,2],  29 ms
223) [17,0],  25 ms
224) [18,13],  25 ms
225) [18,12],  5002 ms
226) [19,4],  26 ms
227) [2,17],  5005 ms
228) [2,16],  23 ms
229) [17,1],  1718 ms
230) [17,2],  26 ms
231) [18,2],  25 ms
232) [18,15],  27 ms
233) [17,14],  5040 ms
234) [17,16],  26 ms
235) [17,4],  5037 ms
236) [2,11],  28 ms
237) [3,10],  5021 ms
238) [1,18],  26 ms
239) [15,0],  5017 ms
240) [16,0],  26 ms
241) [16,4],  24 ms
242) [18,4],  25 ms
243) [2,4],  5026 ms
244) [3,18],  25 ms
245) [1,5],  5000 ms
246) [1,3],  25 ms
247) [1,4],  3488 ms
248) [1,8],  25 ms
249) [4,2],  1427 ms
250) [0,6],  25 ms
251) [18,17],  1859 ms
252) [0,3],  25 ms
253) [16,17],  3578 ms
254) [9,1],  25 ms
255) [8,1],  24 ms
256) [10,0],  26 ms
257) [16,13],  26 ms
258) [0,2],  24 ms
259) [18,9],  842 ms
260) [9,0],  24 ms
261) [11,2],  23 ms
262) [16,12],  24 ms
263) [15,13],  24 ms
264) [12,2],  23 ms
265) [11,0],  24 ms
266) [13,19],  23 ms
267) [8,3],  25 ms
268) [12,19],  23 ms
269) [16,15],  1433 ms
270) [16,18],  25 ms
271) [14,19],  4394 ms
272) [8,4],  25 ms
273) [13,0],  25 ms
274) [12,1],  24 ms
275) [14,0],  26 ms
276) [12,0],  24 ms
277) [11,13],  25 ms
278) [11,19],  26 ms
279) [10,19],  29 ms
280) [18,11],  25 ms
281) [4,4],  26 ms
282) [4,0],  25 ms
283) [15,1],  30 ms
284) [0,4],  26 ms
285) [0,5],  25 ms
286) [10,1],  25 ms
287) [2,2],  26 ms
288) [14,16],  24 ms
289) [0,0],  25 ms
290) [1,1],  24 ms
291) [1,16],  25 ms
292) [19,17],  25 ms
293) [13,1],  24 ms
294) [19,15],  25 ms
295) [19,16],  25 ms
296) [6,0],  24 ms
297) [4,18],  25 ms
298) [8,0],  24 ms
299) [7,0],  25 ms
300) [13,12],  24 ms
301) [10,12],  25 ms
302) [9,11],  26 ms
303) [15,19],  24 ms
304) [6,19],  27 ms
305) [3,0],  25 ms
306) [17,19],  24 ms
307) [15,18],  25 ms
308) [10,7],  24 ms
309) [9,9],  50 ms
310) [7,9],  43 ms
311) [19,3],  25 ms
312) [2,18],  24 ms
313) [18,1],  25 ms
314) [18,19],  25 ms
315) [19,10],  25 ms
316) [0,11],  25 ms
317) [0,9],  26 ms
318) [0,17],  24 ms
319) [0,18],  28 ms
320) [19,9],  26 ms
321) [0,19],  25 ms
322) [19,0],  24 ms
323) [18,18],  25 ms
324) [19,2],  25 ms
325) [18,0],  24 ms
326) [0,14],  25 ms
327) [0,13],  24 ms
328) [1,0],  25 ms
329) [5,18],  32 ms
330) [2,0],  24 ms
331) [16,19],  25 ms
332) [0,8],  24 ms
333) [0,12],  31 ms
334) [0,15],  31 ms
335) [19,18],  27 ms
336) [19,19],  28 ms
337) [0,16],  27 ms
338) [19,6],  30 ms
339) [19,7],  24 ms
340) [19,8],  25 ms
341) [5,19],  28 ms
342) [4,19],  25 ms
343) [3,19],  24 ms
344) [1,19],  24 ms
345) [0,1],  46 ms
346) [19,5],  24 ms
347) [9,19],  24 ms
348) [0,10],  25 ms
349) [5,0],  24 ms
350) [2,19],  25 ms
351) [0,7],  24 ms
352) [19,1],  25 ms
353) [6,17],  24 ms
354) [17,7],  25 ms
355) [13,18],  24 ms
356) [17,17],  25 ms
357) [7,13],  25 ms
358) [19,11],  24 ms
359) [19,14],  25 ms
360) [19,12],  24 ms
361) [19,13],  25 ms
362) [13,5],  57 ms
363) [11,17],  24 ms
364) [14,14],  25 ms
365) [6,18],  24 ms
366) [9,2],  25 ms
367) [6,12],  24 ms
368) [8,9],  25 ms
369) [14,18],  25 ms
370) [10,10],  42 ms
371) [1,14],  24 ms
372) [13,9],  25 ms
373) [2,5],  24 ms
374) [5,9],  24 ms

It's a draw!

pela 5.0:  968 ms/turn
pela 5.0:  2101 ms/turn
