 0) [11,11],  24 ms
 1) [11,12],  24 ms
 2) [12,10],  25 ms
 3) [10,12],  24 ms
 4) [9,12],  3626 ms
 5) [11,10],  1885 ms
 6) [13,11],  3513 ms
 7) [14,12],  3148 ms
 8) [13,13],  4991 ms
 9) [14,14],  2226 ms
10) [13,12],  2074 ms
11) [13,10],  2204 ms
12) [14,13],  2287 ms
13) [12,11],  4966 ms
14) [14,9],  1964 ms
15) [13,14],  2786 ms
16) [12,13],  1986 ms
17) [11,13],  2097 ms
18) [12,14],  1766 ms
19) [16,13],  3008 ms
20) [15,9],  2730 ms
21) [14,11],  4999 ms
22) [15,12],  5000 ms
23) [10,13],  3026 ms
24) [9,14],  39 ms
25) [16,9],  4997 ms
26) [14,10],  392 ms
27) [16,8],  4746 ms
28) [15,10],  221 ms
29) [15,11],  4909 ms
30) [12,15],  183 ms
31) [12,16],  2489 ms
32) [16,11],  350 ms
33) [17,12],  2482 ms
34) [17,10],  43 ms
35) [18,9],  24 ms
36) [16,10],  36 ms
37) [18,10],  24 ms
38) [14,8],  28 ms
39) [13,7],  2508 ms
40) [13,8],  23 ms
41) [12,7],  23 ms
42) [15,7],  24 ms
43) [13,9],  23 ms
44) [14,7],  23 ms
45) [14,6],  23 ms
46) [15,6],  23 ms
47) [15,8],  23 ms
48) [16,5],  23 ms
49) [17,4],  23 ms
50) [12,9],  23 ms

pela 5.0 wins

pela 5.0:  1208 ms/turn
pela 5.0:  2107 ms/turn
