 0) [11,11],  24 ms
 1) [12,11],  26 ms
 2) [13,12],  24 ms
 3) [12,12],  24 ms
 4) [12,10],  24 ms
 5) [13,10],  24 ms
 6) [11,12],  24 ms
 7) [11,9],  4879 ms
 8) [11,14],  3046 ms
 9) [11,13],  5001 ms
10) [10,14],  3680 ms
11) [12,14],  2193 ms
12) [10,12],  1379 ms
13) [9,13],  3463 ms
14) [10,13],  355 ms
15) [10,15],  4672 ms
16) [10,11],  1531 ms
17) [10,10],  25 ms
18) [9,12],  539 ms
19) [8,11],  5032 ms
20) [7,14],  54 ms
21) [8,13],  3746 ms
22) [8,12],  28 ms
23) [7,12],  25 ms
24) [9,14],  25 ms
25) [8,14],  25 ms
26) [11,8],  2826 ms
27) [14,16],  1444 ms
28) [15,17],  5003 ms
29) [14,9],  5016 ms
30) [15,8],  2094 ms
31) [8,15],  4997 ms
32) [12,13],  4999 ms
33) [13,14],  4652 ms
34) [9,10],  3572 ms
35) [8,9],  23 ms
36) [9,15],  4894 ms
37) [13,16],  5003 ms
38) [14,8],  4999 ms
39) [13,9],  25 ms
40) [15,9],  1993 ms
41) [15,10],  5015 ms
42) [13,8],  1895 ms
43) [12,8],  24 ms
44) [13,7],  5002 ms
45) [16,10],  5000 ms
46) [14,10],  1843 ms
47) [16,8],  2327 ms
48) [13,6],  115 ms
49) [8,16],  3186 ms
50) [8,17],  24 ms
51) [12,6],  32 ms
52) [12,9],  26 ms
53) [11,10],  25 ms
54) [14,7],  25 ms
55) [12,5],  25 ms
56) [12,7],  25 ms
57) [10,9],  24 ms
58) [11,7],  25 ms
59) [15,7],  24 ms
60) [10,7],  25 ms

pela 5.0 wins

pela 5.0:  2199 ms/turn
pela 5.0:  1616 ms/turn
