 0) [8,10],  23 ms
 1) [8,11],  22 ms
 2) [9,10],  23 ms
 3) [10,10],  23 ms
 4) [8,9],  3376 ms
 5) [7,8],  2402 ms
 6) [8,6],  4999 ms
 7) [8,7],  2221 ms
 8) [6,9],  1683 ms
 9) [7,9],  1624 ms
10) [7,7],  3423 ms
11) [9,5],  2967 ms
12) [10,5],  2873 ms
13) [9,8],  4727 ms
14) [10,8],  2492 ms
15) [9,7],  4345 ms
16) [9,6],  1527 ms
17) [10,6],  2462 ms
18) [8,8],  1467 ms
19) [6,6],  4455 ms
20) [11,7],  4682 ms
21) [9,9],  1763 ms
22) [11,8],  2665 ms
23) [12,7],  3448 ms
24) [6,10],  2102 ms
25) [7,12],  1850 ms
26) [7,6],  5019 ms
27) [12,6],  4361 ms
28) [12,5],  5016 ms
29) [11,9],  4999 ms
30) [13,7],  1986 ms
31) [11,4],  3025 ms
32) [7,13],  1697 ms
33) [5,10],  2729 ms
34) [7,11],  4549 ms
35) [5,9],  3169 ms
36) [6,12],  2447 ms
37) [6,11],  3623 ms
38) [4,9],  1466 ms
39) [8,14],  1873 ms
40) [9,13],  2646 ms
41) [5,13],  2020 ms
42) [5,11],  3470 ms
43) [3,9],  2102 ms
44) [10,13],  2942 ms
45) [8,13],  5024 ms
46) [9,14],  25 ms
47) [10,14],  2014 ms
48) [8,16],  3986 ms
49) [9,12],  2122 ms
50) [11,10],  4635 ms
51) [7,16],  2233 ms
52) [8,15],  1702 ms
53) [11,12],  2682 ms
54) [12,12],  5015 ms
55) [8,5],  3550 ms
56) [8,12],  2402 ms
57) [6,15],  5007 ms
58) [7,14],  2598 ms
59) [5,14],  4997 ms
60) [4,13],  1815 ms
61) [5,15],  1286 ms
62) [5,12],  5024 ms
63) [6,13],  2647 ms
64) [4,15],  25 ms
65) [4,16],  5000 ms
66) [5,17],  2653 ms
67) [6,5],  3722 ms
68) [5,5],  5031 ms
69) [8,4],  2521 ms
70) [5,7],  3371 ms
71) [8,3],  1679 ms
72) [7,4],  1984 ms
73) [8,2],  26 ms
74) [8,1],  24 ms
75) [7,3],  28 ms
76) [6,2],  23 ms
77) [9,3],  26 ms
78) [10,3],  1922 ms
79) [10,4],  25 ms
80) [11,5],  26 ms
81) [6,3],  25 ms
82) [5,3],  25 ms
83) [9,4],  25 ms
84) [12,4],  25 ms
85) [6,4],  25 ms
86) [6,7],  25 ms
87) [9,1],  25 ms
88) [10,0],  32 ms
89) [9,2],  25 ms

pela 5.0 wins

pela 5.0:  2331 ms/turn
pela 5.0:  2332 ms/turn
