 0) [11,11],  23 ms
 1) [11,12],  24 ms
 2) [12,10],  24 ms
 3) [10,12],  23 ms
 4) [12,12],  3840 ms
 5) [10,10],  24 ms
 6) [10,13],  2379 ms
 7) [13,11],  1499 ms
 8) [12,14],  1979 ms
 9) [12,13],  3445 ms
10) [9,10],  5010 ms
11) [8,12],  4999 ms
12) [11,15],  1815 ms
13) [10,16],  4138 ms
14) [9,12],  2371 ms
15) [8,11],  2440 ms
16) [8,10],  3428 ms
17) [10,11],  5010 ms
18) [12,15],  1781 ms
19) [13,16],  5000 ms
20) [12,17],  5000 ms
21) [12,18],  5000 ms
22) [13,14],  3023 ms
23) [10,9],  4993 ms
24) [10,8],  24 ms
25) [9,11],  2090 ms
26) [7,13],  1629 ms
27) [11,16],  5008 ms
28) [12,16],  2247 ms
29) [9,13],  2099 ms
30) [7,11],  1562 ms
31) [9,9],  4124 ms
32) [11,9],  2077 ms
33) [13,15],  5001 ms
34) [11,7],  5000 ms
35) [11,8],  3966 ms
36) [7,9],  5003 ms
37) [9,7],  2563 ms
38) [7,10],  31 ms
39) [7,12],  24 ms
40) [14,14],  2720 ms
41) [15,14],  3607 ms
42) [6,10],  240 ms
43) [5,10],  24 ms
44) [5,11],  98 ms
45) [4,12],  5007 ms
46) [6,12],  64 ms
47) [8,14],  4983 ms
48) [5,13],  34 ms
49) [4,14],  25 ms
50) [10,14],  28 ms
51) [11,14],  25 ms
52) [13,13],  29 ms
53) [15,15],  25 ms
54) [14,12],  26 ms
55) [15,11],  25 ms
56) [13,17],  26 ms
57) [14,18],  25 ms
58) [8,13],  5021 ms
59) [6,13],  3489 ms
60) [4,15],  29 ms
61) [14,11],  30 ms
62) [16,11],  26 ms
63) [13,12],  26 ms
64) [15,10],  30 ms
65) [10,15],  26 ms

pela 5.0 wins

pela 5.0:  2387 ms/turn
pela 5.0:  1715 ms/turn
