 0) [10,8],  26 ms
 1) [10,7],  25 ms
 2) [11,9],  25 ms
 3) [9,7],  29 ms
 4) [8,7],  4691 ms
 5) [10,9],  2530 ms
 6) [12,8],  4536 ms
 7) [13,7],  3524 ms
 8) [12,6],  1609 ms
 9) [13,5],  1764 ms
10) [12,7],  5014 ms
11) [12,9],  3293 ms
12) [13,6],  5019 ms
13) [11,8],  1573 ms
14) [13,10],  2371 ms
15) [12,5],  5008 ms
16) [11,6],  2770 ms
17) [10,6],  2632 ms
18) [11,5],  2025 ms
19) [14,6],  2351 ms
20) [10,10],  4010 ms
21) [11,10],  5008 ms
22) [9,9],  1563 ms
23) [11,7],  2313 ms
24) [11,11],  193 ms
25) [12,12],  5009 ms
26) [8,8],  145 ms
27) [7,7],  24 ms
28) [9,11],  44 ms
29) [8,12],  25 ms
30) [8,9],  53 ms
31) [8,10],  4885 ms
32) [13,8],  43 ms
33) [14,9],  4882 ms
34) [8,5],  23 ms
35) [8,6],  23 ms
36) [10,5],  24 ms
37) [9,4],  55 ms
38) [9,5],  24 ms
39) [7,5],  24 ms
40) [9,10],  25 ms
41) [9,12],  3200 ms
42) [10,11],  24 ms
43) [7,8],  22 ms
44) [8,11],  23 ms
45) [12,11],  104 ms
46) [7,11],  41 ms

pela 5.0 wins

pela 5.0:  2100 ms/turn
pela 5.0:  1430 ms/turn
