 0) [8,10],  25 ms
 1) [9,10],  25 ms
 2) [9,9],  24 ms
 3) [8,9],  25 ms
 4) [7,8],  25 ms
 5) [7,9],  25 ms
 6) [6,8],  25 ms
 7) [8,8],  25 ms
 8) [4,10],  26 ms
 9) [5,9],  2673 ms
10) [4,9],  5009 ms
11) [4,11],  2056 ms
12) [6,10],  4043 ms
13) [6,11],  3250 ms
14) [5,12],  4285 ms
15) [5,10],  3861 ms
16) [6,7],  2854 ms
17) [6,6],  2492 ms
18) [10,8],  5004 ms
19) [11,7],  5002 ms
20) [7,7],  1825 ms
21) [7,6],  4208 ms
22) [8,6],  3172 ms
23) [9,7],  3535 ms
24) [11,5],  4436 ms
25) [9,5],  4211 ms
26) [5,11],  1683 ms
27) [6,12],  2850 ms
28) [12,7],  3868 ms
29) [5,6],  1749 ms
30) [5,7],  5014 ms
31) [4,7],  25 ms
32) [6,5],  5025 ms
33) [3,6],  2548 ms
34) [4,6],  24 ms
35) [2,5],  5007 ms
36) [1,4],  3808 ms
37) [7,12],  2259 ms
38) [8,13],  4995 ms
39) [2,6],  3008 ms
40) [2,7],  5029 ms
41) [7,10],  3400 ms
42) [9,8],  4294 ms
43) [5,13],  2030 ms
44) [6,13],  4479 ms
45) [10,13],  5012 ms
46) [9,12],  3546 ms
47) [9,14],  2609 ms
48) [7,13],  3190 ms
49) [7,14],  2340 ms
50) [8,15],  5004 ms
51) [10,14],  1744 ms
52) [8,14],  2749 ms
53) [8,12],  2001 ms
54) [10,15],  1735 ms
55) [9,16],  3466 ms
56) [13,8],  2804 ms
57) [11,8],  1857 ms
58) [8,11],  2017 ms
59) [11,6],  2760 ms
60) [11,9],  3241 ms
61) [8,16],  2264 ms
62) [9,15],  5004 ms
63) [7,15],  4994 ms
64) [6,14],  5015 ms
65) [10,16],  2512 ms
66) [11,16],  2207 ms
67) [11,15],  2071 ms
68) [9,13],  2126 ms
69) [13,7],  3166 ms
70) [12,15],  1643 ms
71) [4,4],  2175 ms
72) [3,5],  4789 ms
73) [2,4],  24 ms
74) [12,9],  5007 ms
75) [13,9],  4416 ms
76) [13,14],  5015 ms
77) [14,13],  4999 ms
78) [12,14],  5007 ms
79) [10,11],  1704 ms
80) [7,16],  1385 ms
81) [10,12],  1911 ms
82) [10,10],  23 ms
83) [11,12],  1790 ms
84) [12,13],  24 ms
85) [12,8],  1329 ms
86) [10,6],  24 ms
87) [12,12],  251 ms
88) [10,9],  2345 ms
89) [10,7],  25 ms
90) [12,17],  4417 ms
91) [12,16],  26 ms
92) [9,18],  4205 ms
93) [10,17],  24 ms
94) [12,11],  4634 ms
95) [13,12],  24 ms
96) [14,12],  25 ms
97) [14,10],  26 ms
98) [15,11],  24 ms
99) [13,11],  25 ms
100) [11,13],  24 ms
101) [13,10],  27 ms
102) [13,13],  25 ms
103) [16,10],  24 ms
104) [15,10],  24 ms
105) [15,9],  25 ms
106) [16,8],  24 ms
107) [14,8],  28 ms
108) [17,11],  25 ms
109) [12,6],  25 ms

pela 5.0 wins

pela 5.0:  1998 ms/turn
pela 5.0:  2659 ms/turn
