 0) [8,10],  24 ms
 1) [7,9],  24 ms
 2) [9,9],  24 ms
 3) [7,11],  26 ms
 4) [9,8],  24 ms
 5) [8,11],  24 ms
 6) [7,8],  24 ms
 7) [9,11],  24 ms
 8) [6,11],  2791 ms
 9) [8,8],  2522 ms
10) [10,11],  2113 ms
11) [8,9],  1560 ms
12) [6,9],  5062 ms
13) [8,7],  2089 ms
14) [10,10],  2451 ms
15) [10,12],  2280 ms
16) [10,8],  3535 ms
17) [11,10],  1517 ms
18) [9,6],  1293 ms
19) [9,7],  5022 ms
20) [10,7],  176 ms
21) [10,9],  24 ms
22) [10,6],  39 ms
23) [6,10],  1578 ms
24) [5,11],  67 ms
25) [12,6],  5101 ms
26) [10,4],  27 ms
27) [10,5],  23 ms
28) [8,6],  26 ms
29) [7,6],  25 ms
30) [11,8],  25 ms
31) [8,5],  24 ms
32) [12,9],  25 ms
33) [13,10],  24 ms
34) [9,5],  26 ms
35) [11,3],  24 ms
36) [12,8],  23 ms
37) [13,8],  24 ms
38) [11,7],  24 ms
39) [13,9],  49 ms
40) [8,4],  24 ms

pela 5.0 wins

pela 5.0:  848 ms/turn
pela 5.0:  1099 ms/turn
