 0) [8,11],  24 ms
 1) [7,11],  24 ms
 2) [9,10],  25 ms
 3) [7,12],  24 ms
 4) [7,13],  3718 ms
 5) [9,11],  5004 ms
 6) [8,9],  3669 ms
 7) [7,8],  3062 ms
 8) [6,9],  5019 ms
 9) [5,8],  1739 ms
10) [7,9],  5023 ms
11) [9,9],  3499 ms
12) [6,8],  4998 ms
13) [8,10],  5014 ms
14) [10,8],  3040 ms
15) [5,9],  2346 ms
16) [6,10],  2635 ms
17) [6,11],  3598 ms
18) [5,10],  2118 ms
19) [6,7],  2289 ms
20) [10,11],  3598 ms
21) [10,10],  4994 ms
22) [9,12],  5024 ms
23) [7,10],  1798 ms
24) [11,10],  165 ms
25) [12,9],  4554 ms
26) [8,13],  93 ms
27) [7,14],  26 ms
28) [11,12],  47 ms
29) [12,13],  26 ms
30) [10,13],  42 ms
31) [11,13],  5018 ms
32) [6,13],  46 ms
33) [9,13],  46 ms
34) [8,15],  56 ms
35) [9,14],  4240 ms
36) [5,11],  32 ms
37) [4,12],  25 ms
38) [8,14],  24 ms
39) [8,12],  25 ms
40) [6,12],  25 ms
41) [9,15],  25 ms
42) [4,10],  25 ms

pela 5.0 wins

pela 5.0:  2256 ms/turn
pela 5.0:  1793 ms/turn
