 0) [9,8],  25 ms
 1) [8,7],  25 ms
 2) [8,9],  26 ms
 3) [10,7],  24 ms
 4) [7,9],  25 ms
 5) [10,8],  25 ms
 6) [7,7],  27 ms
 7) [10,9],  25 ms
 8) [10,6],  2368 ms
 9) [7,8],  2284 ms
10) [10,10],  2237 ms
11) [8,8],  1798 ms
12) [8,6],  5002 ms
13) [6,8],  2360 ms
14) [9,10],  2175 ms
15) [11,10],  2303 ms
16) [7,10],  2836 ms
17) [9,11],  1621 ms
18) [5,9],  1083 ms
19) [6,9],  4995 ms
20) [6,10],  237 ms
21) [8,10],  26 ms
22) [5,10],  40 ms
23) [9,6],  5015 ms
24) [10,5],  24 ms
25) [5,12],  5070 ms
26) [3,10],  27 ms
27) [4,10],  26 ms
28) [5,8],  31 ms
29) [5,7],  74 ms
30) [7,11],  154 ms
31) [4,8],  71 ms
32) [8,12],  26 ms
33) [9,13],  72 ms
34) [4,9],  25 ms
35) [2,11],  25 ms
36) [7,12],  25 ms
37) [7,13],  25 ms
38) [6,11],  24 ms
39) [8,13],  25 ms
40) [3,8],  74 ms

pela 5.0 wins

pela 5.0:  785 ms/turn
pela 5.0:  1294 ms/turn
