 0) [10,10],  24 ms
 1) [10,11],  24 ms
 2) [11,9],  24 ms
 3) [9,11],  24 ms
 4) [8,11],  2151 ms
 5) [10,9],  5009 ms
 6) [12,10],  2447 ms
 7) [13,11],  2118 ms
 8) [12,12],  4218 ms
 9) [13,13],  5000 ms
10) [12,11],  4200 ms
11) [12,9],  5001 ms
12) [13,12],  5011 ms
13) [11,10],  4782 ms
14) [13,8],  1882 ms
15) [12,13],  2203 ms
16) [11,12],  2195 ms
17) [10,12],  3004 ms
18) [11,13],  2031 ms
19) [14,12],  2462 ms
20) [10,8],  4190 ms
21) [11,8],  5024 ms
22) [9,9],  2251 ms
23) [11,11],  5004 ms
24) [11,7],  250 ms
25) [12,6],  2892 ms
26) [8,10],  135 ms
27) [7,11],  26 ms
28) [9,7],  45 ms
29) [8,6],  26 ms
30) [8,8],  83 ms
31) [8,7],  5000 ms
32) [8,12],  40 ms
33) [8,9],  25 ms
34) [6,10],  37 ms
35) [7,9],  5004 ms
36) [10,13],  35 ms
37) [9,14],  25 ms
38) [7,10],  23 ms
39) [9,10],  24 ms
40) [9,12],  23 ms
41) [11,14],  28 ms
42) [6,9],  24 ms

pela 5.0 wins

pela 5.0:  1423 ms/turn
pela 5.0:  2509 ms/turn
