 0) [8,11],  25 ms
 1) [8,10],  25 ms
 2) [9,12],  25 ms
 3) [7,10],  26 ms
 4) [6,10],  2758 ms
 5) [8,12],  1986 ms
 6) [10,11],  3059 ms
 7) [11,10],  2629 ms
 8) [10,9],  1531 ms
 9) [11,8],  1777 ms
10) [10,10],  5010 ms
11) [10,12],  3224 ms
12) [11,9],  5013 ms
13) [9,11],  5001 ms
14) [11,13],  2602 ms
15) [10,8],  2127 ms
16) [9,9],  3306 ms
17) [8,9],  3060 ms
18) [9,8],  2156 ms
19) [12,9],  2516 ms
20) [8,13],  4230 ms
21) [9,13],  4996 ms
22) [7,12],  1490 ms
23) [9,10],  1974 ms
24) [9,14],  187 ms
25) [10,15],  4996 ms
26) [6,11],  87 ms
27) [5,10],  24 ms
28) [7,14],  45 ms
29) [6,15],  25 ms
30) [6,12],  56 ms
31) [6,13],  5030 ms
32) [11,11],  45 ms
33) [12,12],  5000 ms
34) [6,8],  26 ms
35) [6,9],  24 ms
36) [8,8],  26 ms
37) [7,7],  25 ms
38) [7,8],  26 ms
39) [5,8],  26 ms
40) [7,13],  27 ms
41) [7,15],  3409 ms
42) [8,14],  25 ms
43) [5,11],  25 ms
44) [6,14],  25 ms
45) [10,14],  25 ms
46) [5,14],  24 ms

pela 5.0 wins

pela 5.0:  2084 ms/turn
pela 5.0:  1325 ms/turn
