 0) [8,8],  25 ms
 1) [8,9],  24 ms
 2) [9,7],  24 ms
 3) [7,9],  22 ms
 4) [9,9],  2969 ms
 5) [7,7],  24 ms
 6) [7,10],  4999 ms
 7) [10,8],  4995 ms
 8) [9,11],  1604 ms
 9) [9,10],  2987 ms
10) [6,7],  5003 ms
11) [5,9],  5008 ms
12) [8,12],  5007 ms
13) [7,13],  3787 ms
14) [6,9],  2373 ms
15) [5,8],  2595 ms
16) [5,7],  3870 ms
17) [7,8],  1628 ms
18) [9,12],  1988 ms
19) [10,13],  1963 ms
20) [9,14],  1670 ms
21) [9,15],  1552 ms
22) [10,11],  5004 ms
23) [7,6],  2230 ms
24) [7,5],  24 ms
25) [6,8],  4996 ms
26) [4,10],  5000 ms
27) [8,13],  1781 ms
28) [9,13],  2675 ms
29) [6,10],  5003 ms
30) [4,8],  4987 ms
31) [6,6],  4936 ms
32) [8,6],  1909 ms
33) [10,12],  2486 ms
34) [6,5],  1977 ms
35) [6,4],  3283 ms
36) [11,11],  102 ms
37) [12,11],  2187 ms
38) [10,14],  96 ms
39) [11,15],  2639 ms
40) [10,10],  82 ms
41) [12,12],  56 ms
42) [12,8],  59 ms
43) [11,9],  54 ms
44) [9,5],  32 ms
45) [8,5],  1788 ms
46) [9,6],  30 ms
47) [9,8],  24 ms
48) [10,6],  27 ms
49) [11,7],  2061 ms
50) [9,3],  24 ms
51) [9,4],  55 ms
52) [12,6],  24 ms
53) [11,6],  24 ms
54) [11,5],  24 ms
55) [12,4],  24 ms
56) [10,4],  22 ms
57) [13,7],  22 ms
58) [8,2],  23 ms

pela 5.0 wins

pela 5.0:  1721 ms/turn
pela 5.0:  2008 ms/turn
