 0) [9,9],  23 ms
 1) [10,10],  24 ms
 2) [8,10],  23 ms
 3) [10,8],  23 ms
 4) [8,11],  55 ms
 5) [9,8],  23 ms
 6) [10,11],  23 ms
 7) [8,8],  24 ms
 8) [7,8],  2162 ms
 9) [8,9],  2227 ms
10) [9,11],  406 ms
11) [7,11],  1619 ms
12) [11,11],  89 ms
13) [12,11],  23 ms
14) [10,12],  34 ms
15) [11,13],  3875 ms
16) [9,13],  26 ms
17) [11,8],  3584 ms
18) [12,8],  23 ms
19) [8,14],  4656 ms
20) [9,12],  25 ms
21) [9,10],  23 ms
22) [11,12],  86 ms
23) [8,12],  1970 ms
24) [7,10],  43 ms
25) [6,9],  5020 ms
26) [9,14],  26 ms
27) [9,15],  24 ms
28) [8,13],  27 ms
29) [7,14],  23 ms
30) [10,13],  23 ms
31) [11,14],  23 ms
32) [10,15],  24 ms
33) [10,14],  23 ms
34) [7,12],  23 ms
35) [11,16],  24 ms
36) [6,11],  24 ms

pela 5.0 wins

pela 5.0:  1289 ms/turn
pela 5.0:  166 ms/turn
