 0) [9,11],  24 ms
 1) [10,10],  25 ms
 2) [8,10],  24 ms
 3) [10,12],  25 ms
 4) [9,9],  24 ms
 5) [7,11],  25 ms
 6) [10,13],  3358 ms
 7) [9,8],  2234 ms
 8) [9,13],  1630 ms
 9) [9,12],  3084 ms
10) [7,12],  2881 ms
11) [8,13],  4065 ms
12) [11,10],  2971 ms
13) [10,7],  3630 ms
14) [11,12],  4742 ms
15) [12,11],  4996 ms
16) [8,9],  2774 ms
17) [10,9],  4632 ms
18) [10,8],  2230 ms
19) [8,8],  2301 ms
20) [10,11],  5007 ms
21) [9,10],  4925 ms
22) [11,6],  5017 ms
23) [12,9],  5000 ms
24) [11,8],  4990 ms
25) [11,7],  4147 ms
26) [12,7],  2336 ms
27) [9,4],  5023 ms
28) [8,7],  3401 ms
29) [13,9],  1893 ms
30) [14,9],  4184 ms
31) [13,8],  4082 ms
32) [12,8],  5010 ms
33) [12,12],  1518 ms
34) [12,10],  4375 ms
35) [11,9],  2514 ms
36) [11,15],  5025 ms
37) [11,14],  5032 ms
38) [8,15],  3117 ms
39) [7,16],  3016 ms
40) [7,14],  1726 ms
41) [9,16],  4926 ms
42) [13,12],  2497 ms
43) [12,16],  2634 ms
44) [10,16],  1847 ms
45) [13,13],  4055 ms
46) [14,14],  3111 ms
47) [10,4],  2235 ms
48) [11,4],  1714 ms
49) [11,5],  4166 ms
50) [12,6],  4594 ms
51) [9,6],  4653 ms
52) [9,7],  1551 ms
53) [12,5],  2689 ms
54) [9,5],  4994 ms
55) [10,3],  1844 ms
56) [10,2],  4999 ms
57) [8,17],  4776 ms
58) [10,15],  5007 ms
59) [9,15],  4998 ms
60) [9,18],  5006 ms
61) [10,17],  2857 ms
62) [11,2],  5053 ms
63) [10,14],  395 ms
64) [11,13],  3376 ms
65) [7,17],  300 ms
66) [9,17],  3768 ms
67) [10,5],  25 ms
68) [10,6],  23 ms
69) [13,5],  25 ms
70) [14,5],  23 ms
71) [13,6],  24 ms
72) [13,7],  23 ms
73) [8,18],  26 ms
74) [6,18],  4997 ms
75) [9,3],  2250 ms
76) [7,1],  1922 ms
77) [12,2],  2801 ms
78) [6,16],  2880 ms
79) [6,14],  3929 ms
80) [14,4],  2873 ms
81) [14,6],  1684 ms
82) [16,8],  3106 ms
83) [16,7],  2914 ms
84) [15,14],  2373 ms
85) [14,15],  1589 ms
86) [6,1],  5006 ms
87) [4,17],  1455 ms
88) [12,3],  2121 ms
89) [13,4],  23 ms
90) [7,3],  4995 ms
91) [13,3],  1643 ms
92) [13,2],  23 ms
93) [5,17],  3774 ms
94) [6,17],  23 ms
95) [6,3],  4990 ms
96) [5,1],  2357 ms
97) [4,1],  4680 ms
98) [9,1],  1500 ms
99) [8,1],  23 ms
100) [8,4],  185 ms
101) [6,2],  26 ms
102) [6,4],  43 ms
103) [8,2],  1928 ms
104) [7,5],  26 ms
105) [8,6],  23 ms
106) [7,4],  23 ms
107) [7,2],  24 ms
108) [5,4],  23 ms
109) [4,4],  23 ms
110) [5,2],  24 ms
111) [5,5],  3866 ms
112) [5,3],  28 ms
113) [5,0],  85 ms
114) [5,7],  225 ms
115) [7,7],  4624 ms
116) [6,6],  22 ms
117) [4,8],  24 ms
118) [3,1],  26 ms
119) [4,2],  24 ms
120) [14,1],  23 ms
121) [15,0],  23 ms
122) [6,8],  23 ms
123) [7,9],  23 ms
124) [4,3],  23 ms
125) [3,4],  23 ms
126) [6,5],  23 ms
127) [7,6],  24 ms
128) [6,7],  23 ms

pela 5.0 wins

pela 5.0:  2270 ms/turn
pela 5.0:  2266 ms/turn
