 0) [12,12],  25 ms
 1) [11,13],  24 ms
 2) [12,11],  24 ms
 3) [12,10],  24 ms
 4) [13,12],  4078 ms
 5) [11,12],  24 ms
 6) [10,8],  1503 ms
 7) [10,9],  3224 ms
 8) [11,14],  4923 ms
 9) [12,13],  3003 ms
10) [9,10],  2640 ms
11) [9,9],  2260 ms
12) [8,9],  2527 ms
13) [7,8],  2846 ms
14) [10,12],  5002 ms
15) [14,13],  45 ms
16) [13,13],  4761 ms
17) [13,11],  3678 ms
18) [14,15],  2102 ms
19) [15,15],  4598 ms
20) [13,16],  3177 ms
21) [12,15],  2535 ms
22) [13,14],  4792 ms
23) [13,15],  24 ms
24) [12,14],  1868 ms
25) [14,14],  5016 ms
26) [15,13],  4923 ms
27) [10,14],  3456 ms
28) [15,11],  1924 ms
29) [14,12],  4994 ms
30) [7,10],  3470 ms
31) [6,11],  3296 ms
32) [11,8],  2139 ms
33) [12,8],  5002 ms
34) [14,10],  4729 ms
35) [15,14],  4207 ms
36) [14,9],  5002 ms
37) [15,10],  3411 ms
38) [7,12],  2039 ms
39) [8,10],  26 ms
40) [9,12],  5009 ms
41) [8,12],  3827 ms
42) [9,13],  4556 ms
43) [8,11],  2806 ms
44) [8,14],  3552 ms
45) [7,15],  3034 ms
46) [10,7],  2740 ms
47) [11,6],  2439 ms
48) [7,11],  2582 ms
49) [7,13],  2952 ms
50) [10,10],  1520 ms
51) [13,9],  3506 ms
52) [12,9],  2986 ms
53) [9,6],  3570 ms
54) [10,6],  2164 ms
55) [9,5],  3053 ms
56) [9,4],  4998 ms
57) [8,7],  4999 ms
58) [10,5],  4629 ms
59) [10,4],  23 ms
60) [11,10],  5005 ms
61) [10,11],  3592 ms
62) [8,6],  2748 ms
63) [6,9],  5004 ms
64) [5,10],  24 ms
65) [6,10],  5007 ms
66) [9,11],  4824 ms
67) [9,14],  24 ms
68) [6,12],  4996 ms
69) [7,16],  1474 ms
70) [9,15],  4996 ms
71) [8,15],  1088 ms
72) [10,13],  24 ms
73) [7,17],  28 ms
74) [7,14],  25 ms
75) [7,18],  28 ms
76) [7,19],  24 ms
77) [6,17],  29 ms
78) [5,18],  24 ms
79) [9,17],  27 ms
80) [8,17],  2183 ms
81) [8,16],  26 ms
82) [10,18],  25 ms
83) [6,14],  24 ms
84) [5,13],  25 ms
85) [4,16],  24 ms
86) [5,15],  24 ms
87) [5,16],  24 ms
88) [6,16],  24 ms
89) [4,15],  24 ms
90) [8,19],  25 ms
91) [3,14],  23 ms

pela 5.0 wins

pela 5.0:  2138 ms/turn
pela 5.0:  2638 ms/turn
