 0) [8,12],  25 ms
 1) [9,11],  23 ms
 2) [9,13],  26 ms
 3) [7,11],  23 ms
 4) [10,12],  24 ms
 5) [8,14],  24 ms
 6) [6,11],  3321 ms
 7) [11,12],  2403 ms
 8) [7,12],  4995 ms
 9) [6,12],  1916 ms
10) [9,9],  2284 ms
11) [9,14],  3177 ms
12) [10,14],  3186 ms
13) [11,15],  1717 ms
14) [8,15],  5020 ms
15) [10,11],  1835 ms
16) [11,11],  3115 ms
17) [8,8],  4331 ms
18) [7,8],  1743 ms
19) [5,10],  2146 ms
20) [7,13],  1775 ms
21) [6,13],  3853 ms
22) [8,9],  2125 ms
23) [10,9],  5000 ms
24) [12,13],  3229 ms
25) [10,13],  4832 ms
26) [12,12],  2166 ms
27) [12,10],  2008 ms
28) [13,10],  4621 ms
29) [13,13],  5007 ms
30) [14,11],  5003 ms
31) [15,12],  5001 ms
32) [14,12],  2557 ms
33) [14,10],  5005 ms
34) [5,13],  2121 ms
35) [9,8],  3586 ms
36) [12,8],  4328 ms
37) [9,15],  3483 ms
38) [13,8],  5018 ms
39) [11,8],  2888 ms
40) [15,10],  2493 ms
41) [13,12],  3414 ms
42) [12,15],  3398 ms
43) [12,11],  5034 ms
44) [11,10],  24 ms
45) [13,7],  5009 ms
46) [10,7],  4999 ms
47) [9,7],  5001 ms
48) [11,5],  4043 ms
49) [15,14],  1620 ms
50) [16,15],  3016 ms
51) [12,7],  4047 ms
52) [9,10],  5024 ms
53) [3,10],  5032 ms
54) [6,10],  5000 ms
55) [11,16],  2082 ms
56) [11,17],  4996 ms
57) [3,11],  2688 ms
58) [4,11],  5000 ms
59) [14,5],  1669 ms
60) [13,6],  24 ms
61) [6,7],  5012 ms
62) [3,9],  3311 ms
63) [12,16],  5005 ms
64) [13,16],  2330 ms
65) [5,9],  2825 ms
66) [5,8],  5023 ms
67) [14,7],  3006 ms
68) [15,7],  4942 ms
69) [14,15],  2059 ms
70) [16,8],  3211 ms
71) [15,8],  5037 ms
72) [14,6],  3724 ms
73) [17,9],  4719 ms
74) [13,5],  1293 ms
75) [12,4],  25 ms
76) [12,6],  2727 ms
77) [11,6],  2118 ms
78) [16,6],  5007 ms
79) [15,6],  24 ms
80) [16,7],  5044 ms
81) [11,14],  5006 ms
82) [11,13],  25 ms
83) [16,9],  3538 ms
84) [17,5],  27 ms
85) [18,4],  26 ms
86) [11,7],  24 ms
87) [10,8],  25 ms
88) [16,4],  25 ms
89) [16,5],  24 ms
90) [15,3],  25 ms
91) [14,4],  25 ms
92) [14,2],  25 ms
93) [18,6],  116 ms
94) [13,1],  70 ms

pela 5.0 wins

pela 5.0:  2817 ms/turn
pela 5.0:  2740 ms/turn
