 0) [9,9],  25 ms
 1) [8,8],  24 ms
 2) [9,10],  25 ms
 3) [9,11],  49 ms
 4) [10,9],  3200 ms
 5) [11,9],  24 ms
 6) [11,11],  5006 ms
 7) [7,12],  2189 ms
 8) [8,12],  2299 ms
 9) [11,8],  5003 ms
10) [12,8],  1837 ms
11) [10,10],  2771 ms
12) [13,11],  5001 ms
13) [12,11],  5009 ms
14) [10,14],  5011 ms
15) [7,11],  4994 ms
16) [7,9],  3686 ms
17) [6,9],  5006 ms
18) [6,11],  5015 ms
19) [11,13],  1897 ms
20) [12,14],  2119 ms
21) [11,14],  5009 ms
22) [10,15],  4224 ms
23) [10,16],  4994 ms
24) [11,16],  1884 ms
25) [12,17],  5007 ms
26) [11,7],  1733 ms
27) [12,6],  5002 ms
28) [13,9],  3677 ms
29) [14,10],  4250 ms
30) [9,8],  90 ms
31) [9,6],  3550 ms
32) [8,7],  58 ms
33) [7,6],  2307 ms
34) [10,6],  24 ms
35) [9,5],  23 ms
36) [13,10],  25 ms
37) [13,8],  4998 ms
38) [10,7],  56 ms
39) [9,7],  3764 ms
40) [8,9],  26 ms
41) [7,10],  23 ms
42) [10,8],  25 ms
43) [10,5],  23 ms
44) [10,12],  25 ms
45) [12,10],  23 ms
46) [10,11],  23 ms
47) [10,13],  23 ms
48) [7,8],  24 ms
49) [11,12],  23 ms
50) [6,7],  24 ms

pela 5.0 wins

pela 5.0:  1736 ms/turn
pela 5.0:  2639 ms/turn
