 0) [12,9],  25 ms
 1) [13,9],  25 ms
 2) [14,8],  23 ms
 3) [13,8],  24 ms
 4) [13,7],  24 ms
 5) [12,6],  24 ms
 6) [14,11],  1678 ms
 7) [14,9],  1763 ms
 8) [11,6],  3854 ms
 9) [11,7],  2765 ms
10) [13,4],  5024 ms
11) [13,10],  1889 ms
12) [14,10],  3606 ms
13) [15,11],  2105 ms
14) [12,11],  4159 ms
15) [15,10],  4995 ms
16) [16,11],  2939 ms
17) [15,9],  4995 ms
18) [15,12],  3885 ms
19) [17,9],  261 ms
20) [16,9],  24 ms
21) [14,13],  2140 ms
22) [15,8],  1988 ms
23) [14,7],  5020 ms
24) [13,5],  5024 ms
25) [12,5],  5019 ms
26) [16,8],  2565 ms
27) [13,11],  1932 ms
28) [13,12],  24 ms
29) [16,10],  5003 ms
30) [18,8],  5001 ms
31) [17,8],  23 ms
32) [12,4],  5055 ms
33) [14,12],  1692 ms
34) [13,13],  23 ms
35) [14,6],  1867 ms
36) [13,3],  28 ms
37) [13,6],  24 ms
38) [14,2],  31 ms
39) [15,1],  1659 ms
40) [11,4],  25 ms
41) [14,4],  25 ms
42) [13,1],  24 ms
43) [13,2],  25 ms
44) [11,5],  24 ms
45) [10,6],  24 ms
46) [10,4],  23 ms
47) [9,4],  24 ms
48) [11,3],  25 ms
49) [11,2],  24 ms
50) [12,2],  24 ms
51) [14,0],  24 ms
52) [9,5],  24 ms

pela 5.0 wins

pela 5.0:  1672 ms/turn
pela 5.0:  1668 ms/turn
