 0) [11,12],  24 ms
 1) [12,13],  24 ms
 2) [10,13],  24 ms
 3) [12,11],  24 ms
 4) [10,14],  24 ms
 5) [11,11],  24 ms
 6) [12,14],  24 ms
 7) [10,11],  24 ms
 8) [9,11],  5007 ms
 9) [10,12],  2388 ms
10) [11,14],  316 ms
11) [9,14],  5027 ms
12) [13,14],  119 ms
13) [14,14],  24 ms
14) [12,15],  33 ms
15) [13,16],  3787 ms
16) [11,16],  28 ms
17) [13,11],  3069 ms
18) [14,11],  24 ms
19) [10,17],  3876 ms
20) [11,15],  26 ms
21) [11,13],  25 ms
22) [13,15],  45 ms
23) [10,15],  1612 ms
24) [9,13],  42 ms
25) [8,12],  2760 ms
26) [11,17],  26 ms
27) [11,18],  23 ms
28) [10,16],  25 ms
29) [9,17],  23 ms
30) pbrain-pela:  I win !
30) [12,16],  23 ms
31) [13,17],  23 ms
32) [12,18],  23 ms
33) [12,17],  22 ms
34) [9,15],  23 ms
35) [13,19],  66 ms
36) [8,14],  101 ms

pela 5.0 wins

pela 5.0:  1267 ms/turn
pela 5.0:  313 ms/turn
