 0) [10,9],  26 ms
 1) [9,10],  25 ms
 2) [10,8],  25 ms
 3) [10,7],  24 ms
 4) [11,9],  3287 ms
 5) [9,9],  24 ms
 6) [8,5],  5004 ms
 7) [8,6],  2746 ms
 8) [9,11],  4547 ms
 9) [10,10],  3113 ms
10) [7,7],  2521 ms
11) [7,5],  2471 ms
12) [7,6],  5018 ms
13) [6,7],  2043 ms
14) [8,9],  2208 ms
15) [7,9],  1729 ms
16) [6,4],  5001 ms
17) [6,3],  2772 ms
18) [5,4],  4382 ms
19) [4,4],  1999 ms
20) [5,5],  5017 ms
21) [9,4],  2221 ms
22) [13,11],  3313 ms
23) [12,10],  4999 ms
24) [11,10],  2119 ms
25) [9,8],  5032 ms
26) [11,11],  2570 ms
27) [11,12],  2713 ms
28) [12,11],  4087 ms
29) [10,11],  24 ms
30) [13,9],  5018 ms
31) [13,12],  5013 ms
32) [14,11],  55 ms
33) [15,11],  24 ms
34) [14,9],  50 ms
35) [12,9],  23 ms
36) [14,8],  44 ms
37) [14,12],  2137 ms
38) [11,8],  23 ms
39) [11,7],  24 ms
40) [14,7],  63 ms
41) [14,10],  23 ms
42) [13,8],  24 ms
43) [12,8],  24 ms
44) [14,5],  23 ms
45) [14,6],  24 ms
46) [12,7],  24 ms
47) [13,6],  23 ms
48) [11,6],  24 ms
49) [15,10],  24 ms
50) [10,5],  24 ms

pela 5.0 wins

pela 5.0:  1570 ms/turn
pela 5.0:  2096 ms/turn
