 0) [11,9],  23 ms
 1) [11,10],  23 ms
 2) [10,8],  25 ms
 3) [12,10],  23 ms
 4) [10,10],  3814 ms
 5) [12,8],  23 ms
 6) [12,11],  2141 ms
 7) [9,9],  2012 ms
 8) [10,12],  1733 ms
 9) [10,11],  4125 ms
10) [12,9],  3539 ms
11) [8,9],  5012 ms
12) [9,12],  4993 ms
13) [8,12],  3035 ms
14) [7,9],  4810 ms
15) [14,9],  1705 ms
16) [14,10],  4956 ms
17) [15,8],  5003 ms
18) [14,8],  1472 ms
19) [11,6],  4985 ms
20) [7,8],  3324 ms
21) [9,11],  1637 ms
22) [8,11],  5017 ms
23) [7,10],  2555 ms
24) [9,8],  1529 ms
25) [8,8],  1850 ms
26) [12,7],  2403 ms
27) [10,9],  1716 ms
28) [7,5],  4995 ms
29) [7,6],  2950 ms
30) [7,7],  2434 ms
31) [9,7],  2276 ms
32) [8,7],  3010 ms
33) [5,7],  5002 ms
34) [13,11],  5001 ms
35) [14,11],  5000 ms
36) [15,9],  2496 ms
37) [16,8],  5006 ms
38) [8,6],  4999 ms
39) [9,5],  2290 ms
40) [10,6],  2717 ms
41) [5,10],  2439 ms
42) [5,9],  1932 ms
43) [12,13],  1527 ms
44) [11,12],  3865 ms
45) [12,12],  3312 ms
46) [13,12],  2611 ms
47) [9,4],  4995 ms
48) [9,3],  2549 ms
49) [10,2],  1610 ms
50) [6,9],  4990 ms
51) [10,5],  1640 ms
52) [8,3],  5013 ms
53) [4,10],  5019 ms
54) [6,10],  4997 ms
55) [4,9],  3757 ms
56) [6,11],  4858 ms
57) [6,12],  5038 ms
58) [7,13],  2333 ms
59) [13,13],  4043 ms
60) [14,14],  5011 ms
61) [6,7],  2378 ms
62) [8,5],  1337 ms
63) [8,4],  23 ms
64) [4,8],  3736 ms
65) [3,7],  5000 ms
66) [2,7],  5014 ms
67) [11,4],  2233 ms
68) [10,4],  2314 ms
69) [11,5],  305 ms
70) [11,3],  2891 ms
71) [12,5],  529 ms
72) [13,5],  25 ms
73) [10,3],  262 ms
74) [9,2],  2624 ms
75) [16,7],  42 ms
76) [17,6],  5010 ms
77) [14,7],  35 ms
78) [13,6],  57 ms
79) [13,4],  98 ms
80) [14,3],  2769 ms
81) [16,5],  27 ms
82) [16,6],  26 ms
83) [15,6],  24 ms
84) [17,4],  24 ms
85) [12,3],  24 ms
86) [14,5],  23 ms
87) [13,2],  24 ms
88) [14,1],  23 ms
89) [9,6],  24 ms

pela 5.0 wins

pela 5.0:  2236 ms/turn
pela 5.0:  2876 ms/turn
