 0) [8,11],  30 ms
 1) [9,11],  24 ms
 2) [10,12],  23 ms
 3) [9,12],  24 ms
 4) [9,10],  23 ms
 5) [10,10],  24 ms
 6) [8,12],  23 ms
 7) [8,9],  1700 ms
 8) [8,14],  5003 ms
 9) [8,13],  2332 ms
10) [11,10],  1393 ms
11) [9,13],  2392 ms
12) [9,14],  2970 ms
13) [10,9],  1634 ms
14) [10,7],  5049 ms
15) [8,8],  2780 ms
16) [9,9],  5053 ms
17) [10,8],  5001 ms
18) [8,6],  3641 ms
19) [7,9],  2556 ms
20) [6,10],  4373 ms
21) [7,12],  4552 ms
22) [7,13],  4204 ms
23) [6,14],  2961 ms
24) [9,6],  5007 ms
25) [8,5],  2698 ms
26) [11,12],  5006 ms
27) [10,13],  5000 ms
28) [9,15],  5031 ms
29) [10,16],  3835 ms
30) [5,11],  4994 ms
31) [6,12],  25 ms
32) [6,15],  5006 ms
33) [10,6],  5000 ms
34) [11,5],  3902 ms
35) [7,15],  5037 ms
36) [12,13],  3036 ms
37) [11,14],  4995 ms
38) [13,16],  2286 ms
39) [13,14],  4995 ms
40) [5,13],  5001 ms
41) [9,8],  4939 ms
42) [11,8],  2516 ms
43) [6,8],  4997 ms
44) [7,8],  25 ms
45) [8,10],  4775 ms
46) [5,7],  25 ms
47) [8,7],  2501 ms
48) [4,13],  4010 ms
49) [5,14],  5013 ms
50) [3,13],  27 ms
51) [6,13],  23 ms
52) [4,12],  30 ms
53) [2,14],  23 ms
54) [2,13],  26 ms
55) [1,13],  23 ms
56) [4,15],  27 ms
57) [4,14],  4639 ms
58) [3,14],  25 ms
59) [5,16],  5028 ms
60) [5,12],  32 ms
61) [2,15],  25 ms
62) [12,9],  25 ms
63) [13,10],  25 ms
64) [1,12],  25 ms
65) [0,11],  25 ms
66) [3,12],  26 ms
67) [2,12],  25 ms
68) [3,11],  25 ms
69) [3,15],  24 ms
70) [3,10],  25 ms

pela 5.0 wins

pela 5.0:  2561 ms/turn
pela 5.0:  2164 ms/turn
