 0) [11,11],  24 ms
 1) [10,11],  25 ms
 2) [9,12],  24 ms
 3) [10,12],  26 ms
 4) [10,10],  26 ms
 5) [9,10],  27 ms
 6) [11,12],  25 ms
 7) [11,9],  1893 ms
 8) [11,14],  4888 ms
 9) [11,13],  2370 ms
10) [8,10],  1506 ms
11) [10,13],  2948 ms
12) [10,14],  3018 ms
13) [9,9],  1750 ms
14) [9,7],  5006 ms
15) [11,8],  3363 ms
16) [10,9],  4997 ms
17) [10,7],  4107 ms
18) [12,9],  3077 ms
19) [11,6],  2451 ms
20) [11,7],  5009 ms
21) [10,6],  4998 ms
22) [10,5],  4988 ms
23) [13,8],  4436 ms
24) [13,6],  5010 ms
25) [14,9],  3313 ms
26) [15,10],  5014 ms
27) [15,8],  1762 ms
28) [12,8],  1367 ms
29) [12,11],  2523 ms
30) [12,14],  3291 ms
31) [13,14],  4995 ms
32) [16,7],  2264 ms
33) [12,7],  1728 ms
34) [16,6],  5009 ms
35) [16,8],  3558 ms
36) [17,7],  5001 ms
37) [15,7],  3870 ms
38) [14,8],  5020 ms
39) [15,5],  1982 ms
40) [15,6],  2111 ms
41) [14,6],  4816 ms
42) [13,5],  2217 ms
43) [13,4],  2574 ms
44) [12,5],  1824 ms
45) [11,5],  2649 ms
46) [15,11],  4912 ms
47) [15,9],  2753 ms
48) [17,9],  4151 ms
49) [17,8],  3447 ms
50) [11,15],  1514 ms
51) [12,16],  5026 ms
52) [11,4],  3799 ms
53) [10,3],  4958 ms
54) [12,13],  1434 ms
55) [13,13],  2032 ms
56) [13,11],  5010 ms
57) [9,14],  1667 ms
58) [14,10],  423 ms
59) [13,9],  24 ms
60) [13,10],  474 ms
61) [18,8],  5002 ms
62) [19,8],  24 ms
63) [16,10],  5031 ms
64) [14,11],  356 ms
65) [13,12],  27 ms
66) [15,12],  183 ms
67) [16,13],  23 ms
68) [17,11],  27 ms
69) [16,11],  23 ms
70) [16,12],  24 ms
71) [15,13],  2711 ms
72) [17,13],  25 ms
73) [18,14],  25 ms
74) [17,12],  25 ms
75) [17,10],  26 ms
76) [18,12],  25 ms
77) [19,12],  25 ms
78) [14,12],  25 ms

pela 5.0 wins

pela 5.0:  2328 ms/turn
pela 5.0:  2434 ms/turn
