 0) [12,8],  24 ms
 1) [13,9],  24 ms
 2) [12,7],  26 ms
 3) [12,6],  25 ms
 4) [11,8],  2432 ms
 5) [13,8],  24 ms
 6) [11,9],  1953 ms
 7) [11,7],  1565 ms
 8) [13,5],  3819 ms
 9) [10,9],  5053 ms
10) [12,10],  3992 ms
11) [12,11],  3363 ms
12) [13,12],  3063 ms
13) [14,12],  1700 ms
14) [14,5],  2142 ms
15) [13,6],  2806 ms
16) [13,10],  2673 ms
17) [14,6],  5003 ms
18) [15,6],  3666 ms
19) [11,10],  1686 ms
20) [10,11],  4520 ms
21) [13,4],  5019 ms
22) [10,6],  1961 ms
23) [10,8],  4078 ms
24) [9,6],  4463 ms
25) [10,5],  2229 ms
26) [9,8],  3420 ms
27) [10,7],  2727 ms
28) [12,13],  1542 ms
29) [9,10],  2995 ms
30) [13,14],  5008 ms
31) [8,10],  2277 ms
32) [9,9],  23 ms
33) [10,10],  1859 ms
34) [7,10],  23 ms
35) [14,11],  2351 ms
36) [13,15],  388 ms
37) [13,11],  3071 ms
38) [15,11],  306 ms
39) [13,16],  3977 ms
40) [14,15],  26 ms
41) [11,12],  24 ms
42) [15,15],  27 ms
43) [16,15],  3970 ms
44) [12,15],  25 ms
45) [11,15],  24 ms
46) [15,12],  26 ms
47) [14,13],  4251 ms
48) [14,14],  25 ms
49) [15,13],  24 ms
50) [12,14],  27 ms
51) [11,14],  24 ms
52) [12,12],  24 ms
53) [12,16],  24 ms
54) [13,13],  24 ms
55) [16,16],  28 ms
56) [11,11],  29 ms

pela 5.0 wins

pela 5.0:  1575 ms/turn
pela 5.0:  2150 ms/turn
