 0) [12,8],  25 ms
 1) [11,7],  25 ms
 2) [11,9],  25 ms
 3) [13,7],  24 ms
 4) [10,8],  25 ms
 5) [12,10],  25 ms
 6) [12,7],  4205 ms
 7) [10,9],  2514 ms
 8) [11,11],  1768 ms
 9) [11,8],  3825 ms
10) [12,11],  5003 ms
11) [9,11],  5000 ms
12) [11,6],  1968 ms
13) [14,9],  5019 ms
14) [8,6],  3373 ms
15) [10,5],  3455 ms
16) [9,6],  3976 ms
17) [12,6],  5038 ms
18) [7,5],  28 ms
19) [9,7],  25 ms
20) [7,6],  28 ms
21) [10,6],  25 ms
22) [6,6],  26 ms
23) [5,6],  24 ms
24) [7,7],  30 ms
25) [7,4],  1641 ms
26) [7,8],  25 ms
27) [7,9],  23 ms
28) [8,8],  24 ms
29) [9,9],  23 ms
30) [6,8],  25 ms
31) [9,8],  23 ms
32) [9,10],  23 ms
33) [5,9],  23 ms
34) [4,8],  23 ms
35) [5,8],  71 ms
36) [5,7],  83 ms
37) [8,4],  70 ms
38) [3,9],  23 ms

pela 5.0 wins

pela 5.0:  1035 ms/turn
pela 5.0:  1414 ms/turn
