 0) [11,10],  25 ms
 1) [10,11],  25 ms
 2) [10,9],  23 ms
 3) [12,11],  24 ms
 4) [9,10],  25 ms
 5) [11,8],  24 ms
 6) [13,11],  4164 ms
 7) [8,10],  2612 ms
 8) [13,10],  1589 ms
 9) [12,10],  3057 ms
10) [12,8],  3285 ms
11) [13,9],  5014 ms
12) [13,13],  2244 ms
13) [7,11],  2058 ms
14) [11,11],  5001 ms
15) [12,12],  5008 ms
16) [12,13],  1847 ms
17) [11,13],  5005 ms
18) [9,11],  2349 ms
19) [9,9],  4995 ms
20) [6,12],  4999 ms
21) [13,14],  5000 ms
22) [8,12],  5009 ms
23) [6,14],  5005 ms
24) [8,14],  2047 ms
25) [7,13],  2651 ms
26) [7,15],  2683 ms
27) [9,13],  2602 ms
28) [14,11],  2752 ms
29) [16,13],  1717 ms
30) [14,10],  4690 ms
31) [15,10],  2106 ms
32) [14,12],  5004 ms
33) [14,9],  5001 ms
34) [11,7],  2515 ms
35) [14,14],  5010 ms
36) [12,14],  3779 ms
37) [11,15],  2121 ms
38) [10,10],  2998 ms
39) [11,9],  25 ms
40) [15,11],  3687 ms
41) [16,10],  25 ms
42) [16,11],  2080 ms
43) [17,11],  25 ms
44) [15,9],  1981 ms
45) [8,13],  477 ms
46) [10,13],  23 ms
47) [7,12],  95 ms
48) [16,8],  5007 ms
49) [17,7],  23 ms
50) [7,10],  4840 ms
51) [10,15],  28 ms
52) [11,16],  3669 ms
53) [9,14],  25 ms
54) [6,11],  22 ms
55) [9,15],  25 ms
56) [9,16],  23 ms
57) [12,15],  24 ms
58) [13,15],  25 ms
59) [8,15],  25 ms

pela 5.0 wins

pela 5.0:  1994 ms/turn
pela 5.0:  2612 ms/turn
