 0) [9,12],  25 ms
 1) [10,13],  26 ms
 2) [9,11],  25 ms
 3) [9,10],  25 ms
 4) [8,12],  1832 ms
 5) [10,12],  26 ms
 6) [8,13],  5012 ms
 7) [8,11],  4999 ms
 8) [10,9],  3125 ms
 9) [7,13],  4633 ms
10) [9,14],  4078 ms
11) [9,15],  3053 ms
12) [10,16],  2628 ms
13) [11,16],  5006 ms
14) [11,9],  1866 ms
15) [10,10],  2773 ms
16) [10,14],  2617 ms
17) [11,10],  5025 ms
18) [12,10],  3479 ms
19) [8,14],  1697 ms
20) [7,15],  5016 ms
21) [10,8],  4576 ms
22) [7,10],  1983 ms
23) [7,12],  3458 ms
24) [6,10],  5014 ms
25) [7,9],  2601 ms
26) [6,12],  4093 ms
27) [7,11],  2152 ms
28) [11,15],  1564 ms
29) [12,14],  1635 ms
30) [12,15],  3504 ms
31) [12,16],  2379 ms
32) [13,16],  5036 ms
33) [6,11],  1687 ms
34) [12,9],  4998 ms
35) [13,9],  1830 ms
36) [11,8],  3152 ms
37) [12,7],  4126 ms
38) [13,15],  3327 ms
39) [14,15],  1893 ms
40) [5,11],  2137 ms
41) [11,7],  2266 ms
42) [9,9],  4304 ms
43) [8,9],  24 ms
44) [13,7],  3893 ms
45) [11,6],  3837 ms
46) [10,6],  2507 ms
47) [10,5],  28 ms
48) [9,4],  2701 ms
49) [7,8],  29 ms
50) [6,7],  4266 ms
51) [8,7],  26 ms
52) [9,6],  1409 ms
53) [13,8],  23 ms
54) [14,9],  24 ms
55) [8,8],  23 ms
56) [8,10],  23 ms
57) [10,11],  23 ms
58) [11,12],  23 ms
59) [8,5],  25 ms
60) [8,6],  23 ms
61) [10,7],  23 ms
62) [9,7],  23 ms
63) [9,8],  24 ms
64) [12,5],  24 ms
65) [6,8],  23 ms

pela 5.0 wins

pela 5.0:  2537 ms/turn
pela 5.0:  1817 ms/turn
