 0) [12,8],  25 ms
 1) [12,9],  23 ms
 2) [13,7],  24 ms
 3) [11,9],  24 ms
 4) [13,9],  3784 ms
 5) [11,7],  24 ms
 6) [11,10],  2362 ms
 7) [14,8],  1444 ms
 8) [13,11],  1712 ms
 9) [13,10],  3323 ms
10) [10,7],  4887 ms
11) [9,9],  5007 ms
12) [12,12],  1583 ms
13) [11,13],  4109 ms
14) [10,9],  2357 ms
15) [9,8],  2571 ms
16) [9,7],  3548 ms
17) [11,8],  4991 ms
18) [13,12],  1928 ms
19) [14,13],  1576 ms
20) [13,14],  1627 ms
21) [13,15],  5006 ms
22) [14,11],  5038 ms
23) [11,6],  2395 ms
24) [11,5],  24 ms
25) [10,8],  5020 ms
26) [8,10],  4994 ms
27) [12,13],  1575 ms
28) [13,13],  2369 ms
29) [10,10],  5001 ms
30) [8,8],  4994 ms
31) [10,6],  5007 ms
32) [12,6],  1908 ms
33) [14,12],  2420 ms
34) [10,5],  1754 ms
35) [10,4],  3008 ms
36) [15,11],  98 ms
37) [16,11],  1801 ms
38) [14,14],  94 ms
39) [15,15],  2601 ms
40) [14,10],  108 ms
41) [16,12],  30 ms
42) [16,8],  42 ms
43) [15,9],  29 ms
44) [13,5],  36 ms
45) [12,5],  1729 ms
46) [13,6],  27 ms
47) [13,8],  29 ms
48) [14,6],  26 ms
49) [15,7],  5023 ms
50) [13,3],  25 ms
51) [13,4],  40 ms
52) [16,6],  24 ms
53) [15,6],  25 ms
54) [15,5],  24 ms
55) [16,4],  37 ms
56) [14,4],  24 ms
57) [17,7],  25 ms
58) [12,2],  25 ms

pela 5.0 wins

pela 5.0:  1515 ms/turn
pela 5.0:  2203 ms/turn
