 0) [12,12],  24 ms
 1) [12,13],  24 ms
 2) [11,12],  24 ms
 3) [10,12],  23 ms
 4) [9,13],  4996 ms
 5) [10,15],  4497 ms
 6) [11,14],  2644 ms
 7) [11,13],  2957 ms
 8) [9,14],  2497 ms
 9) [12,14],  4125 ms
10) [13,15],  4077 ms
11) [8,15],  2305 ms
12) [9,11],  5020 ms
13) [9,12],  3029 ms
14) [10,16],  1742 ms
15) [11,17],  4998 ms
16) [10,10],  4999 ms
17) [11,9],  2206 ms
18) [7,13],  3022 ms
19) [6,14],  5014 ms
20) [13,12],  5008 ms
21) [13,13],  4350 ms
22) [14,13],  4983 ms
23) [15,12],  4999 ms
24) [7,11],  2854 ms
25) [11,15],  4195 ms
26) [9,15],  31 ms
27) [14,12],  3658 ms
28) [15,11],  25 ms
29) [6,12],  4999 ms
30) [7,12],  25 ms
31) [7,14],  5007 ms
32) [8,13],  26 ms
33) [6,13],  24 ms
34) [6,11],  23 ms
35) [5,10],  24 ms
36) [8,11],  24 ms
37) [10,11],  24 ms
38) [5,11],  24 ms

pela 5.0 wins

pela 5.0:  2103 ms/turn
pela 5.0:  2971 ms/turn
