 0) [10,8],  24 ms
 1) [11,9],  25 ms
 2) [9,9],  25 ms
 3) [11,7],  24 ms
 4) [9,10],  25 ms
 5) [10,7],  25 ms
 6) [11,10],  24 ms
 7) [9,7],  25 ms
 8) [8,7],  1950 ms
 9) [9,8],  1797 ms
10) [10,10],  358 ms
11) [8,10],  1548 ms
12) [12,10],  80 ms
13) [13,10],  24 ms
14) [11,11],  34 ms
15) [12,12],  3170 ms
16) [10,12],  27 ms
17) [12,7],  2671 ms
18) [13,7],  25 ms
19) [9,13],  3688 ms
20) [10,11],  26 ms
21) [10,9],  22 ms
22) [12,11],  48 ms
23) [9,11],  1656 ms
24) [8,9],  47 ms
25) [7,8],  5038 ms
26) [10,13],  28 ms
27) [10,14],  24 ms
28) [9,12],  31 ms
29) [8,13],  26 ms
30) [11,12],  25 ms
31) [12,13],  24 ms
32) [11,14],  26 ms
33) [11,13],  24 ms
34) [8,11],  142 ms
35) [12,15],  41 ms
36) [7,10],  25 ms

pela 5.0 wins

pela 5.0:  156 ms/turn
pela 5.0:  1102 ms/turn
