 0) [12,9],  26 ms
 1) [13,8],  23 ms
 2) [13,10],  23 ms
 3) [11,8],  24 ms
 4) [14,10],  23 ms
 5) [11,9],  24 ms
 6) [14,8],  23 ms
 7) [11,10],  23 ms
 8) [11,7],  2738 ms
 9) [14,9],  2872 ms
10) [11,11],  2343 ms
11) [13,9],  4045 ms
12) [13,7],  5034 ms
13) [15,9],  1766 ms
14) [12,11],  2132 ms
15) [10,11],  2194 ms
16) [14,11],  2822 ms
17) [12,12],  5007 ms
18) [16,10],  1545 ms
19) [15,10],  4757 ms
20) [15,11],  156 ms
21) [13,11],  26 ms
22) [16,11],  40 ms
23) [12,7],  1868 ms
24) [11,6],  24 ms
25) [16,13],  5020 ms
26) [18,11],  25 ms
27) [17,11],  23 ms
28) [16,9],  25 ms
29) [16,8],  24 ms
30) [14,12],  25 ms
31) [13,13],  23 ms
32) [17,10],  25 ms
33) [15,8],  23 ms
34) [14,13],  23 ms
35) [14,14],  24 ms
36) [15,12],  23 ms
37) [18,9],  24 ms
38) [13,14],  23 ms

pela 5.0 wins

pela 5.0:  1462 ms/turn
pela 5.0:  854 ms/turn
