 0) [11,9],  23 ms
 1) [10,10],  23 ms
 2) [10,8],  24 ms
 3) [12,10],  23 ms
 4) [9,9],  51 ms
 5) [11,7],  23 ms
 6) [13,10],  4026 ms
 7) [8,9],  2112 ms
 8) [13,9],  1606 ms
 9) [12,9],  3412 ms
10) [12,7],  2735 ms
11) [13,8],  4694 ms
12) [13,12],  2133 ms
13) [7,10],  2180 ms
14) [11,10],  1600 ms
15) [12,11],  5011 ms
16) [12,12],  2374 ms
17) [11,12],  4996 ms
18) [9,10],  3416 ms
19) [9,8],  1871 ms
20) [6,11],  4995 ms
21) [13,13],  4689 ms
22) [8,11],  5015 ms
23) [6,13],  5004 ms
24) [14,10],  1838 ms
25) [16,12],  5002 ms
26) [14,11],  5001 ms
27) [15,10],  1523 ms
28) [8,13],  1901 ms
29) [11,6],  4669 ms
30) [10,7],  23 ms
31) [7,11],  3245 ms
32) [9,13],  5016 ms
33) [9,14],  1731 ms
34) [11,13],  26 ms
35) [10,13],  3391 ms
36) [8,15],  23 ms
37) [13,11],  3305 ms
38) [8,14],  30 ms
39) [8,12],  24 ms
40) [7,15],  25 ms
41) [10,12],  1434 ms
42) [9,12],  24 ms
43) [9,11],  23 ms
44) [6,16],  23 ms
45) [5,17],  29 ms
46) [8,16],  24 ms
47) [8,17],  23 ms
48) [9,15],  25 ms
49) [10,14],  25 ms
50) [10,11],  23 ms
51) [7,14],  25 ms
52) [6,15],  23 ms
53) [10,15],  24 ms
54) [5,15],  23 ms

pela 5.0 wins

pela 5.0:  1501 ms/turn
pela 5.0:  2167 ms/turn
