 0) [9,10],  24 ms
 1) [9,11],  24 ms
 2) [10,11],  24 ms
 3) [10,10],  25 ms
 4) [8,12],  24 ms
 5) [9,12],  24 ms
 6) [8,13],  24 ms
 7) [8,11],  25 ms
 8) [10,15],  25 ms
 9) [9,14],  2461 ms
10) [8,15],  5022 ms
11) [9,15],  5019 ms
12) [9,13],  24 ms
13) [10,13],  2061 ms
14) [7,10],  2288 ms
15) [6,10],  1856 ms
16) [8,9],  5002 ms
17) [7,8],  5020 ms
18) [12,14],  4635 ms
19) [11,12],  5002 ms
20) [12,12],  3285 ms
21) [8,16],  4996 ms
22) [13,13],  5001 ms
23) [10,14],  4601 ms
24) [7,17],  3356 ms
25) [14,12],  2529 ms
26) [13,10],  2170 ms
27) [12,13],  2421 ms
28) [11,14],  3160 ms
29) [6,11],  4998 ms
30) [6,12],  1733 ms
31) [8,8],  3048 ms
32) [7,9],  2809 ms
33) [6,8],  105 ms
34) [5,8],  4887 ms
35) [7,7],  116 ms
36) [9,9],  4862 ms
37) [6,9],  26 ms
38) [6,7],  24 ms
39) [5,9],  29 ms
40) [4,10],  5003 ms
41) [10,8],  36 ms
42) [9,8],  24 ms
43) [9,6],  4034 ms
44) [8,7],  1957 ms
45) [7,6],  3241 ms
46) [8,6],  2706 ms
47) [5,11],  4464 ms
48) [7,11],  24 ms
49) [5,13],  1377 ms
50) [5,10],  4997 ms
51) [13,14],  3319 ms
52) [7,15],  2788 ms
53) [7,14],  1609 ms
54) [4,9],  4126 ms
55) [7,12],  5003 ms
56) [14,15],  2813 ms
57) [11,9],  3596 ms
58) [12,8],  5001 ms
59) [9,16],  4981 ms
60) [6,14],  4986 ms
61) [6,16],  2780 ms
62) [7,16],  2236 ms
63) [3,11],  2426 ms
64) [13,11],  4994 ms
65) [13,9],  5001 ms
66) [15,10],  2358 ms
67) [14,10],  5002 ms
68) [14,9],  5001 ms
69) [10,7],  5000 ms
70) [7,4],  2885 ms
71) [9,17],  3964 ms
72) [9,18],  24 ms
73) [12,11],  5002 ms
74) [15,8],  5000 ms
75) [13,8],  5001 ms
76) [16,7],  5000 ms
77) [17,6],  24 ms
78) [15,9],  5004 ms
79) [15,7],  4728 ms
80) [15,12],  5010 ms
81) [15,11],  24 ms
82) [10,6],  1785 ms
83) [16,9],  2423 ms
84) [16,12],  5002 ms
85) [16,13],  1748 ms
86) [14,14],  5011 ms
87) [11,11],  2011 ms
88) [11,10],  3326 ms
89) [14,8],  4997 ms
90) [12,10],  24 ms
91) [16,6],  2239 ms
92) [17,5],  25 ms
93) [13,15],  4996 ms
94) [7,18],  37 ms
95) [7,19],  24 ms
96) [8,18],  30 ms
97) [6,18],  2763 ms
98) [11,18],  27 ms
99) [10,18],  24 ms
100) [16,16],  26 ms
101) [15,15],  24 ms
102) [13,16],  26 ms
103) [12,17],  24 ms
104) [14,16],  26 ms
105) [14,17],  24 ms
106) [15,16],  24 ms
107) [17,16],  25 ms
108) [12,16],  24 ms

pela 5.0 wins

pela 5.0:  2524 ms/turn
pela 5.0:  2467 ms/turn
