 0) [11,8],  27 ms
 1) [11,9],  26 ms
 2) [12,8],  25 ms
 3) [13,8],  24 ms
 4) [11,7],  2173 ms
 5) [10,6],  2252 ms
 6) [11,4],  5002 ms
 7) [11,5],  2215 ms
 8) [9,7],  1888 ms
 9) [10,7],  1756 ms
10) [10,5],  3993 ms
11) [12,3],  5036 ms
12) [13,3],  2537 ms
13) [12,6],  3742 ms
14) [13,6],  2118 ms
15) [12,5],  3115 ms
16) [12,4],  5007 ms
17) [13,4],  1965 ms
18) [11,6],  5020 ms
19) [9,4],  2496 ms
20) [14,4],  5004 ms
21) [12,2],  1836 ms
22) [9,3],  2037 ms
23) [12,9],  1884 ms
24) [10,9],  3771 ms
25) [12,7],  25 ms
26) [14,5],  3054 ms
27) [14,2],  2328 ms
28) [15,2],  1504 ms
29) [14,6],  3880 ms
30) [14,9],  3241 ms
31) [11,2],  2261 ms
32) [13,2],  2060 ms
33) [8,4],  4971 ms
34) [10,1],  2711 ms
35) [16,4],  2279 ms
36) [13,7],  3000 ms
37) [15,5],  2236 ms
38) [17,3],  4137 ms
39) [15,7],  2859 ms
40) [15,6],  2538 ms
41) [16,7],  2195 ms
42) [16,8],  2391 ms
43) [16,3],  2433 ms
44) [16,6],  2237 ms
45) [8,5],  2123 ms
46) [7,6],  1513 ms
47) [6,5],  2917 ms
48) [7,4],  5017 ms
49) [12,1],  5004 ms
50) [10,3],  24 ms
51) [7,3],  2322 ms
52) [5,5],  3458 ms
53) [10,2],  3304 ms
54) [8,2],  2589 ms
55) [7,7],  3921 ms
56) [6,2],  2725 ms
57) [9,2],  2424 ms
58) [14,10],  4305 ms
59) [15,11],  5007 ms
60) [11,10],  1729 ms
61) [8,7],  3881 ms
62) [8,6],  5000 ms
63) [17,7],  2055 ms
64) [18,7],  5008 ms
65) [12,11],  4957 ms
66) [5,3],  1969 ms
67) [5,4],  5012 ms
68) [4,4],  86 ms
69) [3,5],  2829 ms
70) [7,1],  89 ms
71) [8,0],  24 ms
72) [3,3],  88 ms
73) [2,2],  2412 ms
74) [4,3],  44 ms
75) [6,3],  1827 ms
76) [4,5],  30 ms
77) [4,2],  4993 ms
78) pbrain-pela:  I win !
78) [6,0],  24 ms
79) [10,4],  24 ms
80) [4,6],  24 ms
81) [4,7],  24 ms
82) [2,3],  25 ms
83) [1,3],  24 ms
84) [5,6],  23 ms
85) [6,6],  27 ms
86) [3,4],  23 ms
87) [6,7],  23 ms
88) [1,2],  22 ms

pela 5.0 wins

pela 5.0:  2430 ms/turn
pela 5.0:  2206 ms/turn
