 0) [10,9],  25 ms
 1) [10,10],  25 ms
 2) [11,11],  24 ms
 3) [11,10],  42 ms
 4) [12,10],  24 ms
 5) [13,9],  24 ms
 6) [10,11],  2034 ms
 7) [8,11],  5000 ms
 8) [8,14],  3105 ms
 9) [10,12],  1797 ms
10) [8,10],  5010 ms
11) [13,11],  5026 ms
12) [13,8],  2937 ms
13) [14,10],  5022 ms
14) [12,8],  5019 ms
15) [12,7],  2311 ms
16) [15,9],  5004 ms
17) [10,8],  3520 ms
18) [7,11],  3007 ms
19) [6,12],  4544 ms
20) [6,10],  3924 ms
21) [7,9],  1777 ms
22) [7,8],  4980 ms
23) [5,10],  1795 ms
24) [12,12],  5006 ms
25) [12,13],  4996 ms
26) [14,7],  1944 ms
27) [15,8],  5009 ms
28) [14,11],  3087 ms
29) [12,9],  1867 ms
30) [6,7],  4989 ms
31) [8,9],  1842 ms
32) [6,9],  2777 ms
33) [6,8],  5015 ms
34) [5,12],  2196 ms
35) [9,13],  2247 ms
36) [10,13],  3134 ms
37) [7,12],  5031 ms
38) [9,12],  4355 ms
39) [4,8],  2622 ms
40) [4,10],  4997 ms
41) [9,7],  3708 ms
42) [10,7],  1972 ms
43) [11,5],  5029 ms
44) [10,6],  1801 ms
45) [13,13],  2206 ms
46) [13,12],  2235 ms
47) [15,12],  2292 ms
48) [15,13],  4122 ms
49) [16,10],  2120 ms
50) [17,10],  3582 ms
51) [16,12],  1897 ms
52) [15,11],  2818 ms
53) [11,15],  5003 ms
54) [10,14],  5001 ms
55) [7,14],  3976 ms
56) [14,6],  2907 ms
57) [14,5],  5006 ms
58) [13,5],  4107 ms
59) [15,7],  2405 ms
60) [15,4],  3108 ms
61) [16,4],  1839 ms
62) [15,3],  5035 ms
63) [12,6],  3949 ms
64) [6,11],  1582 ms
65) [16,7],  1443 ms
66) [17,8],  1706 ms
67) [16,9],  2592 ms
68) [16,8],  1611 ms
69) [15,2],  2456 ms
70) [8,6],  2358 ms
71) [7,6],  1527 ms
72) [9,5],  4647 ms
73) [8,4],  4991 ms
74) [9,14],  1615 ms
75) [11,14],  3937 ms
76) [12,14],  5006 ms
77) [17,7],  4988 ms
78) [18,7],  5029 ms
79) [13,4],  3035 ms
80) [12,3],  2485 ms
81) [10,4],  29 ms
82) [9,3],  3242 ms
83) [11,4],  30 ms
84) [12,4],  1844 ms
85) [14,8],  23 ms
86) [13,7],  23 ms
87) [16,6],  24 ms
88) [17,5],  24 ms
89) [11,3],  5023 ms
90) [15,5],  2234 ms
91) [11,9],  23 ms
92) [11,2],  3331 ms
93) [12,1],  1740 ms
94) [17,11],  1759 ms
95) [18,11],  1895 ms
96) [18,12],  3868 ms
97) [16,3],  1850 ms
98) [16,5],  24 ms
99) [17,6],  1486 ms
100) [18,5],  2565 ms
101) [19,5],  23 ms
102) [11,6],  2559 ms
103) [7,4],  3206 ms
104) [9,4],  23 ms
105) [9,2],  5007 ms
106) [6,5],  3719 ms
107) [8,15],  1993 ms
108) [9,15],  3477 ms
109) [8,16],  2804 ms
110) [6,13],  1286 ms
111) [4,13],  5014 ms
112) [17,12],  2812 ms
113) [17,9],  24 ms
114) [3,11],  2414 ms
115) [7,16],  4114 ms
116) [17,13],  861 ms
117) [17,14],  23 ms
118) [4,11],  1963 ms
119) [5,11],  23 ms
120) [3,10],  1680 ms
121) [2,9],  29 ms
122) [17,4],  590 ms
123) [15,6],  24 ms
124) [3,12],  1350 ms
125) [3,9],  3879 ms
126) [3,14],  1137 ms
127) [3,13],  28 ms
128) [10,15],  558 ms
129) [10,16],  2123 ms
130) [9,16],  285 ms
131) [7,5],  27 ms
132) [9,17],  858 ms
133) [9,18],  24 ms
134) [7,3],  742 ms
135) [5,7],  24 ms
136) [6,6],  24 ms
137) [5,8],  25 ms
138) [5,9],  24 ms
139) [4,6],  24 ms
140) [3,5],  25 ms
141) [2,10],  24 ms
142) [1,11],  25 ms
143) [2,8],  24 ms
144) [3,8],  25 ms
145) [2,7],  23 ms
146) [2,11],  24 ms
147) [2,6],  24 ms

pela 5.0 wins

pela 5.0:  2374 ms/turn
pela 5.0:  2223 ms/turn
