 0) [12,9],  28 ms
 1) [12,10],  25 ms
 2) [13,11],  25 ms
 3) [13,10],  25 ms
 4) [11,10],  24 ms
 5) [10,11],  26 ms
 6) [15,9],  5019 ms
 7) [13,9],  2813 ms
 8) [10,12],  4405 ms
 9) [11,12],  3105 ms
10) [8,10],  5000 ms
11) [14,10],  2343 ms
12) [14,9],  3902 ms
13) [15,8],  3108 ms
14) [15,11],  4299 ms
15) [14,8],  4997 ms
16) [15,7],  3857 ms
17) [13,8],  5032 ms
18) [16,8],  4145 ms
19) [13,6],  269 ms
20) [13,7],  24 ms
21) [17,9],  1933 ms
22) [12,8],  2035 ms
23) [10,10],  4169 ms
24) [12,13],  1867 ms
25) [9,11],  2660 ms
26) [8,12],  2145 ms
27) [16,11],  2036 ms
28) [13,12],  3958 ms
29) [15,10],  3610 ms
30) [16,10],  24 ms
31) [12,11],  1853 ms
32) [9,13],  4990 ms
33) [10,14],  2905 ms
34) [13,13],  1356 ms
35) [10,13],  4997 ms
36) [9,14],  24 ms
37) [8,11],  5027 ms
38) [11,11],  25 ms
39) [6,11],  2604 ms
40) [7,11],  24 ms
41) [9,16],  5023 ms
42) [6,12],  26 ms
43) [5,13],  5021 ms
44) [7,15],  24 ms
45) [8,14],  40 ms
46) [7,12],  24 ms
47) [9,12],  24 ms
48) [12,14],  24 ms
49) [14,12],  55 ms
50) [7,13],  24 ms
51) [7,14],  24 ms
52) [4,12],  23 ms
53) [5,12],  23 ms
54) [6,10],  22 ms
55) [5,9],  23 ms
56) [7,10],  23 ms
57) [7,9],  69 ms
58) [5,10],  24 ms
59) [9,10],  22 ms
60) [4,10],  23 ms

pela 5.0 wins

pela 5.0:  2128 ms/turn
pela 5.0:  1529 ms/turn
