 0) [10,8],  25 ms
 1) [9,7],  25 ms
 2) [11,7],  24 ms
 3) [9,9],  24 ms
 4) [10,6],  25 ms
 5) [12,8],  24 ms
 6) [9,8],  4188 ms
 7) [11,6],  1688 ms
 8) [13,7],  5019 ms
 9) [10,7],  4309 ms
10) [13,8],  2166 ms
11) [13,5],  5016 ms
12) [8,7],  2457 ms
13) [11,10],  5008 ms
14) [8,8],  1841 ms
15) [7,8],  2643 ms
16) [9,5],  1680 ms
17) [8,4],  3896 ms
18) [14,8],  2428 ms
19) [12,6],  2766 ms
20) [12,5],  2603 ms
21) [14,7],  4837 ms
22) [15,9],  2524 ms
23) [13,10],  5005 ms
24) [12,10],  4564 ms
25) [13,9],  5037 ms
26) [13,11],  1687 ms
27) [11,9],  5012 ms
28) [12,9],  4999 ms
29) [16,10],  5032 ms
30) [15,13],  2946 ms
31) [14,12],  5028 ms
32) [11,12],  2305 ms
33) [16,8],  4995 ms
34) [16,9],  5000 ms
35) [12,13],  1796 ms
36) [15,6],  1829 ms
37) [17,10],  3914 ms
38) [14,10],  1753 ms
39) [14,13],  1763 ms
40) [13,13],  5008 ms
41) [13,12],  3550 ms
42) [12,12],  3642 ms
43) [11,13],  24 ms
44) [15,14],  5003 ms
45) [15,15],  5000 ms
46) [10,9],  1546 ms
47) [7,4],  1747 ms
48) [8,5],  4978 ms
49) [6,5],  4996 ms
50) [6,4],  2315 ms
51) [8,6],  1574 ms
52) [5,6],  5017 ms
53) [7,5],  4511 ms
54) [16,11],  4226 ms
55) [15,11],  1863 ms
56) [14,14],  2109 ms
57) [13,15],  4311 ms
58) [12,15],  4460 ms
59) [14,16],  1893 ms
60) [12,14],  4231 ms
61) [13,14],  2529 ms
62) [13,17],  2351 ms
63) [15,16],  5004 ms
64) [17,9],  1749 ms
65) [18,9],  5001 ms
66) [16,17],  3888 ms
67) [11,11],  5003 ms
68) [4,6],  1990 ms
69) [3,6],  4995 ms
70) [4,7],  2318 ms
71) [4,8],  4995 ms
72) [11,15],  3113 ms
73) [12,17],  3806 ms
74) [9,13],  5004 ms
75) [10,16],  4999 ms
76) [10,15],  4992 ms
77) [10,14],  5002 ms
78) [9,2],  3691 ms
79) [10,3],  4998 ms
80) [6,6],  5002 ms
81) [9,4],  2683 ms
82) [8,3],  3631 ms
83) [3,7],  3795 ms
84) [3,9],  3461 ms
85) [9,15],  1838 ms
86) [8,16],  3382 ms
87) [18,10],  3847 ms
88) [5,9],  1447 ms
89) [5,7],  2856 ms
90) [5,5],  5000 ms
91) [10,2],  3047 ms
92) [10,4],  5001 ms
93) [15,10],  2611 ms
94) [19,10],  24 ms
95) [8,14],  2241 ms
96) [11,17],  5002 ms
97) [11,14],  756 ms
98) [14,11],  25 ms
99) [11,3],  809 ms
100) [12,4],  4489 ms
101) [11,2],  1323 ms
102) [11,1],  2306 ms
103) [18,11],  1499 ms
104) [18,12],  3027 ms
105) [12,1],  1303 ms
106) [13,0],  26 ms
107) [13,3],  1113 ms
108) [12,3],  5011 ms
109) [18,8],  409 ms
110) [18,7],  24 ms
111) [13,2],  898 ms
112) [13,4],  5002 ms
113) [10,5],  338 ms
114) [7,3],  5006 ms
115) [8,2],  24 ms
116) [5,3],  5005 ms
117) [6,3],  624 ms
118) [4,4],  5016 ms
119) [7,7],  23 ms
120) [7,6],  24 ms
121) [4,3],  338 ms
122) [14,4],  4990 ms
123) [11,4],  26 ms
124) [11,5],  28 ms
125) [15,4],  323 ms
126) [14,3],  1677 ms
127) [14,5],  485 ms
128) [9,14],  4993 ms
129) [2,9],  185 ms
130) [16,16],  5030 ms
131) [15,17],  138 ms
132) [12,16],  5006 ms
133) [15,2],  247 ms
134) [17,2],  5036 ms
135) [14,18],  358 ms
136) [15,18],  2475 ms
137) [3,4],  323 ms
138) [3,5],  5021 ms
139) [2,6],  261 ms
140) [2,7],  4998 ms
141) [2,2],  224 ms
142) [1,5],  2556 ms
143) [16,15],  205 ms
144) [14,15],  1777 ms
145) [5,2],  176 ms
146) [2,5],  2094 ms
147) [4,5],  23 ms
148) [7,2],  2785 ms
149) [7,11],  93 ms
150) [6,12],  1903 ms
151) [8,13],  81 ms
152) [7,10],  1761 ms
153) [6,10],  104 ms
154) [5,11],  3610 ms
155) [7,0],  93 ms
156) [6,1],  23 ms
157) [4,1],  101 ms
158) [3,0],  24 ms
159) [17,19],  83 ms
160) [16,18],  24 ms
161) [14,2],  26 ms
162) [12,2],  24 ms
163) [4,10],  70 ms
164) [5,10],  25 ms
165) [5,12],  24 ms
166) [4,9],  25 ms
167) [3,8],  24 ms
168) [6,9],  23 ms
169) [7,9],  24 ms
170) [5,8],  24 ms
171) [6,7],  24 ms
172) [8,11],  24 ms

pela 5.0 wins

pela 5.0:  2089 ms/turn
pela 5.0:  2811 ms/turn
