 0) [10,10],  24 ms
 1) [11,10],  25 ms
 2) [10,9],  23 ms
 3) [10,8],  25 ms
 4) [11,7],  2953 ms
 5) [13,8],  5004 ms
 6) [12,9],  4035 ms
 7) [11,9],  4996 ms
 8) [12,7],  4605 ms
 9) [9,10],  4468 ms
10) [11,11],  4863 ms
11) [12,8],  2748 ms
12) [11,8],  3586 ms
13) [10,7],  4994 ms
14) [12,10],  4999 ms
15) [12,12],  3905 ms
16) [11,4],  2438 ms
17) [13,6],  5055 ms
18) [13,7],  4024 ms
19) [11,5],  1760 ms
20) [15,12],  2640 ms
21) [15,7],  1856 ms
22) [9,9],  2845 ms
23) [15,8],  3597 ms
24) [8,8],  2470 ms
25) [7,7],  24 ms
26) [13,10],  4186 ms
27) [14,11],  24 ms
28) [15,6],  2919 ms
29) [16,9],  34 ms
30) [14,7],  5000 ms
31) [17,8],  27 ms
32) [15,10],  2012 ms
33) [16,8],  27 ms
34) [14,8],  25 ms
35) [18,8],  25 ms
36) [19,8],  24 ms
37) [16,10],  25 ms
38) [17,9],  28 ms
39) [16,7],  25 ms
40) [16,11],  25 ms
41) [16,6],  24 ms

pela 5.0 wins

pela 5.0:  2558 ms/turn
pela 5.0:  1841 ms/turn
