 0) [8,8],  25 ms
 1) [7,9],  25 ms
 2) [8,7],  25 ms
 3) [8,6],  24 ms
 4) [9,8],  4711 ms
 5) [10,8],  25 ms
 6) [10,6],  5003 ms
 7) [11,10],  2392 ms
 8) [11,9],  3460 ms
 9) [7,6],  5008 ms
10) [7,5],  5002 ms
11) [9,7],  3891 ms
12) [10,4],  4992 ms
13) [10,5],  5002 ms
14) [13,7],  1552 ms
15) [10,10],  4997 ms
16) [8,10],  2523 ms
17) [8,11],  5008 ms
18) [10,11],  1733 ms
19) [12,6],  2702 ms
20) [13,5],  2619 ms
21) [13,6],  1726 ms
22) [14,7],  2657 ms
23) [15,7],  2748 ms
24) [15,6],  2254 ms
25) [16,5],  4902 ms
26) [6,6],  4990 ms
27) [8,4],  3195 ms
28) [5,5],  3920 ms
29) [7,7],  1755 ms
30) [7,10],  4771 ms
31) [7,8],  5023 ms
32) [5,4],  4757 ms
33) [5,6],  3078 ms
34) [5,9],  5036 ms
35) [4,5],  3808 ms
36) [6,7],  4245 ms
37) [6,10],  1977 ms
38) [14,5],  5023 ms
39) [14,6],  2033 ms
40) [3,9],  2442 ms
41) [4,8],  5025 ms
42) [6,11],  1830 ms
43) [8,9],  3370 ms
44) [4,9],  138 ms
45) [6,9],  2411 ms
46) [6,4],  28 ms
47) [6,8],  2636 ms
48) [6,5],  483 ms
49) [6,3],  23 ms
50) [2,9],  158 ms
51) [1,9],  23 ms
52) [3,8],  239 ms
53) [7,12],  789 ms
54) [9,10],  285 ms
55) [3,10],  1885 ms
56) [3,7],  27 ms
57) [2,8],  28 ms
58) [3,6],  25 ms
59) [3,5],  24 ms
60) [2,7],  25 ms
61) [5,10],  23 ms
62) [4,6],  25 ms
63) [7,3],  23 ms
64) [4,7],  25 ms
65) [5,7],  24 ms
66) [1,6],  25 ms
67) [0,5],  24 ms
68) [0,7],  25 ms
69) [1,7],  23 ms
70) [2,6],  58 ms
71) [0,6],  60 ms
72) [2,5],  51 ms
73) [1,4],  23 ms
74) [3,4],  24 ms
75) [4,3],  70 ms
76) [2,4],  23 ms
77) [4,4],  24 ms
78) [2,3],  52 ms

pela 5.0 wins

pela 5.0:  1944 ms/turn
pela 5.0:  1882 ms/turn
