 0) [12,11],  25 ms
 1) [13,10],  25 ms
 2) [12,12],  25 ms
 3) [12,13],  24 ms
 4) [11,11],  2316 ms
 5) [13,11],  26 ms
 6) [13,14],  5035 ms
 7) [14,14],  1716 ms
 8) [13,9],  2418 ms
 9) [12,10],  5002 ms
10) [15,13],  2811 ms
11) [11,8],  3054 ms
12) [10,7],  2852 ms
13) [9,10],  2125 ms
14) [11,10],  4632 ms
15) [10,9],  2533 ms
16) [8,11],  2120 ms
17) [10,11],  3497 ms
18) [8,9],  2110 ms
19) [11,12],  3003 ms
20) [14,13],  5003 ms
21) [15,14],  5027 ms
22) [14,10],  5001 ms
23) [15,11],  4995 ms
24) [12,7],  5031 ms
25) [11,7],  3419 ms
26) [12,5],  1957 ms
27) [11,6],  2975 ms
28) [11,5],  4927 ms
29) [12,4],  2557 ms
30) [6,9],  4995 ms
31) [8,12],  2072 ms
32) [10,8],  1915 ms
33) [7,10],  4998 ms
34) [8,8],  887 ms
35) [8,10],  2330 ms
36) [6,10],  37 ms
37) [7,9],  4996 ms
38) [6,8],  34 ms
39) [6,7],  4997 ms
40) [10,5],  37 ms
41) [9,5],  1686 ms
42) [7,8],  25 ms
43) [9,8],  24 ms
44) [8,7],  24 ms
45) [9,6],  24 ms
46) [4,8],  24 ms
47) [5,8],  25 ms
48) [6,11],  24 ms
49) [6,12],  24 ms
50) [4,11],  24 ms
51) [5,10],  24 ms
52) [13,5],  25 ms
53) [14,5],  23 ms
54) [7,11],  24 ms
55) [5,11],  22 ms
56) [10,4],  23 ms
57) [10,6],  23 ms
58) [9,9],  22 ms
59) [10,10],  23 ms
60) [8,6],  23 ms
61) [8,5],  22 ms
62) [5,9],  23 ms
63) [3,7],  27 ms
64) [4,10],  23 ms
65) [7,7],  23 ms
66) [4,9],  22 ms
67) [4,12],  23 ms
68) [4,7],  23 ms

pela 5.0 wins

pela 5.0:  1804 ms/turn
pela 5.0:  1557 ms/turn
