 0) [8,8],  24 ms
 1) [9,9],  24 ms
 2) [9,7],  24 ms
 3) [7,9],  55 ms
 4) [10,8],  23 ms
 5) [8,6],  24 ms
 6) [6,9],  3932 ms
 7) [11,8],  2648 ms
 8) [7,8],  5026 ms
 9) [6,8],  2295 ms
10) [8,10],  4047 ms
11) [8,7],  1741 ms
12) [9,5],  3603 ms
13) [9,6],  3914 ms
14) [7,6],  5009 ms
15) [12,9],  4998 ms
16) [10,7],  1683 ms
17) [10,6],  5005 ms
18) [11,6],  4294 ms
19) [8,9],  1464 ms
20) [10,9],  1567 ms
21) [10,11],  5014 ms
22) [11,10],  5004 ms
23) [12,5],  1916 ms
24) [6,7],  4441 ms
25) [5,8],  2911 ms
26) [5,7],  1675 ms
27) [14,11],  4086 ms
28) [15,12],  2610 ms
29) [9,11],  1967 ms
30) [11,11],  3369 ms
31) [12,11],  1909 ms
32) [12,10],  1592 ms
33) [11,9],  2079 ms
34) [12,8],  3789 ms
35) [10,10],  1522 ms
36) [8,12],  2602 ms
37) [9,4],  5001 ms
38) [9,12],  2722 ms
39) [10,12],  2153 ms
40) [10,13],  2676 ms
41) [8,11],  2292 ms
42) [12,3],  4933 ms
43) [15,8],  2422 ms
44) [14,9],  4995 ms
45) [15,10],  3843 ms
46) [17,8],  5001 ms
47) [12,14],  3931 ms
48) [11,13],  5009 ms
49) [11,14],  3846 ms
50) [12,13],  2983 ms
51) [9,13],  2417 ms
52) [14,12],  5002 ms
53) [14,13],  5001 ms
54) [17,9],  5000 ms
55) [6,11],  4910 ms
56) [7,11],  24 ms
57) [15,11],  5004 ms
58) [15,7],  2462 ms
59) [13,11],  4566 ms
60) [16,11],  25 ms
61) [13,12],  3979 ms
62) [13,14],  1704 ms
63) [13,9],  4999 ms
64) [13,10],  24 ms
65) [17,10],  3273 ms
66) [17,7],  2603 ms
67) [18,10],  2532 ms
68) [16,10],  1906 ms
69) [15,14],  1813 ms
70) [16,15],  24 ms
71) [16,7],  3276 ms
72) [14,6],  1527 ms
73) [16,8],  1459 ms
74) [17,6],  27 ms
75) [17,5],  24 ms
76) [16,6],  29 ms
77) [13,6],  4629 ms
78) [14,7],  25 ms
79) [14,8],  3765 ms
80) [15,5],  26 ms
81) [14,4],  3134 ms
82) [15,6],  28 ms
83) [18,6],  25 ms
84) [16,5],  28 ms
85) [17,4],  26 ms
86) pbrain-pela:  I win !
86) [15,4],  42 ms
87) [15,3],  26 ms
88) [14,3],  25 ms
89) [18,7],  26 ms
90) [13,2],  25 ms

pela 5.0 wins

pela 5.0:  2709 ms/turn
pela 5.0:  2243 ms/turn
