 0) [11,8],  25 ms
 1) [12,7],  24 ms
 2) [10,7],  24 ms
 3) [12,9],  24 ms
 4) [10,6],  25 ms
 5) [11,9],  24 ms
 6) [12,6],  24 ms
 7) [10,9],  24 ms
 8) [9,9],  3059 ms
 9) [10,8],  2479 ms
10) [11,6],  397 ms
11) [9,6],  3035 ms
12) [13,6],  106 ms
13) [14,6],  24 ms
14) [12,5],  116 ms
15) [13,4],  4999 ms
16) [11,4],  50 ms
17) [13,9],  4283 ms
18) [14,9],  25 ms
19) [10,3],  2658 ms
20) [11,5],  32 ms
21) [11,7],  25 ms
22) [9,8],  28 ms
23) [8,9],  25 ms
24) [9,7],  28 ms
25) [12,4],  2522 ms
26) [11,3],  26 ms
27) [11,2],  25 ms
28) [8,8],  34 ms
29) [7,9],  23 ms
30) [10,4],  25 ms
31) [13,7],  4104 ms
32) [8,2],  26 ms
33) [9,3],  24 ms
34) [14,7],  26 ms
35) [15,8],  25 ms
36) [12,8],  5011 ms
37) [9,5],  5045 ms
38) [9,4],  4298 ms
39) [8,4],  5022 ms
40) [10,11],  2445 ms
41) [9,11],  2307 ms
42) [7,5],  2283 ms
43) [15,5],  4326 ms
44) [15,6],  1672 ms
45) [16,4],  27 ms
46) [17,3],  25 ms
47) [14,4],  26 ms
48) [15,4],  26 ms
49) [16,6],  26 ms
50) [13,3],  4698 ms
51) [14,8],  27 ms
52) [15,7],  5008 ms
53) [17,8],  28 ms
54) [18,8],  3193 ms
55) [13,8],  25 ms
56) [16,8],  25 ms
57) [13,11],  25 ms
58) [13,10],  24 ms
59) [12,10],  25 ms
60) [14,12],  25 ms
61) [10,12],  28 ms
62) [11,11],  24 ms
63) [8,10],  25 ms
64) [11,13],  25 ms
65) [6,8],  24 ms

pela 5.0 wins

pela 5.0:  995 ms/turn
pela 5.0:  1252 ms/turn
