 0) [12,10],  24 ms
 1) [13,9],  26 ms
 2) [11,9],  24 ms
 3) [13,11],  24 ms
 4) [12,8],  24 ms
 5) [10,10],  25 ms
 6) [13,12],  4517 ms
 7) [12,7],  3252 ms
 8) [12,12],  2036 ms
 9) [12,11],  3819 ms
10) [10,11],  3285 ms
11) [11,12],  5011 ms
12) [15,12],  2128 ms
13) [14,12],  2240 ms
14) [14,9],  4390 ms
15) [15,10],  1561 ms
16) [16,10],  1855 ms
17) [15,7],  4995 ms
18) [15,9],  2876 ms
19) [14,8],  5001 ms
20) [16,6],  2789 ms
21) [13,13],  2662 ms
22) [10,13],  2413 ms
23) [18,7],  2001 ms
24) [16,9],  3280 ms
25) [17,9],  4909 ms
26) [16,8],  1963 ms
27) [16,7],  25 ms
28) [17,7],  2178 ms
29) [18,6],  2558 ms
30) [13,7],  3401 ms
31) [15,5],  1552 ms
32) [18,5],  1827 ms
33) [14,5],  1934 ms
34) [15,4],  5003 ms
35) [15,13],  2230 ms
36) [15,11],  2759 ms
37) [14,13],  2989 ms
38) [16,13],  1607 ms
39) [16,14],  5019 ms
40) [17,15],  24 ms
41) [18,15],  2105 ms
42) [11,14],  5010 ms
43) [10,15],  1669 ms
44) [13,4],  4993 ms
45) [14,14],  4902 ms
46) [14,15],  5025 ms
47) [13,16],  2390 ms
48) [13,15],  2599 ms
49) [14,11],  4991 ms
50) [14,10],  25 ms
51) [11,16],  5006 ms
52) [10,16],  5000 ms
53) [15,14],  5015 ms
54) [13,14],  4387 ms
55) [16,12],  2419 ms
56) [18,14],  4992 ms
57) [14,4],  5001 ms
58) [14,6],  4783 ms
59) [17,6],  2791 ms
60) [13,6],  5003 ms
61) [13,5],  5008 ms
62) [16,5],  4098 ms
63) [12,6],  3923 ms
64) [15,3],  1495 ms
65) [15,15],  3587 ms
66) [15,16],  4998 ms
67) [16,17],  2163 ms
68) [16,16],  5015 ms
69) [15,17],  1817 ms
70) [14,17],  1894 ms
71) [17,14],  5002 ms
72) [11,13],  2698 ms
73) [9,12],  2209 ms
74) [10,8],  3457 ms
75) [9,7],  3949 ms
76) [9,15],  2648 ms
77) [10,14],  2637 ms
78) [9,14],  3509 ms
79) [9,17],  5007 ms
80) [17,16],  2012 ms
81) [18,16],  2980 ms
82) [14,7],  1424 ms
83) [15,8],  3164 ms
84) [16,4],  3758 ms
85) [16,3],  2443 ms
86) [12,5],  4164 ms
87) [11,6],  3863 ms
88) [18,10],  2305 ms
89) [11,4],  4991 ms
90) [9,6],  1669 ms
91) [8,14],  3599 ms
92) [8,5],  4196 ms
93) [11,8],  2006 ms
94) [14,3],  4324 ms
95) [15,2],  4355 ms
96) [11,5],  5014 ms
97) [9,5],  2503 ms
98) [9,4],  4461 ms
99) [8,3],  5000 ms
100) [7,4],  3797 ms
101) [6,3],  5028 ms
102) [14,2],  62 ms
103) [13,1],  2221 ms
104) [10,3],  26 ms
105) [11,2],  2069 ms
106) [7,6],  25 ms
107) [6,7],  23 ms
108) [8,4],  39 ms
109) [6,4],  3556 ms
110) [6,6],  26 ms
111) [8,6],  23 ms
112) [7,5],  23 ms
113) [7,7],  24 ms
114) [5,7],  22 ms
115) [9,3],  24 ms
116) [4,8],  23 ms

pela 5.0 wins

pela 5.0:  2667 ms/turn
pela 5.0:  2953 ms/turn
