 0) [10,9],  25 ms
 1) [10,10],  25 ms
 2) [9,10],  25 ms
 3) [9,9],  24 ms
 4) [8,11],  25 ms
 5) [7,12],  24 ms
 6) [8,13],  5010 ms
 7) [11,8],  5026 ms
 8) [11,11],  4227 ms
 9) [7,11],  2209 ms
10) [6,12],  4787 ms
11) [8,12],  2253 ms
12) [7,13],  1553 ms
13) [9,13],  2711 ms
14) [10,14],  1864 ms
15) [5,11],  5005 ms
16) [6,10],  3551 ms
17) [9,8],  3727 ms
18) [12,8],  2414 ms
19) [7,10],  4165 ms
20) [7,8],  4985 ms
21) [10,11],  2472 ms
22) [10,7],  5002 ms
23) [10,6],  2476 ms
24) [9,15],  1625 ms
25) [8,14],  5024 ms
26) [10,15],  2709 ms
27) [7,15],  3943 ms
28) [6,16],  1418 ms
29) [10,16],  2043 ms
30) [11,13],  55 ms
31) [12,12],  5004 ms
32) [11,14],  58 ms
33) [11,12],  2000 ms
34) [9,16],  35 ms
35) [8,17],  1495 ms
36) [6,13],  38 ms
37) [6,11],  24 ms
38) [8,16],  23 ms
39) [7,17],  27 ms
40) [6,15],  23 ms
41) [6,14],  23 ms
42) [5,16],  23 ms
43) [7,16],  23 ms
44) [7,14],  23 ms
45) [9,12],  23 ms
46) [4,17],  23 ms

pela 5.0 wins

pela 5.0:  1646 ms/turn
pela 5.0:  2162 ms/turn
