 0) [9,12],  25 ms
 1) [8,13],  24 ms
 2) [9,11],  24 ms
 3) [9,10],  24 ms
 4) [10,12],  3321 ms
 5) [11,12],  24 ms
 6) [11,10],  5000 ms
 7) [12,14],  1964 ms
 8) [12,13],  2400 ms
 9) [8,10],  4994 ms
10) [8,9],  5033 ms
11) [10,11],  3975 ms
12) [11,8],  4993 ms
13) [11,9],  5006 ms
14) [14,11],  5019 ms
15) [11,14],  5032 ms
16) [9,14],  1966 ms
17) [9,15],  5021 ms
18) [11,15],  5003 ms
19) [13,10],  2118 ms
20) [14,9],  2335 ms
21) [14,10],  5000 ms
22) [15,11],  3248 ms
23) [16,11],  3016 ms
24) [16,10],  5002 ms
25) [17,9],  2987 ms
26) [7,10],  2573 ms
27) [9,8],  1736 ms
28) [6,9],  2595 ms
29) [8,11],  4490 ms
30) [8,14],  2301 ms
31) [8,12],  5005 ms
32) [6,8],  2662 ms
33) [6,10],  1749 ms
34) [6,13],  4995 ms
35) [5,9],  2065 ms
36) [7,11],  4998 ms
37) [7,14],  5000 ms
38) [15,9],  3238 ms
39) [15,10],  1955 ms
40) [4,13],  5015 ms
41) [5,12],  5000 ms
42) [7,15],  859 ms
43) [9,13],  3414 ms
44) [5,13],  86 ms
45) [7,13],  1521 ms
46) [7,8],  28 ms
47) [7,12],  2836 ms
48) [7,9],  306 ms
49) [7,7],  25 ms
50) [3,13],  100 ms
51) [2,13],  25 ms
52) [4,12],  137 ms
53) [8,16],  70 ms
54) [10,14],  221 ms
55) [10,13],  3287 ms
56) [11,13],  25 ms
57) [4,11],  2090 ms
58) [3,11],  29 ms
59) [6,14],  25 ms
60) [3,12],  28 ms
61) [3,14],  4999 ms
62) [2,10],  27 ms
63) [1,9],  26 ms
64) [3,9],  28 ms
65) [3,10],  25 ms
66) [4,8],  27 ms
67) [5,7],  24 ms
68) [5,8],  25 ms
69) [8,8],  25 ms
70) [3,8],  24 ms

pela 5.0 wins

pela 5.0:  2416 ms/turn
pela 5.0:  2047 ms/turn
