 0) [9,9],  25 ms
 1) [10,10],  24 ms
 2) [8,10],  25 ms
 3) [10,8],  25 ms
 4) [8,11],  24 ms
 5) [9,8],  24 ms
 6) [10,11],  25 ms
 7) [8,8],  24 ms
 8) [7,8],  2587 ms
 9) [8,9],  1974 ms
10) [9,11],  404 ms
11) [7,11],  1798 ms
12) [11,11],  88 ms
13) [12,11],  24 ms
14) [10,12],  32 ms
15) [11,13],  4362 ms
16) [9,13],  25 ms
17) [11,8],  3602 ms
18) [12,8],  23 ms
19) [8,14],  4478 ms
20) [9,12],  25 ms
21) [9,10],  23 ms
22) [11,12],  47 ms
23) [8,12],  1818 ms
24) [7,10],  43 ms
25) [6,9],  5002 ms
26) [9,14],  45 ms
27) [9,15],  29 ms
28) [8,13],  31 ms
29) [7,14],  29 ms
30) [10,13],  29 ms
31) [11,14],  30 ms
32) [10,15],  24 ms
33) [10,14],  23 ms
34) [7,12],  23 ms
35) [11,16],  23 ms
36) [6,11],  23 ms

pela 5.0 wins

pela 5.0:  186 ms/turn
pela 5.0:  1295 ms/turn
