 0) [12,11],  24 ms
 1) [11,12],  23 ms
 2) [13,12],  24 ms
 3) [11,10],  24 ms
 4) [13,13],  23 ms
 5) [12,10],  24 ms
 6) [11,13],  24 ms
 7) [13,10],  23 ms
 8) [10,10],  2075 ms
 9) [12,13],  2491 ms
10) [14,10],  2360 ms
11) [12,12],  4666 ms
12) [10,12],  4982 ms
13) [12,14],  1742 ms
14) [14,11],  2231 ms
15) [14,9],  2128 ms
16) [14,13],  3285 ms
17) [15,11],  1499 ms
18) [13,15],  1416 ms
19) [13,14],  5013 ms
20) [14,14],  198 ms
21) [14,12],  25 ms
22) [14,15],  40 ms
23) [10,11],  1649 ms
24) [9,10],  25 ms
25) [16,15],  4473 ms
26) [14,17],  27 ms
27) [14,16],  28 ms
28) [12,15],  33 ms
29) [11,15],  30 ms
30) [15,13],  26 ms
31) [12,16],  24 ms
32) [16,12],  25 ms
33) [17,11],  55 ms
34) [13,16],  91 ms
35) [15,18],  119 ms
36) [16,13],  84 ms
37) [17,13],  72 ms
38) [15,14],  25 ms
39) [17,12],  25 ms
40) [12,17],  25 ms

pela 5.0 wins

pela 5.0:  811 ms/turn
pela 5.0:  1206 ms/turn
