 0) [12,12],  23 ms
 1) [13,13],  22 ms
 2) [13,11],  23 ms
 3) [11,13],  23 ms
 4) [14,12],  23 ms
 5) [12,10],  23 ms
 6) [10,13],  3750 ms
 7) [15,12],  2686 ms
 8) [11,12],  1777 ms
 9) [10,12],  2560 ms
10) [12,14],  4485 ms
11) [12,11],  1951 ms
12) [13,9],  4045 ms
13) [13,10],  4065 ms
14) [11,10],  1775 ms
15) [16,13],  1508 ms
16) [14,11],  5003 ms
17) [14,10],  1529 ms
18) [15,10],  3025 ms
19) [12,13],  4994 ms
20) [14,13],  1631 ms
21) [14,15],  4994 ms
22) [15,14],  5000 ms
23) [16,9],  1913 ms
24) [10,11],  3729 ms
25) [9,12],  1886 ms
26) [9,11],  5004 ms
27) [18,15],  4250 ms
28) [11,9],  1840 ms
29) [11,8],  5011 ms
30) [8,11],  5020 ms
31) [7,11],  5010 ms
32) [8,12],  3566 ms
33) [10,10],  1644 ms
34) [8,13],  3816 ms
35) [8,10],  1547 ms
36) [8,15],  4998 ms
37) [8,14],  23 ms
38) [11,11],  2474 ms
39) [9,14],  2804 ms
40) [6,12],  1679 ms
41) [6,13],  5050 ms
42) [9,15],  3875 ms
43) [15,16],  2717 ms
44) [17,14],  1642 ms
45) [16,14],  4168 ms
46) [16,17],  2383 ms
47) [10,15],  3706 ms
48) [16,12],  5012 ms
49) [16,16],  2449 ms
50) [15,15],  4912 ms
51) [16,7],  2762 ms
52) [15,8],  4982 ms
53) [15,7],  1961 ms
54) [16,8],  2021 ms
55) [13,8],  4179 ms
56) [5,15],  4248 ms
57) [6,15],  2370 ms
58) [6,14],  5000 ms
59) [7,13],  23 ms
60) [11,14],  1613 ms
61) [14,14],  5008 ms
62) [4,14],  2576 ms
63) [4,12],  2265 ms
64) [12,7],  1617 ms
65) [3,13],  2146 ms
66) [4,13],  4657 ms
67) [12,9],  1888 ms
68) [10,7],  2557 ms
69) [5,12],  4996 ms
70) [6,10],  3218 ms
71) [18,8],  4149 ms
72) [18,7],  4391 ms
73) [12,16],  3546 ms
74) [13,16],  4978 ms
75) [15,6],  1649 ms
76) [14,7],  1747 ms
77) [16,6],  2929 ms
78) [17,5],  1755 ms
79) [18,16],  5025 ms
80) [17,16],  4997 ms
81) [18,17],  2920 ms
82) [18,18],  4993 ms
83) [5,14],  3426 ms
84) [12,5],  5024 ms
85) [13,6],  5011 ms
86) [14,6],  5021 ms
87) [11,7],  5044 ms
88) [10,8],  4891 ms
89) [10,5],  2379 ms
90) [12,4],  4168 ms
91) [12,6],  5000 ms
92) [14,4],  601 ms
93) [14,3],  1665 ms
94) [14,5],  160 ms
95) [14,8],  22 ms
96) [15,5],  209 ms
97) [18,14],  2673 ms
98) [18,13],  22 ms
99) [13,5],  1621 ms
100) [13,7],  29 ms
101) [12,8],  23 ms
102) [16,4],  25 ms
103) [17,3],  23 ms
104) [15,3],  25 ms
105) [14,2],  4986 ms
106) [18,5],  24 ms
107) [16,5],  24 ms
108) [15,4],  23 ms
109) [13,4],  24 ms
110) [18,6],  23 ms
111) [19,7],  23 ms
112) [18,4],  24 ms
113) [17,4],  22 ms
114) [18,3],  24 ms

pela 5.0 wins

pela 5.0:  2692 ms/turn
pela 5.0:  2566 ms/turn
