 0) [15,15],  31 ms
 1) [14,15],  184 ms
 2) [16,16],  31 ms
 3) [14,14],  32 ms
 4) [14,13],  2490 ms
 5) [16,15],  25680 ms
 6) [15,17],  2831 ms
 7) [14,18],  10967 ms
 8) [13,17],  5031 ms
 9) [12,18],  6546 ms
10) [14,17],  5019 ms
11) [16,17],  9197 ms
12) [13,18],  3490 ms
13) [15,16],  18203 ms
14) [17,18],  5015 ms
15) [12,17],  5634 ms
16) [13,16],  1961 ms
17) [13,15],  14797 ms
18) [12,16],  5016 ms
19) [13,20],  8048 ms
20) [17,19],  3801 ms
21) [15,18],  11252 ms
22) [14,19],  5010 ms
23) [13,14],  9943 ms
24) [12,13],  31 ms
25) [17,20],  5139 ms
26) [16,18],  331 ms
27) [18,20],  4726 ms
28) [16,19],  186 ms
29) [15,19],  5124 ms
30) [11,16],  172 ms
31) [10,16],  4644 ms
32) [15,20],  307 ms
33) [14,21],  4571 ms
34) [16,21],  54 ms
35) [17,22],  32 ms
36) [16,20],  52 ms
37) [16,22],  41 ms
38) [18,18],  36 ms
39) [19,17],  3005 ms
40) [18,17],  31 ms
41) [19,16],  31 ms
42) [19,19],  32 ms
43) [17,17],  31 ms
44) [19,18],  32 ms
45) [20,18],  32 ms
46) [20,19],  33 ms
47) [18,19],  32 ms
48) [21,20],  31 ms
49) [22,21],  32 ms
50) [17,16],  31 ms

pela 5.0 wins

pela 5.0:  1580 ms/turn
pela 60.0:  5916 ms/turn
