 0) [14,17],  33 ms
 1) [14,18],  32 ms
 2) [15,18],  32 ms
 3) [15,17],  31 ms
 4) [16,19],  33 ms
 5) [17,20],  31 ms
 6) [18,19],  5013 ms
 7) [19,19],  25704 ms
 8) [16,16],  2178 ms
 9) [16,15],  22026 ms
10) [17,16],  2513 ms
11) [15,16],  6883 ms
12) [17,18],  2301 ms
13) [18,17],  17899 ms
14) [19,16],  5032 ms
15) [18,16],  11645 ms
16) [18,15],  1573 ms
17) [16,17],  9233 ms
18) [19,17],  3009 ms
19) [19,14],  12371 ms
20) [16,18],  5021 ms
21) [12,16],  4165 ms
22) [12,15],  5031 ms
23) [13,16],  35 ms
24) [14,16],  5014 ms
25) [13,17],  4727 ms
26) [18,18],  4105 ms
27) [19,18],  32 ms
28) [11,15],  5012 ms
29) [13,15],  39 ms
30) [13,14],  5024 ms
31) [13,19],  34 ms
32) [13,18],  60 ms
33) [11,21],  46 ms
34) [12,20],  48 ms
35) [14,14],  2516 ms
36) [11,17],  5015 ms
37) [11,16],  3667 ms
38) [16,20],  2611 ms
39) [17,19],  4463 ms
40) [15,20],  113 ms
41) [15,13],  55 ms
42) [16,12],  32 ms
43) [15,15],  43 ms
44) [15,14],  30 ms
45) [17,15],  38 ms
46) [14,15],  31 ms
47) [16,14],  34 ms
48) [14,12],  31 ms
49) [10,16],  33 ms
50) [9,16],  30 ms
51) [16,21],  32 ms
52) [14,21],  40 ms
53) [13,22],  30 ms
54) [14,20],  32 ms
55) [13,20],  31 ms
56) [13,21],  33 ms
57) [15,19],  31 ms
58) [14,22],  32 ms
59) [15,23],  31 ms
60) [14,23],  31 ms
61) [14,24],  62 ms
62) [14,19],  30 ms

pela 5.0 wins

pela 5.0:  1847 ms/turn
pela 60.0:  4064 ms/turn
