 0) [17,14],  37 ms
 1) [16,14],  250 ms
 2) [15,13],  33 ms
 3) [16,13],  32 ms
 4) [16,15],  33 ms
 5) [15,15],  33 ms
 6) [17,13],  34 ms
 7) [17,16],  25667 ms
 8) [17,11],  3109 ms
 9) [17,12],  9752 ms
10) [18,11],  4263 ms
11) [16,11],  20603 ms
12) [16,12],  1376 ms
13) [18,10],  7229 ms
14) [14,14],  800 ms
15) [13,15],  33 ms
16) [15,10],  1826 ms
17) [15,11],  10314 ms
18) [13,16],  2428 ms
19) [18,14],  15167 ms
20) [14,11],  4303 ms
21) [13,12],  13004 ms
22) [18,12],  5007 ms
23) [19,12],  11141 ms
24) [19,14],  3118 ms
25) [19,13],  2892 ms
26) [20,12],  3391 ms
27) [19,10],  9132 ms
28) [19,9],  3009 ms
29) [21,11],  6343 ms
30) [20,10],  2149 ms
31) [21,9],  3701 ms
32) [13,10],  5002 ms
33) [14,10],  4975 ms
34) [14,9],  3234 ms
35) [12,9],  3909 ms
36) [12,8],  2732 ms
37) [12,11],  4604 ms
38) [11,10],  2325 ms
39) [14,17],  1693 ms
40) [21,12],  2802 ms
41) [20,11],  4232 ms
42) [22,11],  1926 ms
43) [23,10],  2269 ms
44) [16,10],  2994 ms
45) [14,8],  1434 ms
46) [17,9],  3250 ms
47) [16,9],  1484 ms
48) [10,10],  1943 ms
49) [9,10],  1219 ms
50) [12,12],  2840 ms
51) [11,11],  2704 ms
52) [20,13],  4031 ms
53) [18,15],  40 ms
54) [18,16],  2179 ms
55) [22,9],  65 ms
56) [21,10],  2063 ms
57) [23,9],  54 ms
58) [24,9],  3237 ms
59) [21,8],  45 ms
60) [20,7],  3123 ms
61) [23,8],  38 ms
62) [23,11],  5016 ms
63) [22,8],  34 ms
64) [20,8],  4842 ms
65) pbrain-pela:  I win !
65) [24,11],  31 ms
66) [25,12],  33 ms
67) [23,7],  31 ms
68) [23,6],  31 ms
69) [24,8],  32 ms
70) [25,8],  32 ms
71) [22,10],  31 ms
72) [25,7],  31 ms
73) [22,6],  32 ms
74) [22,7],  31 ms
75) [21,5],  32 ms
76) [25,9],  34 ms
77) [20,4],  31 ms

pela 60.0 wins

pela 5.0:  2273 ms/turn
pela 60.0:  4213 ms/turn
