 0) [15,16],  33 ms
 1) [16,16],  32 ms
 2) [15,15],  33 ms
 3) [15,14],  32 ms
 4) [14,16],  1518 ms
 5) [13,17],  22222 ms
 6) [11,16],  2509 ms
 7) [12,16],  22534 ms
 8) [14,18],  3022 ms
 9) [14,17],  19322 ms
10) [12,17],  2840 ms
11) [10,15],  16568 ms
12) [10,14],  5031 ms
13) [13,15],  14193 ms
14) [13,14],  2073 ms
15) [12,15],  12188 ms
16) [11,15],  5038 ms
17) [11,14],  7808 ms
18) [13,16],  5013 ms
19) [16,17],  5936 ms
20) [16,15],  5042 ms
21) [17,15],  8469 ms
22) [15,17],  5048 ms
23) [11,18],  7250 ms
24) [10,18],  3707 ms
25) [15,20],  2345 ms
26) [12,12],  1839 ms
27) [15,18],  3585 ms
28) [14,19],  4373 ms
29) [13,13],  4928 ms
30) [15,13],  2010 ms
31) [13,11],  4662 ms
32) [18,13],  5016 ms
33) [19,12],  2975 ms
34) [9,17],  5009 ms
35) [8,16],  3565 ms
36) [13,19],  5006 ms
37) [12,20],  3063 ms
38) [13,12],  1882 ms
39) [11,12],  2618 ms
40) [11,20],  1748 ms
41) [12,19],  2245 ms
42) [13,20],  2521 ms
43) [9,18],  604 ms
44) [14,20],  5017 ms
45) [14,21],  1240 ms
46) [16,19],  3174 ms
47) [17,19],  1663 ms
48) [14,12],  3732 ms
49) [15,12],  1426 ms
50) [11,22],  1936 ms
51) [13,22],  1235 ms
52) [11,21],  5016 ms
53) [12,23],  1012 ms
54) [11,24],  32 ms
55) [11,23],  32 ms
56) [12,22],  3372 ms
57) [10,20],  488 ms
58) [9,23],  1716 ms
59) [10,23],  818 ms
60) [13,23],  3877 ms
61) [14,24],  415 ms
62) [8,24],  2657 ms
63) [7,25],  515 ms
64) [8,23],  3975 ms
65) [9,24],  536 ms
66) [8,22],  3219 ms
67) [8,21],  494 ms
68) [11,25],  5015 ms
69) [12,26],  432 ms
70) [9,22],  416 ms
71) [10,22],  31 ms
72) [7,21],  75 ms
73) [10,24],  29 ms
74) [10,21],  31 ms
75) [7,24],  30 ms
76) [6,20],  131 ms
77) [5,19],  31 ms
78) [7,19],  43 ms
79) [10,26],  296 ms
80) [10,25],  30 ms
81) [8,18],  248 ms
82) [11,17],  39 ms
83) [12,18],  135 ms
84) [8,17],  34 ms
85) [10,17],  31 ms
86) [9,19],  5001 ms
87) [8,20],  30 ms
88) [9,21],  5002 ms
89) [9,20],  30 ms
90) [10,19],  4475 ms
91) [8,19],  229 ms
92) [13,21],  5016 ms
93) [12,21],  31 ms
94) [15,19],  2920 ms
95) [16,18],  30 ms
96) [8,26],  5004 ms
97) [8,25],  30 ms
98) [7,26],  5001 ms
99) [6,23],  73 ms
100) [5,22],  5006 ms
101) [9,26],  39 ms
102) [10,27],  31 ms
103) [9,16],  36 ms
104) [8,15],  30 ms
105) [13,26],  35 ms
106) [11,26],  31 ms
107) [7,22],  84 ms
108) [5,24],  30 ms
109) [11,27],  64 ms
110) [13,25],  5010 ms
111) [12,25],  131 ms
112) [12,27],  5010 ms
113) [17,12],  78 ms
114) [14,29],  4751 ms
115) [13,28],  30 ms
116) [17,14],  2647 ms
117) [18,12],  68 ms
118) [16,12],  30 ms
119) [20,12],  40 ms
120) [21,12],  31 ms
121) [16,13],  40 ms
122) [18,11],  2723 ms
123) [19,13],  39 ms
124) [18,14],  31 ms
125) [19,14],  36 ms
126) [19,15],  2196 ms
127) [19,11],  32 ms
128) [19,10],  32 ms
129) [17,13],  32 ms
130) [20,10],  3193 ms
131) [17,11],  33 ms
132) [20,14],  31 ms
133) [17,9],  32 ms
134) [17,10],  33 ms
135) [18,10],  33 ms
136) [21,13],  31 ms
137) [16,8],  30 ms

pela 60.0 wins

pela 5.0:  2567 ms/turn
pela 60.0:  2603 ms/turn
