 0) [13,13],  34 ms
 1) [12,14],  32 ms
 2) [14,14],  32 ms
 3) [12,12],  33 ms
 4) [14,15],  33 ms
 5) [13,12],  33 ms
 6) [12,15],  33 ms
 7) [14,12],  33 ms
 8) [11,12],  5017 ms
 9) [13,15],  9019 ms
10) [15,12],  5001 ms
11) [13,14],  17218 ms
12) [13,11],  3869 ms
13) [14,17],  18730 ms
14) [10,13],  1962 ms
15) [12,11],  12059 ms
16) [12,10],  4261 ms
17) [9,12],  17568 ms
18) [15,15],  5004 ms
19) [15,14],  5254 ms
20) [14,13],  1573 ms
21) [11,13],  9341 ms
22) [10,12],  2945 ms
23) [17,17],  6762 ms
24) [15,17],  2805 ms
25) [10,14],  4305 ms
26) [11,14],  4386 ms
27) [13,9],  3693 ms
28) [9,16],  4336 ms
29) [8,15],  6212 ms
30) [16,16],  5016 ms
31) [17,15],  9969 ms
32) [17,16],  3181 ms
33) [18,16],  3174 ms
34) [16,14],  2097 ms
35) [16,13],  8080 ms
36) [16,18],  4638 ms
37) [15,18],  3427 ms
38) [11,10],  4242 ms
39) [13,18],  6444 ms
40) [9,17],  5016 ms
41) [9,18],  5531 ms
42) [11,20],  2482 ms
43) [14,19],  3155 ms
44) [13,16],  2413 ms
45) [14,16],  3134 ms
46) [14,18],  4996 ms
47) [12,18],  1180 ms
48) [11,18],  4185 ms
49) [12,17],  3666 ms
50) [11,16],  3251 ms
51) [11,19],  3140 ms
52) [12,19],  3017 ms
53) [11,17],  2702 ms
54) [10,16],  4333 ms
55) [12,16],  30 ms
56) [13,17],  2334 ms
57) [12,20],  2303 ms
58) [9,15],  5000 ms
59) [9,13],  902 ms
60) [13,21],  3632 ms
61) [13,20],  1101 ms
62) [12,21],  5007 ms
63) [8,12],  1278 ms
64) [11,15],  31 ms
65) [8,17],  1488 ms
66) [9,19],  3429 ms
67) [8,18],  1290 ms
68) [8,16],  5016 ms
69) [7,16],  30 ms
70) [16,15],  5002 ms
71) [16,17],  29 ms
72) [6,15],  1974 ms
73) [8,19],  1096 ms
74) [8,21],  3068 ms
75) [6,17],  942 ms
76) [5,18],  5001 ms
77) [6,21],  713 ms
78) [10,17],  2748 ms
79) [7,18],  51 ms
80) [9,20],  1792 ms
81) pbrain-pela:  I win !
81) [7,20],  29 ms
82) [5,22],  31 ms
83) [6,18],  28 ms
84) [10,18],  31 ms
85) [7,19],  34 ms
86) [7,17],  30 ms
87) [6,19],  31 ms
88) [6,20],  30 ms
89) [4,15],  29 ms
90) [5,16],  30 ms
91) [5,20],  32 ms
92) [4,21],  31 ms
93) [4,19],  30 ms
94) [5,19],  30 ms
95) [7,22],  30 ms
96) [8,23],  29 ms
97) [3,18],  30 ms

pela 60.0 wins

pela 5.0:  2743 ms/turn
pela 60.0:  3580 ms/turn
