 0) [14,16],  32 ms
 1) [14,17],  33 ms
 2) [15,16],  31 ms
 3) [16,16],  31 ms
 4) [17,17],  1701 ms
 5) [16,19],  13793 ms
 6) [15,18],  2969 ms
 7) [15,17],  10168 ms
 8) [17,18],  2750 ms
 9) [14,18],  17058 ms
10) [13,19],  1598 ms
11) [14,15],  13552 ms
12) [13,20],  5004 ms
13) [13,17],  8173 ms
14) [12,17],  2444 ms
15) [14,19],  16744 ms
16) [18,14],  2204 ms
17) [17,20],  14363 ms
18) [16,20],  2991 ms
19) [13,21],  12305 ms
20) [14,21],  2023 ms
21) [18,18],  10540 ms
22) [11,16],  5032 ms
23) [12,16],  4486 ms
24) [11,15],  31 ms
25) [11,17],  3106 ms
26) [19,15],  3870 ms
27) [18,16],  4748 ms
28) [18,19],  3077 ms
29) [16,17],  7212 ms
30) [16,15],  3687 ms
31) [17,15],  6239 ms
32) [16,14],  2765 ms
33) [17,13],  4907 ms
34) [17,14],  2771 ms
35) [19,14],  4635 ms
36) [15,14],  3321 ms
37) [14,14],  31 ms
38) [13,15],  5008 ms
39) [13,12],  2545 ms
40) [10,15],  4352 ms
41) [9,14],  2099 ms
42) [15,12],  3707 ms
43) [15,13],  1143 ms
44) [12,15],  45 ms
45) [9,15],  31 ms
46) [10,17],  278 ms
47) [9,18],  2829 ms
48) [14,13],  98 ms
49) [13,14],  30 ms
50) [16,13],  148 ms
51) [14,11],  1773 ms
52) [16,12],  39 ms
53) [16,11],  30 ms
54) [18,15],  35 ms
55) [19,16],  32 ms
56) [18,12],  35 ms
57) [19,12],  33 ms
58) [17,16],  33 ms
59) [18,17],  30 ms
60) [17,12],  30 ms
61) [14,12],  30 ms
62) [18,11],  31 ms
63) [19,10],  30 ms
64) [18,13],  30 ms

pela 5.0 wins

pela 5.0:  1883 ms/turn
pela 60.0:  5086 ms/turn
