 0) [14,16],  33 ms
 1) [13,16],  267 ms
 2) [13,17],  31 ms
 3) [14,17],  32 ms
 4) [12,15],  31 ms
 5) [12,16],  32 ms
 6) [11,15],  31 ms
 7) [13,15],  32 ms
 8) [9,17],  32 ms
 9) [10,16],  25679 ms
10) [9,16],  3795 ms
11) [9,18],  7511 ms
12) [11,17],  3029 ms
13) [11,18],  12442 ms
14) [10,19],  3756 ms
15) [10,17],  14931 ms
16) [9,15],  2269 ms
17) [10,15],  17010 ms
18) [10,14],  2032 ms
19) [11,13],  7586 ms
20) [8,16],  1601 ms
21) [7,15],  5465 ms
22) [9,14],  1850 ms
23) [9,13],  33 ms
24) [7,16],  1472 ms
25) [8,19],  6477 ms
26) [7,20],  2626 ms
27) [8,15],  11788 ms
28) [6,19],  4924 ms
29) [7,17],  3021 ms
30) [5,20],  3533 ms
31) [6,16],  4831 ms
32) [8,14],  43 ms
33) [7,14],  8975 ms
34) [5,18],  39 ms
35) [8,21],  7695 ms
36) [12,18],  35 ms
37) [11,19],  3152 ms
38) [8,20],  34 ms
39) [6,20],  5394 ms
40) [5,19],  39 ms
41) [5,17],  32 ms
42) [4,17],  35 ms
43) [3,16],  32 ms
44) [3,19],  36 ms
45) [4,19],  5368 ms
46) [7,18],  36 ms
47) [8,17],  31 ms
48) [4,21],  32 ms
49) [3,22],  31 ms
50) [5,21],  32 ms
51) [5,22],  31 ms
52) [3,21],  35 ms
53) [2,21],  32 ms
54) [7,21],  30 ms
55) [6,21],  30 ms
56) [7,19],  30 ms
57) [7,22],  30 ms
58) [9,19],  30 ms
59) [10,18],  32 ms
60) [6,22],  30 ms
61) [5,23],  30 ms
62) [4,20],  30 ms
63) [7,23],  30 ms
64) [2,18],  34 ms

pela 5.0 wins

pela 5.0:  958 ms/turn
pela 60.0:  4626 ms/turn
