 0) [15,13],  35 ms
 1) [16,14],  33 ms
 2) [15,12],  34 ms
 3) [15,11],  33 ms
 4) [14,13],  5019 ms
 5) [13,13],  35 ms
 6) [13,11],  3476 ms
 7) [16,11],  9497 ms
 8) [16,10],  4124 ms
 9) [13,10],  24378 ms
10) [14,12],  4605 ms
11) [14,14],  13485 ms
12) [16,16],  3346 ms
13) [12,10],  18942 ms
14) [12,12],  5015 ms
15) [13,12],  6186 ms
16) [11,10],  3473 ms
17) [15,10],  9915 ms
18) [17,12],  2729 ms
19) [18,12],  13933 ms
20) [17,13],  1567 ms
21) [16,13],  8757 ms
22) [15,14],  2587 ms
23) [15,16],  4424 ms
24) [16,15],  4249 ms
25) [17,16],  10057 ms
26) [10,11],  1846 ms
27) [11,13],  3473 ms
28) [11,14],  5010 ms
29) [9,12],  4249 ms
30) [14,7],  3785 ms
31) [17,18],  7514 ms
32) [17,15],  1657 ms
33) [18,15],  2446 ms
34) [16,17],  5009 ms
35) [14,9],  6093 ms
36) [13,8],  3287 ms
37) [12,9],  31 ms
38) [13,9],  2387 ms
39) [15,18],  4901 ms
40) [15,19],  5005 ms
41) [16,18],  3259 ms
42) [18,18],  4557 ms
43) [9,13],  1945 ms
44) [9,10],  4446 ms
45) [8,9],  1588 ms
46) [10,13],  5002 ms
47) [19,19],  1281 ms
48) [11,11],  5016 ms
49) [12,11],  1835 ms
50) [15,8],  1779 ms
51) [17,11],  2607 ms
52) [14,11],  2012 ms
53) [18,11],  1184 ms
54) [19,11],  32 ms
55) [14,18],  1917 ms
56) [13,18],  32 ms
57) [12,8],  1573 ms
58) [12,7],  31 ms
59) [11,7],  2077 ms
60) [11,8],  114 ms
61) [10,9],  792 ms
62) [13,6],  36 ms
63) [12,5],  43 ms
64) [11,9],  32 ms
65) [11,12],  31 ms
66) [13,7],  32 ms
67) [13,5],  31 ms
68) [14,5],  31 ms
69) [15,4],  32 ms
70) [16,9],  32 ms
71) [17,10],  32 ms
72) [16,7],  32 ms
73) [15,7],  31 ms
74) [16,8],  32 ms
75) [16,6],  35 ms
76) [17,8],  32 ms
77) [14,8],  33 ms
78) [15,6],  32 ms
79) [18,9],  31 ms
80) [13,4],  31 ms

pela 5.0 wins

pela 5.0:  2233 ms/turn
pela 60.0:  4218 ms/turn
