 0) [13,13],  32 ms
 1) [14,13],  33 ms
 2) [13,12],  32 ms
 3) [13,11],  32 ms
 4) [12,13],  1588 ms
 5) [11,14],  23091 ms
 6) [9,13],  2760 ms
 7) [10,13],  22420 ms
 8) [12,15],  3119 ms
 9) [12,14],  19210 ms
10) [10,14],  2806 ms
11) [8,12],  16461 ms
12) [8,11],  4985 ms
13) [11,12],  14110 ms
14) [11,11],  1614 ms
15) [10,12],  12103 ms
16) [9,12],  4703 ms
17) [9,11],  6094 ms
18) [11,13],  5010 ms
19) [14,14],  4715 ms
20) [14,12],  5017 ms
21) [15,12],  8829 ms
22) [13,14],  5015 ms
23) [9,15],  7563 ms
24) [8,15],  3394 ms
25) [13,17],  2347 ms
26) [10,9],  1820 ms
27) [13,15],  3620 ms
28) [12,16],  4304 ms
29) [11,10],  4703 ms
30) [13,10],  1923 ms
31) [11,8],  4968 ms
32) [16,10],  5016 ms
33) [17,9],  2851 ms
34) [7,14],  5009 ms
35) [6,13],  3344 ms
36) [6,14],  5007 ms
37) [8,14],  3374 ms
38) [6,15],  5017 ms
39) [8,13],  1084 ms
40) [7,16],  5009 ms
41) [6,17],  2038 ms
42) [9,16],  2082 ms
43) [9,18],  1444 ms
44) [6,16],  650 ms
45) [5,16],  1614 ms
46) [10,16],  54 ms
47) [8,16],  32 ms
48) [7,17],  74 ms
49) [7,18],  995 ms
50) [11,16],  31 ms
51) [13,16],  31 ms
52) [10,17],  31 ms
53) [11,18],  31 ms
54) [7,15],  32 ms
55) [7,13],  31 ms
56) [10,18],  31 ms
57) [10,15],  31 ms
58) [10,20],  31 ms
59) [10,19],  31 ms
60) [8,18],  31 ms
61) [9,19],  30 ms
62) [5,15],  31 ms
63) [4,15],  31 ms
64) [4,14],  31 ms

pela 5.0 wins

pela 5.0:  2311 ms/turn
pela 60.0:  5227 ms/turn
