 0) [14,14],  34 ms
 1) [13,14],  33 ms
 2) [15,13],  35 ms
 3) [13,15],  33 ms
 4) [13,13],  2799 ms
 5) [15,15],  33 ms
 6) [12,15],  5016 ms
 7) [14,12],  25631 ms
 8) [11,13],  4709 ms
 9) [12,13],  10361 ms
10) [14,15],  2128 ms
11) [14,17],  9293 ms
12) [13,17],  3845 ms
13) [11,12],  19224 ms
14) [10,11],  4051 ms
15) [13,10],  16498 ms
16) [13,12],  3396 ms
17) [9,11],  14135 ms
18) [14,9],  2856 ms
19) [13,9],  12132 ms
20) [12,17],  5028 ms
21) [12,18],  3907 ms
22) [11,16],  5032 ms
23) [11,18],  9828 ms
24) [14,18],  4539 ms
25) [11,15],  2454 ms
26) [9,16],  1646 ms
27) [8,16],  3560 ms
28) [14,13],  4279 ms
29) [15,14],  7570 ms
30) [15,18],  4623 ms
31) [14,19],  4137 ms
32) [10,18],  5007 ms
33) [13,18],  4343 ms
34) [12,19],  2175 ms
35) [10,17],  3248 ms
36) [12,20],  5000 ms
37) [11,21],  4797 ms
38) [11,20],  4650 ms
39) [13,21],  3864 ms
40) [12,9],  4758 ms
41) [13,19],  2214 ms
42) [13,22],  4210 ms
43) [12,21],  1809 ms
44) [14,21],  4707 ms
45) [15,20],  916 ms
46) [16,21],  2056 ms
47) [17,21],  1866 ms
48) [15,22],  5015 ms
49) [14,20],  2287 ms
50) [15,21],  2982 ms
51) [16,23],  1835 ms
52) [16,18],  4968 ms
53) [18,18],  1789 ms
54) [10,20],  3764 ms
55) [9,20],  813 ms
56) [10,21],  2556 ms
57) [10,22],  1645 ms
58) [13,8],  5017 ms
59) [11,10],  1406 ms
60) [10,10],  5016 ms
61) [12,7],  1203 ms
62) [16,20],  5016 ms
63) [16,22],  1031 ms
64) [11,23],  5016 ms
65) [14,23],  876 ms
66) [17,23],  4999 ms
67) [8,21],  561 ms
68) [10,19],  3388 ms
69) [8,24],  661 ms
70) [9,23],  4532 ms
71) [8,23],  206 ms
72) [8,22],  5013 ms
73) [10,24],  493 ms
74) [7,24],  5006 ms
75) [11,8],  177 ms
76) [7,21],  3959 ms
77) [7,23],  184 ms
78) [10,26],  3941 ms
79) [10,9],  428 ms
80) [9,10],  1938 ms
81) [9,24],  371 ms
82) [11,24],  3358 ms
83) [12,23],  136 ms
84) [13,23],  2513 ms
85) [14,22],  293 ms
86) [19,19],  2308 ms
87) [15,24],  239 ms
88) [14,25],  4023 ms
89) [5,19],  72 ms
90) [10,16],  2376 ms
91) [12,16],  109 ms
92) [4,20],  5015 ms
93) [6,19],  172 ms
94) [7,20],  5000 ms
95) [5,20],  92 ms
96) [16,19],  1691 ms
97) [16,17],  31 ms
98) [17,13],  1628 ms
99) [16,13],  32 ms
100) [11,11],  2257 ms
101) [12,12],  31 ms
102) [5,21],  3071 ms
103) [6,21],  135 ms
104) [7,22],  30 ms
105) [7,18],  93 ms
106) [8,17],  5001 ms
107) [4,19],  58 ms
108) [7,19],  3190 ms
109) [3,22],  57 ms
110) [4,21],  31 ms
111) [3,19],  43 ms
112) [2,19],  30 ms
113) [6,18],  36 ms
114) [6,20],  3073 ms
115) [3,18],  30 ms
116) [2,17],  32 ms
117) [3,20],  33 ms
118) [3,21],  33 ms
119) [5,18],  31 ms
120) [4,18],  31 ms
121) [2,21],  31 ms
122) [6,17],  31 ms
123) [1,22],  32 ms

pela 60.0 wins

pela 5.0:  3281 ms/turn
pela 60.0:  2897 ms/turn
