 0) [17,17],  32 ms
 1) [18,18],  32 ms
 2) [16,18],  31 ms
 3) [18,16],  31 ms
 4) [16,19],  31 ms
 5) [17,16],  32 ms
 6) [18,19],  31 ms
 7) [16,16],  31 ms
 8) [15,16],  5014 ms
 9) [16,17],  25706 ms
10) [17,19],  358 ms
11) [15,19],  10250 ms
12) [19,19],  109 ms
13) [20,19],  31 ms
14) [18,20],  40 ms
15) [19,21],  20585 ms
16) [17,21],  32 ms
17) [19,16],  17616 ms
18) [20,16],  29 ms
19) [16,22],  12613 ms
20) [17,20],  78 ms
21) [17,18],  29 ms
22) [19,20],  53 ms
23) [16,20],  7011 ms
24) [15,18],  53 ms
25) [14,17],  6640 ms
26) [17,22],  36 ms
27) [17,23],  31 ms
28) [16,21],  34 ms
29) [15,22],  30 ms
30) pbrain-pela:  I win !
30) [18,21],  43 ms
31) [19,22],  30 ms
32) [18,23],  29 ms
33) [18,22],  30 ms
34) [15,20],  30 ms
35) [19,24],  33 ms
36) [14,19],  41 ms

pela 5.0 wins

pela 5.0:  321 ms/turn
pela 60.0:  5597 ms/turn
