 0) [17,16],  55 ms
 1) [16,16],  1056 ms
 2) [15,17],  32 ms
 3) [16,17],  32 ms
 4) [16,15],  32 ms
 5) [15,15],  32 ms
 6) [17,17],  32 ms
 7) [17,14],  25557 ms
 8) [17,19],  3465 ms
 9) [17,18],  10891 ms
10) [18,19],  4551 ms
11) [16,19],  11114 ms
12) [18,17],  1564 ms
13) [19,18],  12772 ms
14) [18,18],  323 ms
15) [18,20],  5026 ms
16) [18,16],  1644 ms
17) [18,15],  31 ms
18) [19,17],  542 ms
19) [20,16],  5074 ms
20) [21,19],  61 ms
21) [20,18],  8713 ms
22) [20,17],  32 ms
23) [21,17],  30 ms
24) [19,19],  31 ms
25) [20,19],  31 ms
26) [16,20],  32 ms
27) [15,21],  30 ms
28) [20,20],  42 ms
29) [21,21],  50 ms
30) [15,19],  32 ms
31) [19,15],  14231 ms
32) [22,18],  3921 ms
33) [17,13],  7002 ms
34) [18,14],  31 ms
35) [19,21],  9251 ms
36) [17,12],  3446 ms
37) [14,20],  4084 ms
38) [16,13],  1833 ms
39) [15,14],  9293 ms
40) [22,21],  1900 ms
41) [23,17],  7960 ms
42) [21,15],  5016 ms
43) [12,18],  6813 ms
44) [13,19],  4100 ms
45) [18,21],  1707 ms
46) [17,21],  5011 ms
47) [14,18],  2528 ms
48) [14,17],  2262 ms
49) [19,22],  45 ms
50) [17,20],  2866 ms
51) [19,23],  43 ms
52) [19,24],  52 ms
53) [18,24],  35 ms
54) [20,22],  33 ms
55) pbrain-pela:  I win !
55) [18,22],  32 ms
56) [18,23],  33 ms
57) [16,22],  34 ms
58) [17,23],  33 ms
59) [17,22],  36 ms
60) [15,22],  32 ms
61) [19,20],  34 ms
62) [21,18],  32 ms
63) [16,23],  32 ms

pela 60.0 wins

pela 5.0:  1345 ms/turn
pela 60.0:  4487 ms/turn
