 0) [15,15],  31 ms
 1) [14,15],  260 ms
 2) [14,16],  32 ms
 3) [15,16],  31 ms
 4) [16,17],  31 ms
 5) [16,16],  35 ms
 6) [17,17],  31 ms
 7) [15,17],  32 ms
 8) [19,15],  33 ms
 9) [18,16],  25664 ms
10) [19,17],  3988 ms
11) [19,16],  9836 ms
12) [17,16],  33 ms
13) [17,15],  20598 ms
14) [14,18],  5000 ms
15) [14,19],  6291 ms
16) [13,17],  5006 ms
17) [12,18],  6084 ms
18) [18,13],  4580 ms
19) [16,14],  15890 ms
20) [19,12],  3215 ms
21) [20,13],  13614 ms
22) [19,10],  3731 ms
23) [17,14],  8477 ms
24) [19,13],  1659 ms
25) [19,11],  10463 ms
26) [16,13],  2569 ms
27) [17,13],  6939 ms
28) [20,10],  5007 ms
29) [21,10],  2365 ms
30) [17,12],  5042 ms
31) [18,11],  4041 ms
32) [22,11],  4431 ms
33) [19,14],  3167 ms
34) [18,14],  5019 ms
35) [20,12],  4846 ms
36) [15,13],  5014 ms
37) [18,17],  2129 ms
38) [17,18],  3926 ms
39) [12,16],  5601 ms
40) [12,19],  3012 ms
41) [17,19],  2408 ms
42) [20,11],  1687 ms
43) [15,12],  2121 ms
44) [13,20],  5008 ms
45) [13,18],  4171 ms
46) [12,17],  1785 ms
47) [10,17],  2442 ms
48) [10,18],  3029 ms
49) [16,11],  1158 ms
50) [17,11],  4480 ms
51) [19,9],  1364 ms
52) [12,20],  3276 ms
53) [11,19],  2857 ms
54) [11,20],  5017 ms
55) [14,20],  2453 ms
56) [15,21],  2193 ms
57) [15,22],  1451 ms
58) [15,19],  4723 ms
59) [10,20],  1818 ms
60) [18,18],  5003 ms
61) [17,22],  1641 ms
62) [16,21],  2806 ms
63) [17,21],  729 ms
64) [17,23],  5012 ms
65) [16,18],  599 ms
66) [18,20],  5010 ms
67) [16,23],  892 ms
68) [15,24],  4694 ms
69) [20,19],  758 ms
70) [21,13],  1730 ms
71) [21,15],  958 ms
72) [9,21],  5017 ms
73) [17,8],  604 ms
74) [17,9],  5005 ms
75) [12,21],  675 ms
76) [14,17],  1576 ms
77) [21,18],  418 ms
78) [21,16],  3679 ms
79) [22,17],  44 ms
80) [23,16],  2486 ms
81) [20,17],  36 ms
82) [18,15],  34 ms
83) [19,19],  37 ms
84) [18,19],  51 ms
85) [22,19],  37 ms
86) [23,20],  34 ms
87) [22,18],  37 ms
88) [22,16],  35 ms
89) pbrain-pela:  I win !
89) [22,21],  37 ms
90) [22,20],  34 ms
91) [21,19],  33 ms
92) [23,19],  33 ms
93) [21,20],  35 ms
94) [19,18],  34 ms
95) [21,21],  32 ms
96) [21,22],  33 ms
97) [21,17],  34 ms

pela 60.0 wins

pela 5.0:  2752 ms/turn
pela 60.0:  3596 ms/turn
