 0) [16,16],  42 ms
 1) [15,16],  584 ms
 2) [16,15],  30 ms
 3) [16,14],  30 ms
 4) [15,13],  1520 ms
 5) [13,14],  21174 ms
 6) [14,15],  3166 ms
 7) [15,15],  15143 ms
 8) [17,13],  3489 ms
 9) [16,13],  8782 ms
10) [13,17],  5004 ms
11) [13,15],  10772 ms
12) [12,14],  3742 ms
13) [14,18],  17670 ms
14) [15,11],  2047 ms
15) [14,10],  5966 ms
16) [17,11],  2989 ms
17) [17,12],  14280 ms
18) [12,13],  1631 ms
19) [12,12],  12214 ms
20) [15,10],  1839 ms
21) [15,14],  6569 ms
22) [14,14],  5014 ms
23) [14,11],  7744 ms
24) [13,11],  2076 ms
25) [15,18],  3653 ms
26) [15,17],  29 ms
27) [15,12],  3740 ms
28) [13,10],  2736 ms
29) [14,17],  6481 ms
30) [14,13],  1998 ms
31) [14,12],  4628 ms
32) [13,12],  1921 ms
33) [13,9],  5808 ms
34) [14,19],  3549 ms
35) [19,11],  4979 ms
36) [19,10],  4016 ms
37) [20,12],  1677 ms
38) [16,12],  1613 ms
39) [18,10],  30 ms
40) [21,13],  3515 ms
41) [18,14],  1160 ms
42) [17,14],  1861 ms
43) [16,8],  3851 ms
44) [17,9],  32 ms
45) [20,11],  1446 ms
46) [21,11],  3235 ms
47) [21,12],  1230 ms
48) [19,12],  3004 ms
49) [16,19],  1378 ms
50) [17,20],  5006 ms
51) [17,18],  2704 ms
52) [11,13],  1413 ms
53) [13,13],  30 ms
54) [16,18],  5011 ms
55) [20,13],  33 ms
56) [20,14],  5013 ms
57) [18,17],  32 ms
58) [19,16],  31 ms
59) [18,15],  33 ms
60) [19,14],  33 ms
61) [18,16],  33 ms
62) [18,18],  30 ms
63) [18,13],  30 ms

pela 60.0 wins

pela 5.0:  2394 ms/turn
pela 60.0:  5121 ms/turn
