 0) [16,15],  32 ms
 1) [15,15],  33 ms
 2) [17,14],  31 ms
 3) [15,16],  32 ms
 4) [15,14],  3215 ms
 5) [17,16],  32 ms
 6) [14,16],  5015 ms
 7) [16,13],  7899 ms
 8) [13,14],  4426 ms
 9) [14,14],  10490 ms
10) [16,16],  2072 ms
11) [16,18],  9212 ms
12) [15,18],  4027 ms
13) [13,13],  21767 ms
14) [12,12],  4036 ms
15) [15,11],  18652 ms
16) [15,13],  3294 ms
17) [11,12],  15989 ms
18) [16,10],  2982 ms
19) [15,10],  12407 ms
20) [14,18],  5005 ms
21) [14,19],  3937 ms
22) [13,17],  5016 ms
23) [13,19],  11376 ms
24) [16,19],  4473 ms
25) [13,16],  9745 ms
26) [11,17],  1750 ms
27) [10,17],  3557 ms
28) [16,14],  4144 ms
29) [17,15],  7833 ms
30) [17,19],  4721 ms
31) [16,20],  4131 ms
32) [12,19],  5007 ms
33) [15,19],  4391 ms
34) [14,20],  2152 ms
35) [12,18],  3215 ms
36) [14,21],  5008 ms
37) [13,22],  5032 ms
38) [13,21],  4713 ms
39) [15,22],  3814 ms
40) [14,10],  4767 ms
41) [15,20],  2235 ms
42) [15,23],  4213 ms
43) [14,22],  1860 ms
44) [16,22],  4725 ms
45) [17,21],  3190 ms
46) [18,22],  1992 ms
47) [19,22],  1795 ms
48) [17,23],  5010 ms
49) [16,21],  2210 ms
50) [17,22],  2972 ms
51) [18,24],  1873 ms
52) [18,19],  5008 ms
53) [20,19],  1776 ms
54) [12,21],  3733 ms
55) [11,21],  746 ms
56) [12,22],  2489 ms
57) [12,23],  1538 ms
58) [15,9],  5016 ms
59) [13,11],  1328 ms
60) [12,11],  5016 ms
61) [14,8],  1141 ms
62) [18,21],  5019 ms
63) [18,23],  969 ms
64) [13,24],  5016 ms
65) [16,24],  253 ms
66) [19,24],  5019 ms
67) [10,22],  596 ms
68) [12,20],  3627 ms
69) [10,25],  714 ms
70) [11,24],  4833 ms
71) [10,24],  203 ms
72) [10,23],  5004 ms
73) [12,25],  513 ms
74) [9,25],  5019 ms
75) [13,9],  182 ms
76) [9,22],  4138 ms
77) [9,24],  192 ms
78) [12,27],  3984 ms
79) [12,10],  442 ms
80) [11,11],  1998 ms
81) [11,25],  377 ms
82) [13,25],  3338 ms
83) [14,24],  143 ms
84) [15,24],  2547 ms
85) [16,23],  316 ms
86) [21,20],  5016 ms
87) [17,25],  282 ms
88) [16,26],  2210 ms
89) [7,20],  227 ms
90) [12,17],  5001 ms
91) [14,17],  95 ms
92) [6,21],  5014 ms
93) [8,20],  188 ms
94) [9,21],  5015 ms
95) [7,21],  85 ms
96) [18,20],  1803 ms
97) [18,18],  30 ms
98) [19,14],  1793 ms
99) [18,14],  30 ms
100) [13,12],  2438 ms
101) [14,13],  31 ms
102) [7,22],  3047 ms
103) [8,22],  135 ms
104) [9,23],  30 ms
105) [9,19],  97 ms
106) [10,18],  5013 ms
107) [6,20],  59 ms
108) [9,20],  2972 ms
109) [5,23],  58 ms
110) [6,22],  31 ms
111) [7,23],  36 ms
112) [5,19],  3310 ms
113) [5,18],  38 ms
114) [5,20],  1738 ms
115) [4,19],  40 ms
116) [6,17],  2139 ms
117) [8,21],  64 ms
118) [8,19],  5000 ms
119) [10,21],  33 ms
120) [8,24],  5014 ms
121) [13,8],  47 ms
122) [7,18],  2371 ms
123) [5,16],  31 ms
124) [9,17],  5005 ms
125) [11,19],  30 ms
126) [13,7],  5002 ms
127) [20,20],  34 ms
128) [8,18],  163 ms
129) [9,18],  30 ms
130) [11,15],  106 ms
131) [10,16],  31 ms
132) [10,14],  61 ms
133) [12,16],  30 ms
134) [11,14],  68 ms
135) [11,16],  30 ms
136) [9,16],  31 ms
137) [16,6],  30 ms
138) [15,7],  31 ms
139) [12,14],  31 ms
140) [8,17],  32 ms
141) [10,15],  30 ms
142) [6,19],  30 ms

pela 5.0 wins

pela 5.0:  3265 ms/turn
pela 60.0:  2535 ms/turn
