 0) [17,17],  37 ms
 1) [18,17],  35 ms
 2) [17,16],  49 ms
 3) [17,15],  36 ms
 4) [16,17],  2017 ms
 5) [15,18],  24888 ms
 6) [13,17],  2608 ms
 7) [14,17],  22151 ms
 8) [16,19],  2439 ms
 9) [16,18],  16570 ms
10) [14,18],  2259 ms
11) [12,16],  16624 ms
12) [12,15],  4934 ms
13) [15,16],  14239 ms
14) [15,15],  5016 ms
15) [14,16],  12219 ms
16) [13,16],  3842 ms
17) [13,15],  5455 ms
18) [15,17],  5016 ms
19) [18,18],  4598 ms
20) [18,16],  5012 ms
21) [19,16],  8897 ms
22) [17,18],  5010 ms
23) [13,19],  7412 ms
24) [12,19],  3268 ms
25) [17,21],  2245 ms
26) [14,13],  1740 ms
27) [17,19],  3139 ms
28) [16,20],  3867 ms
29) [15,14],  4350 ms
30) [17,14],  1884 ms
31) [15,12],  5300 ms
32) [20,14],  4886 ms
33) [21,13],  2750 ms
34) [11,18],  4963 ms
35) [10,17],  3272 ms
36) [10,18],  5006 ms
37) [12,18],  3703 ms
38) [10,19],  5000 ms
39) [12,17],  1040 ms
40) [11,20],  5008 ms
41) [10,21],  1951 ms
42) [13,20],  2020 ms
43) [13,22],  1396 ms
44) [10,20],  633 ms
45) [9,20],  1609 ms
46) [14,20],  52 ms
47) [12,20],  29 ms
48) [11,21],  69 ms
49) [11,22],  934 ms
50) [15,20],  33 ms
51) [17,20],  32 ms
52) [14,21],  30 ms
53) [15,22],  31 ms
54) [11,19],  30 ms
55) [11,17],  32 ms
56) [14,22],  31 ms
57) [14,19],  34 ms
58) [14,24],  32 ms
59) [14,23],  33 ms
60) [12,22],  31 ms
61) [13,23],  31 ms
62) [9,19],  31 ms
63) [8,19],  31 ms
64) [8,18],  34 ms

pela 5.0 wins

pela 5.0:  2329 ms/turn
pela 60.0:  5158 ms/turn
