 0) [15,14],  0 ms
 1) [14,14],  176 ms
 2) [15,15],  30 ms
 3) [15,16],  31 ms
 4) [16,14],  5010 ms
 5) [17,13],  25704 ms
 6) [19,14],  3476 ms
 7) [18,14],  22017 ms
 8) [16,12],  4043 ms
 9) [16,13],  18871 ms
10) [19,13],  3984 ms
11) [19,12],  10539 ms
12) [18,12],  5004 ms
13) [20,14],  14673 ms
14) [17,14],  2166 ms
15) [13,14],  12563 ms
16) [13,13],  5001 ms
17) [12,16],  4302 ms
18) [13,16],  1535 ms
19) [12,15],  10195 ms
20) [12,13],  5001 ms
21) [11,13],  8719 ms
22) [14,13],  3478 ms
23) [13,12],  3539 ms
24) [11,15],  5015 ms
25) [15,11],  3174 ms
26) [13,15],  2749 ms
27) [10,14],  6416 ms
28) [12,14],  1928 ms
29) [10,16],  2877 ms
30) [9,15],  1529 ms
31) [18,11],  2986 ms
32) [17,10],  2236 ms
33) [10,17],  4746 ms
34) [10,15],  5016 ms
35) [19,15],  2846 ms
36) [20,16],  3721 ms
37) [18,16],  1631 ms
38) [17,17],  1599 ms
39) [12,12],  3438 ms
40) [13,11],  1696 ms
41) [22,15],  1384 ms
42) [21,14],  2186 ms
43) [8,15],  1626 ms
44) [11,16],  3840 ms
45) [11,18],  1451 ms
46) [9,16],  3008 ms
47) [9,14],  2310 ms
48) [10,13],  5016 ms
49) [8,17],  656 ms
50) [8,16],  5016 ms
51) [14,12],  1890 ms
52) [11,12],  5016 ms
53) [10,19],  1610 ms
54) [9,18],  5016 ms
55) [10,20],  1391 ms
56) [10,18],  33 ms
57) [9,17],  34 ms
58) [11,17],  4301 ms
59) [7,17],  94 ms
60) [6,17],  32 ms
61) [12,19],  63 ms
62) [9,19],  5005 ms
63) [12,17],  37 ms
64) [12,18],  32 ms
65) [13,20],  45 ms
66) [14,21],  32 ms
67) [9,20],  40 ms
68) [8,21],  34 ms
69) [11,20],  35 ms
70) [12,20],  32 ms
71) [13,18],  39 ms
72) [14,17],  33 ms
73) [10,21],  35 ms
74) [9,22],  32 ms
75) [10,23],  33 ms
76) [10,22],  32 ms
77) [22,12],  34 ms
78) [21,13],  32 ms
79) [8,20],  33 ms
80) [7,20],  32 ms
81) [17,18],  573 ms
82) [13,17],  49 ms
83) [14,16],  33 ms
84) [16,17],  37 ms
85) [15,17],  39 ms
86) [17,16],  33 ms
87) [18,15],  585 ms
88) [18,17],  33 ms
89) [16,15],  31 ms
90) [19,17],  33 ms
91) [20,17],  33 ms
92) [6,19],  32 ms
93) [5,18],  32 ms
94) [20,15],  1764 ms
95) [22,13],  617 ms
96) [22,14],  1756 ms
97) [21,15],  607 ms
98) [6,18],  36 ms
99) [6,16],  110 ms
100) [6,21],  32 ms
101) [6,20],  32 ms
102) [8,19],  32 ms
103) [5,22],  33 ms
104) [7,18],  33 ms
105) [8,18],  33 ms
106) [7,19],  33 ms
107) [5,19],  32 ms
108) [7,21],  34 ms
109) [7,22],  33 ms
110) [5,21],  34 ms
111) [9,21],  36 ms
112) [4,21],  31 ms

pela 5.0 wins

pela 5.0:  1876 ms/turn
pela 60.0:  3127 ms/turn
