 0) [14,17],  31 ms
 1) [14,16],  31 ms
 2) [15,17],  33 ms
 3) [16,17],  32 ms
 4) [17,16],  1448 ms
 5) [16,14],  14912 ms
 6) [15,15],  2966 ms
 7) [15,16],  14147 ms
 8) [17,15],  3436 ms
 9) [14,18],  17480 ms
10) [13,16],  3439 ms
11) [16,15],  19057 ms
12) [16,16],  2699 ms
13) [17,17],  16333 ms
14) [14,15],  5000 ms
15) [12,15],  14001 ms
16) [20,16],  2453 ms
17) [18,14],  4262 ms
18) [17,14],  2627 ms
19) [19,16],  5647 ms
20) [12,12],  1905 ms
21) [13,13],  8771 ms
22) [15,18],  1812 ms
23) [19,15],  8257 ms
24) [19,17],  2028 ms
25) [16,19],  6921 ms
26) [17,18],  3299 ms
27) [18,18],  4995 ms
28) [18,16],  5013 ms
29) [15,19],  4763 ms
30) [16,20],  2130 ms
31) [20,18],  2613 ms
32) [15,14],  2341 ms
33) [16,13],  2141 ms
34) [16,12],  2062 ms
35) [12,17],  5075 ms
36) [17,12],  3233 ms
37) [17,13],  32 ms
38) [15,13],  5001 ms
39) [15,12],  2598 ms
40) [12,16],  5012 ms
41) [19,19],  4003 ms
42) [14,14],  5028 ms
43) [13,15],  30 ms
44) [18,10],  3649 ms
45) [17,11],  33 ms
46) [18,19],  4271 ms
47) [18,20],  239 ms
48) [17,21],  3948 ms
49) [20,20],  145 ms
50) [21,21],  31 ms
51) [20,19],  54 ms
52) [20,21],  5008 ms
53) [19,20],  36 ms
54) [21,20],  5011 ms
55) [21,17],  33 ms
56) [22,16],  32 ms
57) [21,18],  34 ms
58) [18,21],  5010 ms
59) [19,21],  32 ms
60) [19,18],  2839 ms
61) [23,16],  33 ms
62) [22,17],  32 ms
63) [22,19],  39 ms
64) [20,17],  32 ms
65) [21,19],  32 ms
66) [23,19],  31 ms
67) [18,22],  32 ms
68) [22,18],  31 ms
69) [17,23],  32 ms

pela 60.0 wins

pela 5.0:  2654 ms/turn
pela 60.0:  4482 ms/turn
