 0) [17,13],  32 ms
 1) [16,14],  33 ms
 2) [17,12],  31 ms
 3) [17,11],  30 ms
 4) [18,13],  2228 ms
 5) [16,13],  32 ms
 6) [15,9],  5009 ms
 7) [15,10],  8572 ms
 8) [16,15],  3306 ms
 9) [17,14],  24508 ms
10) [14,11],  1836 ms
11) [14,9],  9382 ms
12) [14,10],  4756 ms
13) [13,11],  6624 ms
14) [15,13],  5000 ms
15) [14,13],  18688 ms
16) [13,8],  4196 ms
17) [13,7],  5518 ms
18) [12,8],  3037 ms
19) [11,8],  7142 ms
20) [12,9],  4137 ms
21) [11,7],  14207 ms
22) [10,7],  2192 ms
23) [14,7],  4385 ms
24) [12,7],  4194 ms
25) [12,10],  11560 ms
26) [11,9],  3194 ms
27) [12,6],  6798 ms
28) [14,6],  2920 ms
29) [16,12],  4486 ms
30) [16,10],  5040 ms
31) [20,13],  2734 ms
32) [18,15],  3980 ms
33) [19,15],  3378 ms
34) [16,8],  5016 ms
35) [18,6],  3320 ms
36) [15,14],  1852 ms
37) [15,15],  6925 ms
38) [18,17],  5016 ms
39) [18,16],  5968 ms
40) [20,14],  4157 ms
41) [18,11],  2735 ms
42) [19,11],  5015 ms
43) [17,16],  4584 ms
44) [16,16],  4773 ms
45) [19,17],  2043 ms
46) [20,18],  2290 ms
47) [19,7],  3555 ms
48) [14,4],  5006 ms
49) [15,8],  3266 ms
50) [16,9],  1559 ms
51) [16,7],  2800 ms
52) [17,6],  5016 ms
53) [16,6],  2264 ms
54) [15,7],  5002 ms
55) [17,9],  2079 ms
56) [20,8],  5016 ms
57) [18,7],  1021 ms
58) [17,7],  5010 ms
59) [19,6],  778 ms
60) [18,5],  5003 ms
61) [17,5],  1516 ms
62) [19,8],  4098 ms
63) [18,8],  806 ms
64) [20,6],  4929 ms
65) [19,10],  1184 ms
66) [18,9],  4052 ms
67) [20,7],  483 ms
68) [22,7],  3125 ms
69) [11,5],  335 ms
70) [10,4],  5000 ms
71) [12,4],  616 ms
72) [11,4],  5009 ms
73) [9,5],  295 ms
74) [10,6],  4793 ms
75) [10,5],  485 ms
76) [12,5],  3999 ms
77) [9,8],  703 ms
78) [12,11],  4001 ms
79) [11,11],  300 ms
80) [9,9],  3750 ms
81) [10,9],  273 ms
82) [16,4],  1543 ms
83) [9,7],  508 ms
84) [7,5],  2014 ms
85) [13,13],  439 ms
86) [10,12],  3471 ms
87) [19,3],  212 ms
88) [20,2],  2206 ms
89) [10,2],  139 ms
90) [9,4],  3162 ms
91) [7,4],  146 ms
92) [20,5],  1667 ms
93) [19,4],  265 ms
94) [19,5],  32 ms
95) [14,14],  145 ms
96) [12,12],  31 ms
97) [21,7],  243 ms
98) [22,5],  89 ms
99) [21,5],  31 ms
100) [22,6],  111 ms
101) [22,8],  133 ms
102) [22,4],  37 ms
103) [22,3],  32 ms
104) [20,3],  37 ms
105) [20,4],  31 ms
106) [21,4],  41 ms
107) [19,2],  37 ms
108) [23,6],  35 ms
109) [24,7],  31 ms
110) [24,6],  37 ms
111) [21,6],  31 ms
112) [23,5],  38 ms
113) [21,3],  33 ms
114) [25,7],  36 ms
115) [26,8],  31 ms
116) [25,4],  38 ms
117) [24,5],  32 ms
118) [25,6],  33 ms
119) [26,6],  32 ms
120) [23,4],  32 ms
121) [24,4],  33 ms
122) [25,5],  31 ms
123) [25,8],  32 ms
124) [25,3],  32 ms

pela 5.0 wins

pela 5.0:  2735 ms/turn
pela 60.0:  2887 ms/turn
