 0) [17,17],  34 ms
 1) [18,18],  34 ms
 2) [16,18],  33 ms
 3) [18,16],  34 ms
 4) [16,19],  33 ms
 5) [17,16],  33 ms
 6) [18,19],  34 ms
 7) [16,16],  33 ms
 8) [15,16],  1846 ms
 9) [16,17],  9995 ms
10) [17,19],  347 ms
11) [15,19],  10144 ms
12) [19,19],  82 ms
13) [20,19],  34 ms
14) [18,20],  52 ms
15) [19,21],  22218 ms
16) [17,21],  35 ms
17) [19,16],  16110 ms
18) [20,16],  32 ms
19) [16,22],  10075 ms
20) [17,20],  34 ms
21) [17,18],  31 ms
22) [19,20],  56 ms
23) [16,20],  5670 ms
24) [15,18],  51 ms
25) [14,17],  5258 ms
26) [17,22],  35 ms
27) [17,23],  38 ms
28) [16,21],  37 ms
29) [15,22],  35 ms
30) [18,21],  32 ms
31) [19,22],  35 ms
32) [18,23],  35 ms
33) [18,22],  34 ms
34) [15,20],  33 ms
35) [19,24],  31 ms
36) [14,19],  31 ms

pela 5.0 wins

pela 5.0:  151 ms/turn
pela 60.0:  4435 ms/turn
