 0) [17,15],  34 ms
 1) [16,16],  32 ms
 2) [16,14],  32 ms
 3) [18,16],  36 ms
 4) [15,14],  33 ms
 5) [18,15],  33 ms
 6) [15,16],  33 ms
 7) [18,14],  33 ms
 8) [18,13],  5016 ms
 9) [17,14],  8762 ms
10) [15,15],  317 ms
11) [15,13],  12125 ms
12) [15,17],  94 ms
13) [15,18],  31 ms
14) [14,16],  100 ms
15) [13,17],  22714 ms
16) [13,15],  57 ms
17) [18,17],  18092 ms
18) [18,18],  32 ms
19) [12,14],  8328 ms
20) [14,15],  37 ms
21) [16,15],  33 ms
22) [17,13],  35 ms
23) [18,12],  31 ms
24) [16,13],  34 ms
25) [13,16],  14952 ms
26) [12,15],  33 ms
27) [11,15],  32 ms
28) [17,12],  44 ms
29) [18,11],  32 ms
30) [13,14],  33 ms
31) [16,17],  12344 ms
32) [11,12],  32 ms
33) [12,13],  31 ms
34) [16,18],  32 ms
35) [17,19],  36 ms
36) [17,16],  2583 ms
37) [14,13],  4966 ms
38) [13,13],  3065 ms
39) [13,12],  5439 ms
40) [19,16],  2140 ms
41) [19,13],  10273 ms
42) [17,11],  4640 ms
43) [14,19],  8814 ms
44) [13,19],  1677 ms
45) [14,18],  430 ms
46) [17,9],  2047 ms
47) [17,10],  32 ms
48) [12,16],  5048 ms
49) [14,21],  419 ms
50) [14,20],  4763 ms
51) [15,21],  46 ms
52) [16,21],  1544 ms
53) [13,20],  41 ms
54) [12,21],  30 ms
55) [15,22],  35 ms
56) [16,23],  2585 ms
57) pbrain-pela:  I win !
57) [15,19],  30 ms
58) [15,20],  33 ms
59) [12,19],  36 ms
60) [11,18],  30 ms
61) [16,19],  31 ms
62) [18,19],  33 ms
63) [17,21],  30 ms
64) [16,20],  31 ms
65) [17,20],  30 ms
66) [14,17],  31 ms
67) [17,18],  30 ms
68) [17,22],  30 ms
69) [17,17],  30 ms

pela 60.0 wins

pela 5.0:  1038 ms/turn
pela 60.0:  3668 ms/turn
