 0) [14,17],  31 ms
 1) [13,17],  184 ms
 2) [14,16],  30 ms
 3) [14,15],  30 ms
 4) [13,14],  5015 ms
 5) [11,15],  21059 ms
 6) [12,16],  3359 ms
 7) [13,16],  14422 ms
 8) [15,14],  3518 ms
 9) [14,14],  8768 ms
10) [11,18],  5005 ms
11) [11,16],  10714 ms
12) [10,15],  3719 ms
13) [12,19],  17835 ms
14) [13,12],  2624 ms
15) [12,11],  7538 ms
16) [15,12],  3503 ms
17) [15,13],  14205 ms
18) [10,14],  1831 ms
19) [10,13],  12184 ms
20) [13,11],  2128 ms
21) [13,15],  8212 ms
22) [12,15],  5014 ms
23) [12,12],  9272 ms
24) [11,12],  2745 ms
25) [13,19],  4795 ms
26) [13,18],  30 ms
27) [13,13],  4768 ms
28) [11,11],  3584 ms
29) [12,18],  6566 ms
30) [12,14],  2662 ms
31) [12,13],  5635 ms
32) [11,13],  2873 ms
33) [11,10],  1731 ms
34) [12,20],  4952 ms
35) [17,12],  1766 ms
36) [17,11],  5010 ms
37) [18,13],  2586 ms
38) [14,13],  2348 ms
39) [16,11],  29 ms
40) [19,14],  5031 ms
41) [16,15],  1509 ms
42) [15,15],  2605 ms
43) [14,9],  1497 ms
44) [15,10],  29 ms
45) [18,12],  1890 ms
46) [19,12],  4340 ms
47) [19,13],  1623 ms
48) [17,13],  4200 ms
49) [14,20],  1928 ms
50) [15,21],  1864 ms
51) [15,19],  960 ms
52) [9,14],  1876 ms
53) [11,14],  41 ms
54) [14,19],  5015 ms
55) [18,14],  33 ms
56) [18,15],  5014 ms
57) [16,18],  31 ms
58) [17,17],  29 ms
59) [16,16],  66 ms
60) [17,15],  47 ms
61) [16,17],  57 ms
62) [16,19],  29 ms
63) [16,14],  30 ms

pela 60.0 wins

pela 5.0:  2814 ms/turn
pela 60.0:  5061 ms/turn
