 0) [17,14],  32 ms
 1) [18,14],  33 ms
 2) [19,13],  33 ms
 3) [18,13],  32 ms
 4) [18,12],  32 ms
 5) [17,12],  31 ms
 6) [19,14],  32 ms
 7) [19,11],  25741 ms
 8) [19,16],  3125 ms
 9) [19,15],  10504 ms
10) [20,16],  4390 ms
11) [18,16],  10617 ms
12) [20,14],  1397 ms
13) [21,15],  11286 ms
14) [20,15],  338 ms
15) [20,17],  17392 ms
16) [20,13],  1626 ms
17) [20,12],  31 ms
18) [21,14],  644 ms
19) [22,13],  5385 ms
20) [23,16],  61 ms
21) [22,15],  9993 ms
22) [22,14],  33 ms
23) [23,14],  31 ms
24) [21,16],  31 ms
25) [22,16],  30 ms
26) [18,17],  31 ms
27) [17,18],  62 ms
28) [22,17],  36 ms
29) [23,18],  81 ms
30) [17,16],  33 ms
31) [21,12],  12712 ms
32) [24,15],  3916 ms
33) [19,10],  6952 ms
34) [20,11],  30 ms
35) [21,18],  9501 ms
36) [19,9],  3598 ms
37) [16,17],  3985 ms
38) [18,10],  1843 ms
39) [17,11],  2361 ms
40) [24,18],  2326 ms
41) [25,14],  7610 ms
42) [23,12],  5006 ms
43) [16,18],  2013 ms
44) [15,19],  2136 ms
45) [15,16],  35 ms
46) [14,15],  5022 ms
47) [16,19],  36 ms
48) [16,20],  1533 ms
49) [19,18],  34 ms
50) [18,18],  5020 ms
51) [18,19],  33 ms
52) [19,20],  32 ms
53) [20,18],  35 ms
54) [22,18],  33 ms
55) [16,16],  36 ms
56) [16,15],  32 ms
57) [17,20],  35 ms
58) [16,21],  32 ms
59) [18,21],  33 ms
60) [15,18],  2166 ms
61) [17,19],  32 ms
62) [17,21],  31 ms
63) [19,19],  31 ms
64) [20,19],  33 ms
65) [18,20],  32 ms
66) [21,17],  31 ms
67) [15,17],  33 ms
68) [19,21],  34 ms
69) [14,16],  32 ms

pela 60.0 wins

pela 5.0:  1277 ms/turn
pela 60.0:  3909 ms/turn
