 0) [14,13],  966 ms
 1) [13,13],  1200 ms
 2) [15,14],  62 ms
 3) [13,12],  33 ms
 4) [13,11],  3595 ms
 5) [15,13],  8392 ms
 6) [14,15],  3459 ms
 7) [13,16],  11018 ms
 8) [12,15],  5009 ms
 9) [11,16],  22786 ms
10) [13,15],  4578 ms
11) [15,15],  10943 ms
12) [12,16],  3536 ms
13) [14,14],  17956 ms
14) [16,16],  1699 ms
15) [11,15],  5885 ms
16) [12,14],  1988 ms
17) [12,13],  14538 ms
18) [11,14],  5016 ms
19) [12,18],  8637 ms
20) [16,17],  3934 ms
21) [14,16],  11227 ms
22) [13,17],  1504 ms
23) [12,12],  9637 ms
24) [11,11],  31 ms
25) [16,18],  5154 ms
26) [15,16],  329 ms
27) [17,18],  4674 ms
28) [15,17],  174 ms
29) [14,17],  4998 ms
30) [10,14],  164 ms
31) [9,14],  4531 ms
32) [14,18],  306 ms
33) [13,19],  4558 ms
34) [15,19],  58 ms
35) [16,20],  32 ms
36) [15,18],  52 ms
37) [15,20],  35 ms
38) [17,16],  36 ms
39) [18,15],  3217 ms
40) pbrain-pela:  I win !
40) [17,15],  33 ms
41) [18,14],  33 ms
42) [18,17],  33 ms
43) [16,15],  33 ms
44) [18,16],  33 ms
45) [19,16],  33 ms
46) [19,17],  33 ms
47) [17,17],  32 ms
48) [20,18],  32 ms
49) [21,19],  32 ms
50) [16,14],  32 ms

pela 5.0 wins

pela 5.0:  1411 ms/turn
pela 60.0:  5984 ms/turn
