 0) [14,14],  32 ms
 1) [13,14],  184 ms
 2) [12,13],  31 ms
 3) [13,13],  31 ms
 4) [13,15],  32 ms
 5) [12,15],  31 ms
 6) [14,13],  33 ms
 7) [14,16],  25687 ms
 8) [14,11],  2916 ms
 9) [14,12],  9972 ms
10) [15,11],  4163 ms
11) [13,11],  20592 ms
12) [13,12],  1362 ms
13) [15,10],  7108 ms
14) [11,14],  836 ms
15) [10,15],  29 ms
16) [12,10],  1662 ms
17) [12,11],  10518 ms
18) [10,16],  2542 ms
19) [15,14],  15057 ms
20) [11,11],  3772 ms
21) [10,12],  12967 ms
22) [15,12],  5016 ms
23) [16,12],  11148 ms
24) [16,14],  3315 ms
25) [16,13],  2813 ms
26) [17,12],  3564 ms
27) [16,10],  9116 ms
28) [16,9],  3134 ms
29) [18,11],  6587 ms
30) [17,10],  2061 ms
31) [18,9],  3706 ms
32) [10,10],  5015 ms
33) [11,10],  5584 ms
34) [11,9],  3899 ms
35) [9,9],  5148 ms
36) [9,8],  3611 ms
37) [9,11],  4850 ms
38) [8,10],  3283 ms
39) [11,17],  2726 ms
40) [18,12],  3983 ms
41) [17,11],  3742 ms
42) [19,11],  2472 ms
43) [20,10],  3022 ms
44) [13,10],  3921 ms
45) [11,8],  1838 ms
46) [14,9],  4097 ms
47) [13,9],  1859 ms
48) [7,10],  2446 ms
49) [6,10],  1652 ms
50) [9,12],  3760 ms
51) [8,11],  2013 ms
52) [19,9],  4999 ms
53) [12,17],  1037 ms
54) [15,15],  3033 ms
55) [17,13],  29 ms
56) [11,16],  2254 ms
57) [13,17],  1208 ms
58) [14,17],  1624 ms
59) [12,16],  1276 ms
60) [12,18],  4610 ms
61) [11,15],  914 ms
62) [14,18],  4506 ms
63) [9,15],  244 ms
64) [8,15],  30 ms
65) [9,17],  104 ms
66) [10,17],  30 ms
67) [9,16],  35 ms
68) [9,14],  2190 ms
69) pbrain-pela:  I win !
69) [9,19],  30 ms
70) [9,18],  32 ms
71) [10,14],  31 ms
72) [9,13],  31 ms
73) [13,16],  31 ms
74) [14,15],  31 ms
75) [11,13],  31 ms
76) [12,12],  31 ms
77) [10,18],  30 ms
78) [8,20],  35 ms
79) [8,16],  37 ms
80) [7,17],  31 ms
81) [7,15],  32 ms
82) [11,19],  30 ms
83) [6,14],  31 ms

pela 60.0 wins

pela 5.0:  2248 ms/turn
pela 60.0:  4120 ms/turn
