 0) [15,17],  34 ms
 1) [14,17],  187 ms
 2) [15,16],  32 ms
 3) [15,15],  33 ms
 4) [14,14],  5019 ms
 5) [12,15],  18479 ms
 6) [13,16],  3019 ms
 7) [14,16],  14185 ms
 8) [16,14],  3296 ms
 9) [15,14],  8464 ms
10) [12,18],  5043 ms
11) [12,16],  11039 ms
12) [11,15],  3911 ms
13) [13,19],  18224 ms
14) [14,12],  2537 ms
15) [13,11],  7274 ms
16) [16,12],  3323 ms
17) [16,13],  14587 ms
18) [11,14],  1714 ms
19) [11,13],  12497 ms
20) [14,11],  2204 ms
21) [14,15],  8618 ms
22) [13,15],  5006 ms
23) [13,12],  9504 ms
24) [12,12],  2720 ms
25) [14,19],  4865 ms
26) [14,18],  30 ms
27) [14,13],  5010 ms
28) [12,11],  3044 ms
29) [13,18],  6736 ms
30) [13,14],  2129 ms
31) [13,13],  5153 ms
32) [12,13],  2092 ms
33) [12,10],  5012 ms
34) [13,20],  3563 ms
35) [18,12],  1194 ms
36) [18,11],  4311 ms
37) [19,13],  1802 ms
38) [15,13],  1728 ms
39) [17,11],  32 ms
40) [20,14],  3775 ms
41) [17,15],  1226 ms
42) [16,15],  1940 ms
43) [15,9],  3695 ms
44) [16,10],  32 ms
45) [19,12],  1552 ms
46) [20,12],  3437 ms
47) [20,13],  1354 ms
48) [18,13],  3227 ms
49) [15,20],  1459 ms
50) [16,21],  1526 ms
51) [16,19],  2546 ms
52) [10,14],  1562 ms
53) [12,14],  32 ms
54) [15,19],  5009 ms
55) [19,14],  35 ms
56) [19,15],  5012 ms
57) [17,18],  35 ms
58) [18,17],  32 ms
59) [17,16],  34 ms
60) [18,15],  32 ms
61) [17,17],  36 ms
62) [17,19],  36 ms
63) [17,14],  32 ms

pela 60.0 wins

pela 5.0:  2511 ms/turn
pela 60.0:  5154 ms/turn
