 0) [16,16],  32 ms
 1) [17,15],  32 ms
 2) [15,15],  32 ms
 3) [17,17],  31 ms
 4) [15,14],  32 ms
 5) [16,17],  32 ms
 6) [17,14],  32 ms
 7) [15,17],  34 ms
 8) [14,17],  5014 ms
 9) [15,16],  8724 ms
10) [16,14],  295 ms
11) [14,14],  16282 ms
12) [18,14],  118 ms
13) [19,14],  30 ms
14) [17,13],  93 ms
15) [18,12],  22122 ms
16) [16,12],  55 ms
17) [18,17],  18958 ms
18) [19,17],  31 ms
19) [15,11],  16279 ms
20) [16,13],  37 ms
21) [16,15],  31 ms
22) [14,16],  34 ms
23) [13,17],  31 ms
24) [14,15],  36 ms
25) [17,12],  13914 ms
26) [16,11],  32 ms
27) [16,10],  32 ms
28) [13,16],  41 ms
29) [12,17],  30 ms
30) [15,12],  33 ms
31) [18,15],  11909 ms
32) [13,10],  33 ms
33) [14,11],  60 ms
34) [19,15],  50 ms
35) [20,16],  74 ms
36) [17,16],  2373 ms
37) [14,13],  4451 ms
38) [14,12],  3147 ms
39) [13,12],  7031 ms
40) [15,19],  3549 ms
41) [14,19],  2413 ms
42) [12,13],  2298 ms
43) [20,13],  5095 ms
44) [20,14],  1934 ms
45) [21,12],  37 ms
46) [22,11],  51 ms
47) [19,12],  34 ms
48) [20,12],  43 ms
49) [21,14],  47 ms
50) [18,11],  5032 ms
51) [19,16],  37 ms
52) [20,15],  5010 ms
53) [22,16],  35 ms
54) [23,16],  3043 ms
55) [18,16],  110 ms
56) [21,16],  31 ms
57) [18,19],  30 ms
58) [18,18],  30 ms
59) [17,18],  31 ms
60) [19,20],  32 ms
61) [15,20],  30 ms
62) [16,19],  30 ms
63) [13,18],  30 ms
64) [16,21],  31 ms
65) [11,16],  31 ms

pela 60.0 wins

pela 5.0:  989 ms/turn
pela 60.0:  3880 ms/turn
