 0) [15,15],  31 ms
 1) [14,16],  31 ms
 2) [15,14],  30 ms
 3) [15,13],  31 ms
 4) [16,15],  3006 ms
 5) [14,15],  31 ms
 6) [13,11],  5012 ms
 7) [13,12],  9543 ms
 8) [14,17],  3815 ms
 9) [15,16],  24355 ms
10) [12,13],  1884 ms
11) [12,11],  9345 ms
12) [12,12],  4601 ms
13) [11,13],  6563 ms
14) [13,15],  5014 ms
15) [12,15],  18579 ms
16) [11,10],  4217 ms
17) [11,9],  15917 ms
18) [10,10],  3041 ms
19) [9,10],  6589 ms
20) [10,11],  3990 ms
21) [9,9],  12726 ms
22) [8,9],  2342 ms
23) [12,9],  4368 ms
24) [10,9],  4433 ms
25) [10,12],  10282 ms
26) [9,11],  3223 ms
27) [10,8],  6660 ms
28) [12,8],  2943 ms
29) [14,14],  4439 ms
30) [14,12],  5002 ms
31) [18,15],  3032 ms
32) [16,17],  4188 ms
33) [17,17],  3653 ms
34) [14,10],  5005 ms
35) [16,8],  3568 ms
36) [13,16],  2401 ms
37) [13,17],  5760 ms
38) [16,19],  5003 ms
39) [16,18],  1660 ms
40) [18,16],  5010 ms
41) [14,9],  3216 ms
42) [9,7],  3499 ms
43) [15,18],  4239 ms
44) [14,18],  2045 ms
45) [17,18],  2590 ms
46) [8,8],  2671 ms
47) [8,7],  899 ms
48) [13,10],  2693 ms
49) [12,10],  35 ms
50) [13,9],  2261 ms
51) [11,7],  2987 ms
52) [12,6],  1710 ms
53) [13,7],  2703 ms
54) [17,16],  5000 ms
55) [18,17],  1171 ms
56) [12,7],  5001 ms
57) [12,5],  1386 ms
58) [14,19],  1480 ms
59) [17,19],  1140 ms
60) [16,12],  2095 ms
61) [15,11],  30 ms
62) [18,18],  2987 ms
63) [17,21],  181 ms
64) [17,20],  40 ms
65) [18,20],  143 ms
66) [15,17],  31 ms
67) [19,21],  80 ms
68) [20,22],  30 ms
69) [19,19],  127 ms
70) [14,21],  2291 ms
71) [14,20],  30 ms
72) [16,22],  5009 ms
73) [18,21],  38 ms
74) [20,21],  4484 ms
75) pbrain-pela:  I win !
75) [21,17],  31 ms
76) [20,18],  34 ms
77) [19,17],  33 ms
78) [20,17],  30 ms
79) [19,20],  32 ms
80) [19,18],  30 ms
81) [15,19],  31 ms
82) [13,21],  30 ms
83) [19,23],  31 ms
84) [19,22],  31 ms
85) [18,22],  30 ms
86) [16,20],  30 ms
87) [18,23],  31 ms
88) [18,24],  30 ms
89) [18,19],  31 ms

pela 60.0 wins

pela 5.0:  2616 ms/turn
pela 60.0:  3741 ms/turn
