 0) [16,17],  0 ms
 1) [15,17],  180 ms
 2) [14,16],  31 ms
 3) [15,16],  32 ms
 4) [15,18],  31 ms
 5) [14,18],  31 ms
 6) [16,16],  32 ms
 7) [16,19],  25690 ms
 8) [16,14],  3106 ms
 9) [16,15],  9698 ms
10) [17,14],  4349 ms
11) [15,14],  20630 ms
12) [17,16],  1546 ms
13) [18,15],  14150 ms
14) [17,15],  319 ms
15) [17,13],  15686 ms
16) [17,17],  1643 ms
17) [17,18],  30 ms
18) [18,16],  493 ms
19) [19,17],  5639 ms
20) [20,14],  61 ms
21) [19,15],  11858 ms
22) [19,16],  33 ms
23) [20,16],  63 ms
24) [18,14],  30 ms
25) [19,14],  31 ms
26) [17,19],  2013 ms
27) [20,12],  4860 ms
28) [15,13],  5006 ms
29) [14,12],  30 ms
30) [19,11],  5002 ms
31) [17,12],  10203 ms
32) [20,15],  2116 ms
33) [12,19],  5032 ms
34) [14,21],  5009 ms
35) [13,12],  3978 ms
36) [12,11],  3830 ms
37) [16,13],  241 ms
38) [18,11],  3210 ms
39) [15,12],  185 ms
40) [16,12],  33 ms
41) [14,14],  91 ms
42) [12,12],  3994 ms
43) [13,18],  38 ms
44) [14,17],  32 ms
45) [13,16],  36 ms
46) [14,15],  32 ms
47) [13,17],  34 ms
48) [13,19],  3758 ms
49) [13,15],  33 ms
50) [13,14],  47 ms
51) [12,16],  72 ms
52) [11,15],  44 ms
53) pbrain-pela:  I win !
53) [10,18],  64 ms
54) [11,17],  33 ms
55) [12,18],  31 ms
56) [11,18],  32 ms
57) [12,17],  31 ms
58) [12,20],  32 ms
59) [12,15],  31 ms

pela 60.0 wins

pela 5.0:  1529 ms/turn
pela 60.0:  4290 ms/turn
