 0) [17,16],  41 ms
 1) [16,16],  996 ms
 2) [18,15],  31 ms
 3) [16,17],  31 ms
 4) [16,15],  3227 ms
 5) [18,17],  32 ms
 6) [15,17],  5009 ms
 7) [17,14],  7962 ms
 8) [14,15],  4457 ms
 9) [15,15],  10265 ms
10) [17,17],  2155 ms
11) [17,19],  9303 ms
12) [16,19],  4019 ms
13) [14,14],  21654 ms
14) [13,13],  3974 ms
15) [16,12],  18550 ms
16) [16,14],  3882 ms
17) [12,13],  15899 ms
18) [17,11],  2914 ms
19) [16,11],  11958 ms
20) [15,19],  5004 ms
21) [15,20],  4012 ms
22) [14,18],  4988 ms
23) [14,20],  3294 ms
24) [17,20],  4856 ms
25) [14,17],  10882 ms
26) [12,18],  1816 ms
27) [11,18],  3724 ms
28) [17,15],  3768 ms
29) [18,16],  8185 ms
30) [18,20],  4499 ms
31) [17,21],  4022 ms
32) [13,20],  5018 ms
33) [16,20],  4243 ms
34) [15,21],  2078 ms
35) [13,19],  3127 ms
36) [15,22],  5007 ms
37) [14,23],  5984 ms
38) [14,22],  4540 ms
39) [16,23],  3822 ms
40) [15,11],  4806 ms
41) [16,21],  2253 ms
42) [16,24],  4238 ms
43) [15,23],  1853 ms
44) [17,23],  4748 ms
45) [18,22],  3992 ms
46) [19,23],  2088 ms
47) [20,23],  1915 ms
48) [18,24],  5013 ms
49) [17,22],  2248 ms
50) [18,23],  3128 ms
51) [19,25],  1932 ms
52) [19,20],  5005 ms
53) [21,20],  1841 ms
54) [13,22],  3823 ms
55) [12,22],  773 ms
56) [13,23],  2548 ms
57) [13,24],  1924 ms
58) [16,10],  5014 ms
59) [14,12],  1462 ms
60) [13,12],  5007 ms
61) [15,9],  1704 ms
62) [19,22],  5015 ms
63) [19,24],  1301 ms
64) [14,25],  5011 ms
65) [17,25],  1282 ms
66) [20,25],  5008 ms
67) [11,23],  572 ms
68) [13,21],  3493 ms
69) [11,26],  661 ms
70) [12,25],  4359 ms
71) [11,25],  916 ms
72) [11,24],  4201 ms
73) [13,26],  473 ms
74) [10,26],  5015 ms
75) [14,10],  657 ms
76) [10,23],  3856 ms
77) [10,25],  627 ms
78) [13,28],  3760 ms
79) [13,11],  488 ms
80) [12,12],  1913 ms
81) [12,26],  367 ms
82) [14,26],  3083 ms
83) [15,25],  406 ms
84) [16,25],  2338 ms
85) [17,24],  349 ms
86) [22,21],  5016 ms
87) [13,10],  296 ms
88) [12,10],  4402 ms
89) [14,9],  255 ms
90) [14,13],  1567 ms
91) [15,14],  34 ms
92) [9,22],  1713 ms
93) [8,21],  33 ms
94) [19,15],  990 ms
95) [20,15],  36 ms
96) [19,21],  1635 ms
97) [19,19],  33 ms
98) [18,21],  5007 ms
99) [15,18],  34 ms
100) [21,21],  5013 ms
101) [20,21],  32 ms
102) [20,22],  3700 ms
103) [22,20],  31 ms
104) [14,8],  2228 ms
105) [16,8],  34 ms
106) [17,7],  31 ms
107) [12,11],  34 ms
108) [11,12],  2154 ms
109) [13,8],  38 ms
110) [15,10],  31 ms
111) pbrain-pela:  I win !
111) [13,9],  31 ms
112) [13,7],  32 ms
113) [12,9],  31 ms
114) [16,9],  30 ms
115) [11,9],  31 ms

pela 60.0 wins

pela 5.0:  3401 ms/turn
pela 60.0:  3084 ms/turn
