 0) [16,16],  33 ms
 1) [16,15],  34 ms
 2) [17,14],  35 ms
 3) [17,15],  33 ms
 4) [15,15],  33 ms
 5) [14,14],  32 ms
 6) [19,16],  4782 ms
 7) [17,16],  25719 ms
 8) [14,13],  3971 ms
 9) [15,12],  10543 ms
10) [17,18],  4068 ms
11) [18,18],  9424 ms
12) [15,13],  5004 ms
13) [17,13],  9834 ms
14) [19,18],  3321 ms
15) [20,17],  8767 ms
16) [14,12],  3757 ms
17) [13,11],  16526 ms
18) [15,16],  5015 ms
19) [15,17],  11544 ms
20) [14,16],  2912 ms
21) [13,16],  12514 ms
22) [14,10],  3236 ms
23) [19,17],  4586 ms
24) [18,17],  3129 ms
25) [16,19],  5522 ms
26) [20,16],  2120 ms
27) [20,13],  2924 ms
28) [14,17],  3094 ms
29) [14,15],  8581 ms
30) [15,10],  2292 ms
31) [14,11],  4890 ms
32) [16,13],  5018 ms
33) [16,10],  6071 ms
34) [19,14],  1894 ms
35) [20,15],  3235 ms
36) [19,15],  2042 ms
37) [19,12],  5604 ms
38) [18,12],  5020 ms
39) [13,10],  2236 ms
40) [12,9],  3532 ms
41) [16,20],  2469 ms
42) [15,21],  3568 ms
43) [21,17],  2737 ms
44) [22,17],  5006 ms
45) [16,14],  3750 ms
46) [18,11],  5016 ms
47) [18,13],  3219 ms
48) [21,13],  5015 ms
49) [22,12],  1598 ms
50) [16,21],  3239 ms
51) [17,21],  1660 ms
52) [20,18],  4713 ms
53) [15,20],  1214 ms
54) [14,20],  1354 ms
55) [12,13],  2098 ms
56) [12,11],  4089 ms
57) [12,8],  1802 ms
58) [20,14],  4795 ms
59) [21,14],  1104 ms
60) [22,16],  61 ms
61) [21,16],  474 ms
62) [21,15],  87 ms
63) [19,13],  31 ms
64) [22,18],  80 ms
65) [22,15],  1321 ms
66) [23,16],  30 ms
67) [23,18],  408 ms
68) [23,17],  33 ms
69) [24,18],  31 ms
70) [21,19],  35 ms
71) [24,16],  476 ms
72) [22,20],  35 ms
73) [22,19],  31 ms
74) [21,20],  33 ms
75) [20,20],  34 ms
76) [20,19],  32 ms
77) [22,21],  44 ms
78) [21,18],  34 ms
79) [24,15],  33 ms
80) [19,20],  38 ms

pela 5.0 wins

pela 5.0:  2478 ms/turn
pela 60.0:  4328 ms/turn
