 0) [17,15],  34 ms
 1) [17,16],  32 ms
 2) [16,15],  33 ms
 3) [15,15],  33 ms
 4) [17,14],  5008 ms
 5) [18,13],  24220 ms
 6) [17,11],  2561 ms
 7) [17,12],  22250 ms
 8) [19,14],  3697 ms
 9) [18,14],  19073 ms
10) [18,12],  3109 ms
11) [16,10],  16344 ms
12) [15,10],  2338 ms
13) [16,13],  14007 ms
14) [15,13],  1853 ms
15) [16,12],  11999 ms
16) [16,11],  5016 ms
17) [15,11],  7642 ms
18) [17,13],  5024 ms
19) [19,11],  4372 ms
20) [14,12],  2622 ms
21) [16,14],  7676 ms
22) [14,13],  2770 ms
23) [13,12],  5498 ms
24) [19,15],  2072 ms
25) [18,17],  6700 ms
26) [18,11],  4309 ms
27) [13,11],  2389 ms
28) [13,10],  4359 ms
29) [14,14],  5407 ms
30) [12,12],  4509 ms
31) [14,9],  4371 ms
32) [18,18],  3795 ms
33) [20,15],  3999 ms
34) [18,16],  2274 ms
35) [20,14],  1596 ms
36) [19,17],  5012 ms
37) [19,16],  2035 ms
38) [21,14],  5013 ms
39) [17,19],  2915 ms
40) [17,18],  5016 ms
41) [20,18],  785 ms
42) [12,13],  3866 ms
43) [12,14],  1889 ms
44) [20,16],  5008 ms
45) [22,14],  1366 ms
46) [21,13],  2616 ms
47) [13,14],  1831 ms
48) [15,14],  39 ms
49) [21,12],  667 ms
50) [11,15],  1458 ms
51) [22,13],  667 ms
52) [22,11],  5012 ms
53) [22,16],  629 ms
54) [22,15],  5012 ms
55) [23,17],  1375 ms
56) [21,15],  1958 ms
57) [21,17],  1183 ms
58) [23,15],  1708 ms
59) [20,19],  851 ms
60) [19,19],  1504 ms
61) [13,13],  37 ms
62) [13,15],  32 ms
63) [17,17],  84 ms
64) [16,16],  31 ms
65) [20,20],  92 ms
66) [20,21],  112 ms
67) [21,19],  35 ms
68) [22,18],  38 ms
69) [21,20],  32 ms
70) [19,18],  32 ms
71) [21,18],  32 ms
72) [21,21],  32 ms
73) [21,16],  32 ms

pela 60.0 wins

pela 5.0:  2672 ms/turn
pela 60.0:  4706 ms/turn
