 0) [13,16],  35 ms
 1) [13,17],  32 ms
 2) [14,15],  33 ms
 3) [12,17],  34 ms
 4) [11,17],  2305 ms
 5) [13,15],  8963 ms
 6) [15,16],  3459 ms
 7) [16,17],  11568 ms
 8) [15,18],  4797 ms
 9) [16,19],  8666 ms
10) [15,17],  5016 ms
11) [15,15],  21548 ms
12) [16,18],  4354 ms
13) [14,16],  13439 ms
14) [16,14],  5004 ms
15) [15,19],  7783 ms
16) [14,18],  5015 ms
17) [13,18],  14009 ms
18) [14,19],  5007 ms
19) [18,18],  6714 ms
20) [17,14],  3843 ms
21) [16,16],  10407 ms
22) [17,17],  5006 ms
23) [12,18],  7312 ms
24) [11,19],  32 ms
25) [18,14],  6899 ms
26) [16,15],  316 ms
27) [18,13],  4262 ms
28) [17,15],  184 ms
29) [17,16],  4029 ms
30) [14,20],  177 ms
31) [14,21],  4549 ms
32) [18,16],  312 ms
33) [19,17],  4500 ms
34) [19,15],  55 ms
35) [20,14],  32 ms
36) [18,15],  53 ms
37) [20,15],  32 ms
38) [16,13],  37 ms
39) [15,12],  3048 ms
40) [15,13],  32 ms
41) [14,12],  32 ms
42) [17,12],  33 ms
43) [15,14],  32 ms
44) [16,12],  33 ms
45) [16,11],  32 ms
46) [17,11],  32 ms
47) [17,13],  33 ms
48) [18,10],  32 ms
49) [19,9],  32 ms
50) [14,14],  31 ms

pela 5.0 wins

pela 5.0:  1739 ms/turn
pela 60.0:  5519 ms/turn
