 0) [13,17],  35 ms
 1) [14,17],  35 ms
 2) [13,16],  36 ms
 3) [13,15],  36 ms
 4) [14,14],  2066 ms
 5) [16,15],  19949 ms
 6) [15,16],  2706 ms
 7) [14,16],  22869 ms
 8) [15,14],  3701 ms
 9) [12,17],  17424 ms
10) [14,18],  3948 ms
11) [15,15],  12695 ms
12) [14,15],  2879 ms
13) [13,14],  5502 ms
14) [15,17],  5008 ms
15) [15,19],  13088 ms
16) [14,11],  1736 ms
17) [16,13],  12645 ms
18) [16,14],  3176 ms
19) [14,12],  5063 ms
20) [18,19],  1901 ms
21) [18,14],  5960 ms
22) [12,16],  2215 ms
23) [18,15],  9242 ms
24) [11,15],  2263 ms
25) [10,14],  29 ms
26) [16,17],  3662 ms
27) [17,18],  31 ms
28) [18,13],  1943 ms
29) [19,16],  42 ms
30) [17,14],  1501 ms
31) [20,15],  33 ms
32) [18,17],  5012 ms
33) [19,15],  34 ms
34) [17,15],  34 ms
35) [21,15],  32 ms
36) [22,15],  32 ms
37) [19,17],  32 ms
38) [20,16],  37 ms
39) [19,14],  31 ms
40) [19,18],  32 ms
41) [19,13],  38 ms

pela 60.0 wins

pela 5.0:  2091 ms/turn
pela 60.0:  5943 ms/turn
