 0) [17,16],  36 ms
 1) [16,16],  38606 ms
 2) [18,17],  46 ms
 3) [16,15],  64 ms
 4) [16,17],  3534 ms
 5) [18,15],  32 ms
 6) [15,15],  5013 ms
 7) [17,18],  7124 ms
 8) [14,17],  4285 ms
 9) [15,17],  11577 ms
10) [18,14],  2148 ms
11) [14,18],  11200 ms
12) [13,19],  3013 ms
13) [17,14],  15922 ms
14) [16,13],  1592 ms
15) [15,18],  7935 ms
16) [16,18],  3509 ms
17) [12,18],  6647 ms
18) [16,12],  5005 ms
19) [15,11],  3842 ms
20) [17,12],  1937 ms
21) [18,12],  4520 ms
22) [16,11],  5023 ms
23) [16,10],  10366 ms
24) [18,13],  5016 ms
25) [13,18],  2909 ms
26) [11,18],  32 ms
27) [19,14],  2464 ms
28) [14,13],  982 ms
29) [17,11],  5677 ms
30) [19,13],  34 ms
31) [14,8],  7309 ms
32) [15,9],  32 ms
33) [17,13],  2914 ms
34) [14,9],  33 ms
35) [15,10],  32 ms
36) [15,14],  34 ms
37) [14,15],  2698 ms
38) [21,11],  33 ms
39) [20,12],  31 ms
40) [17,10],  33 ms
41) [15,12],  30 ms
42) [16,9],  33 ms
43) [17,9],  30 ms
44) [18,11],  30 ms
45) [19,10],  30 ms
46) [15,8],  30 ms
47) [19,12],  30 ms
48) [14,7],  32 ms

pela 5.0 wins

pela 5.0:  1659 ms/turn
pela 60.0:  5916 ms/turn
