 0) [14,14],  34 ms
 1) [13,13],  32 ms
 2) [15,13],  34 ms
 3) [13,15],  34 ms
 4) [15,12],  33 ms
 5) [14,15],  33 ms
 6) [13,12],  33 ms
 7) [15,15],  33 ms
 8) [12,15],  5021 ms
 9) [14,12],  8185 ms
10) [16,15],  5012 ms
11) [14,13],  17792 ms
12) [14,16],  3445 ms
13) [15,10],  19767 ms
14) [11,14],  2092 ms
15) [13,16],  11862 ms
16) [13,17],  4226 ms
17) [10,15],  17462 ms
18) [16,12],  5005 ms
19) [16,13],  5420 ms
20) [15,14],  1767 ms
21) [12,14],  10686 ms
22) [11,15],  3810 ms
23) [18,10],  7796 ms
24) [16,10],  3162 ms
25) [11,13],  4275 ms
26) [12,13],  4628 ms
27) [14,18],  4807 ms
28) [10,11],  5003 ms
29) [9,12],  7944 ms
30) [15,9],  5010 ms
31) [14,8],  3103 ms
32) [14,10],  3237 ms
33) [16,8],  7185 ms
34) [17,8],  5006 ms
35) [10,14],  7642 ms
36) [10,12],  5001 ms
37) [10,10],  6518 ms
38) [9,15],  1776 ms
39) [9,10],  4096 ms
40) [8,10],  1953 ms
41) [9,11],  36 ms
42) [9,9],  2861 ms
43) [8,12],  32 ms
44) [7,13],  5011 ms
45) [6,12],  34 ms
46) [5,12],  31 ms
47) [12,8],  32 ms
48) [11,9],  29 ms
49) [11,8],  33 ms
50) [13,8],  4854 ms
51) [9,13],  35 ms
52) [9,14],  32 ms
53) [6,10],  34 ms
54) [7,11],  32 ms
55) [10,9],  33 ms
56) [8,11],  5009 ms
57) [15,7],  34 ms
58) [17,9],  30 ms
59) [12,10],  33 ms
60) [13,9],  30 ms
61) [12,7],  29 ms
62) [13,6],  31 ms
63) [12,9],  30 ms
64) [12,11],  29 ms
65) [12,6],  30 ms

pela 60.0 wins

pela 5.0:  2523 ms/turn
pela 60.0:  4396 ms/turn
