 0) [14,16],  33 ms
 1) [13,16],  228 ms
 2) [14,15],  33 ms
 3) [14,14],  32 ms
 4) [13,13],  5011 ms
 5) [11,14],  20013 ms
 6) [12,15],  2996 ms
 7) [13,15],  14143 ms
 8) [15,13],  3459 ms
 9) [14,13],  8776 ms
10) [11,17],  5012 ms
11) [11,15],  10722 ms
12) [10,14],  3974 ms
13) [12,18],  18009 ms
14) [13,11],  2610 ms
15) [12,10],  7709 ms
16) [15,11],  3614 ms
17) [15,12],  14336 ms
18) [10,13],  1947 ms
19) [10,12],  12301 ms
20) [13,10],  2041 ms
21) [13,14],  8233 ms
22) [12,14],  5008 ms
23) [12,11],  9360 ms
24) [11,11],  2596 ms
25) [13,18],  4676 ms
26) [13,17],  32 ms
27) [13,12],  4831 ms
28) [11,10],  3492 ms
29) [12,17],  6671 ms
30) [12,13],  2109 ms
31) [12,12],  5073 ms
32) [11,12],  1994 ms
33) [11,9],  4996 ms
34) [12,19],  3648 ms
35) [17,11],  1192 ms
36) [17,10],  4323 ms
37) [18,12],  1808 ms
38) [14,12],  1735 ms
39) [16,10],  31 ms
40) [19,13],  3785 ms
41) [16,14],  1247 ms
42) [15,14],  1964 ms
43) [14,8],  3663 ms
44) [15,9],  31 ms
45) [18,11],  1506 ms
46) [19,11],  3277 ms
47) [19,12],  1313 ms
48) [17,12],  3211 ms
49) [14,19],  1466 ms
50) [15,20],  1532 ms
51) [15,18],  2523 ms
52) [9,13],  1504 ms
53) [11,13],  39 ms
54) [14,18],  5020 ms
55) [18,13],  35 ms
56) [18,14],  5013 ms
57) [16,17],  33 ms
58) [17,16],  32 ms
59) [16,15],  32 ms
60) [17,14],  31 ms
61) [16,16],  34 ms
62) [16,18],  31 ms
63) [16,13],  32 ms

pela 60.0 wins

pela 5.0:  2534 ms/turn
pela 60.0:  5158 ms/turn
