 0) [14,17],  33 ms
 1) [13,17],  226 ms
 2) [14,16],  32 ms
 3) [14,15],  32 ms
 4) [15,17],  5013 ms
 5) [16,18],  23714 ms
 6) [18,17],  2721 ms
 7) [17,17],  20888 ms
 8) [15,19],  4089 ms
 9) [15,18],  19314 ms
10) [18,18],  4124 ms
11) [18,19],  11364 ms
12) [19,17],  5010 ms
13) [20,16],  14939 ms
14) [19,20],  2632 ms
15) [19,18],  3912 ms
16) [17,20],  4684 ms
17) [16,20],  5478 ms
18) [16,17],  4224 ms
19) [20,18],  11447 ms
20) [20,15],  1541 ms
21) [18,15],  6753 ms
22) [22,17],  1430 ms
23) [21,17],  6439 ms
24) [21,16],  1875 ms
25) [23,18],  7931 ms
26) [22,18],  3435 ms
27) [22,19],  6774 ms
28) [21,20],  1878 ms
29) [20,20],  3094 ms
30) [20,19],  1913 ms
31) [21,18],  5382 ms
32) [14,19],  3262 ms
33) [12,19],  1756 ms
34) [17,22],  4145 ms
35) [19,16],  1543 ms
36) [20,17],  31 ms
37) [14,18],  2517 ms
38) [13,18],  5012 ms
39) [18,21],  3782 ms
40) [24,23],  2186 ms
41) [12,17],  3237 ms
42) [13,16],  3331 ms
43) [17,14],  2793 ms
44) [16,13],  5016 ms
45) [18,13],  2376 ms
46) [22,21],  5015 ms
47) [23,22],  30 ms
48) [16,21],  1491 ms
49) [15,20],  30 ms
50) [16,15],  2986 ms
51) [16,16],  1269 ms
52) [18,16],  2875 ms
53) [18,14],  1463 ms
54) [18,12],  1701 ms
55) [16,14],  99 ms
56) [19,14],  1811 ms
57) [12,16],  36 ms
58) [12,15],  2591 ms
59) [10,14],  35 ms
60) [11,15],  31 ms
61) [14,14],  39 ms
62) [15,14],  31 ms
63) [12,20],  40 ms
64) [12,18],  31 ms
65) [17,16],  33 ms
66) [17,15],  93 ms
67) [13,20],  32 ms
68) [14,20],  38 ms
69) [11,17],  34 ms
70) [13,15],  32 ms
71) pbrain-pela:  I win !
71) [10,17],  32 ms
72) [9,17],  32 ms
73) [11,18],  32 ms
74) [14,21],  34 ms
75) [9,16],  31 ms

pela 60.0 wins

pela 5.0:  2273 ms/turn
pela 60.0:  4445 ms/turn
