 0) [16,17],  31 ms
 1) [16,18],  32 ms
 2) [17,16],  32 ms
 3) [15,18],  32 ms
 4) [14,18],  2594 ms
 5) [16,16],  8978 ms
 6) [18,17],  3192 ms
 7) [19,18],  12057 ms
 8) [18,19],  4797 ms
 9) [19,20],  8593 ms
10) [18,18],  4930 ms
11) [18,16],  21482 ms
12) [19,19],  5015 ms
13) [17,17],  16716 ms
14) [19,15],  1674 ms
15) [18,20],  9256 ms
16) [17,19],  5020 ms
17) [16,19],  14707 ms
18) [17,20],  1494 ms
19) [21,19],  7421 ms
20) [20,15],  4025 ms
21) [19,17],  10896 ms
22) [20,18],  1504 ms
23) [15,19],  7654 ms
24) [14,20],  31 ms
25) [21,15],  7146 ms
26) [19,16],  336 ms
27) [21,14],  4451 ms
28) [20,16],  188 ms
29) [20,17],  4264 ms
30) [17,21],  185 ms
31) [17,22],  4754 ms
32) [21,17],  314 ms
33) [22,18],  4860 ms
34) [22,16],  54 ms
35) [23,15],  31 ms
36) [21,16],  52 ms
37) [23,16],  31 ms
38) [19,14],  36 ms
39) [18,13],  3085 ms
40) pbrain-pela:  I win !
40) [18,14],  31 ms
41) [17,13],  32 ms
42) [20,13],  30 ms
43) [18,15],  31 ms
44) [19,13],  33 ms
45) [19,12],  30 ms
46) [20,12],  31 ms
47) [20,14],  31 ms
48) [21,11],  32 ms
49) [22,10],  31 ms
50) [17,15],  31 ms

pela 5.0 wins

pela 5.0:  1372 ms/turn
pela 60.0:  5864 ms/turn
