 0) [14,16],  32 ms
 1) [13,16],  32 ms
 2) [13,15],  32 ms
 3) [14,15],  47 ms
 4) [15,14],  33 ms
 5) [15,15],  31 ms
 6) [16,14],  32 ms
 7) [14,14],  32 ms
 8) [18,16],  34 ms
 9) [17,15],  25704 ms
10) [18,14],  3297 ms
11) [18,15],  10863 ms
12) [16,15],  30 ms
13) [16,16],  20489 ms
14) [13,13],  1764 ms
15) [13,12],  6636 ms
16) [12,14],  5016 ms
17) [11,13],  6251 ms
18) [17,18],  4646 ms
19) [15,17],  15715 ms
20) [18,19],  3065 ms
21) [19,18],  13482 ms
22) [18,21],  3378 ms
23) [19,20],  5280 ms
24) [14,18],  4458 ms
25) [17,14],  3758 ms
26) [17,17],  4411 ms
27) [16,18],  5235 ms
28) [18,18],  60 ms
29) [18,20],  9501 ms
30) [17,19],  34 ms
31) [17,20],  2979 ms
32) [16,20],  31 ms
33) [19,17],  2285 ms
34) [19,19],  32 ms
35) [16,19],  7389 ms
36) [15,18],  1719 ms
37) [15,21],  4693 ms
38) [14,11],  1526 ms
39) [15,11],  5673 ms
40) [20,21],  5005 ms
41) [21,21],  4860 ms
42) [21,20],  2679 ms
43) [21,19],  3603 ms
44) [19,16],  2683 ms
45) [19,22],  1819 ms
46) [17,16],  5014 ms
47) [20,16],  1308 ms
48) [12,15],  3303 ms
49) [12,17],  1245 ms
50) [10,14],  4958 ms
51) [14,13],  3015 ms
52) [11,15],  5016 ms
53) [11,18],  1434 ms
54) [10,19],  33 ms
55) [10,16],  1898 ms
56) [9,14],  38 ms
57) [11,14],  2096 ms
58) [12,16],  32 ms
59) [13,17],  31 ms
60) [9,15],  33 ms
61) [10,15],  31 ms
62) [9,13],  34 ms
63) [8,12],  34 ms
64) [9,12],  31 ms
65) [9,16],  32 ms
66) [9,11],  34 ms

pela 5.0 wins

pela 5.0:  1838 ms/turn
pela 60.0:  5075 ms/turn
