 0) [13,17],  32 ms
 1) [12,18],  35 ms
 2) [14,18],  31 ms
 3) [12,16],  31 ms
 4) [13,19],  30 ms
 5) [15,17],  30 ms
 6) [12,15],  2234 ms
 7) [13,20],  8117 ms
 8) [13,16],  5024 ms
 9) [13,15],  11216 ms
10) [10,18],  5011 ms
11) [11,14],  7647 ms
12) [11,13],  4815 ms
13) [10,19],  21853 ms
14) [16,18],  2384 ms
15) [16,19],  15705 ms
16) [15,20],  1746 ms
17) [17,21],  5381 ms
18) [16,21],  4137 ms
19) [14,21],  15729 ms
20) [12,21],  3271 ms
21) [13,18],  13455 ms
22) [12,19],  4999 ms
23) [17,22],  4808 ms
24) [17,23],  2955 ms
25) [15,16],  10848 ms
26) [15,18],  3433 ms
27) [17,18],  6713 ms
28) [16,17],  3617 ms
29) [16,22],  5128 ms
30) [15,23],  2667 ms
31) [14,23],  4959 ms
32) [14,22],  3004 ms
33) [15,21],  6920 ms
34) [17,19],  3764 ms
35) [12,20],  3301 ms
36) [14,13],  4407 ms
37) [13,14],  4567 ms
38) [14,14],  2378 ms
39) [14,15],  3334 ms
40) [11,12],  1349 ms
41) [12,12],  1398 ms
42) [11,21],  5001 ms
43) [9,19],  4109 ms
44) [9,18],  1720 ms
45) [17,24],  3531 ms
46) [15,22],  2446 ms
47) [19,23],  1238 ms
48) [19,22],  4789 ms
49) [16,24],  1268 ms
50) [18,24],  4417 ms
51) [16,25],  772 ms
52) [17,26],  5007 ms
53) [15,25],  1017 ms
54) [16,23],  4725 ms
55) [14,25],  42 ms
56) [13,25],  1975 ms
57) [15,26],  34 ms
58) [14,27],  5005 ms
59) [18,25],  32 ms
60) [17,25],  29 ms
61) [16,27],  31 ms
62) [13,24],  2027 ms
63) [17,28],  32 ms
64) [18,29],  29 ms
65) [15,28],  31 ms
66) [15,27],  29 ms
67) pbrain-pela:  I win !
67) [16,28],  30 ms
68) [16,26],  29 ms
69) [14,28],  29 ms
70) [18,28],  29 ms
71) [13,28],  30 ms

pela 60.0 wins

pela 5.0:  2737 ms/turn
pela 60.0:  4538 ms/turn
