 0) [16,17],  0 ms
 1) [15,17],  200 ms
 2) [16,16],  29 ms
 3) [16,15],  30 ms
 4) [15,14],  5002 ms
 5) [13,15],  15254 ms
 6) [14,16],  2328 ms
 7) [15,16],  10935 ms
 8) [17,14],  2649 ms
 9) [16,14],  7072 ms
10) [13,18],  5015 ms
11) [13,16],  8550 ms
12) [12,15],  3140 ms
13) [14,19],  17560 ms
14) [15,12],  2293 ms
15) [14,11],  8196 ms
16) [17,12],  3859 ms
17) [17,13],  16062 ms
18) [12,14],  1960 ms
19) [12,13],  13744 ms
20) [15,11],  2113 ms
21) [15,15],  8207 ms
22) [14,15],  5030 ms
23) [14,12],  9333 ms
24) [13,12],  2036 ms
25) [15,19],  3753 ms
26) [15,18],  31 ms
27) [15,13],  4306 ms
28) [13,11],  2795 ms
29) [14,18],  6676 ms
30) [14,14],  2103 ms
31) [14,13],  5086 ms
32) [13,13],  2073 ms
33) [13,10],  6430 ms
34) [14,20],  3681 ms
35) [19,12],  5509 ms
36) [19,11],  4492 ms
37) [20,13],  1848 ms
38) [16,13],  1827 ms
39) [18,11],  31 ms
40) [21,14],  4223 ms
41) [18,15],  4469 ms
42) [17,15],  2002 ms
43) [16,9],  3826 ms
44) [17,10],  30 ms
45) [20,12],  1618 ms
46) [21,12],  3356 ms
47) [21,13],  1372 ms
48) [19,13],  3345 ms
49) [16,20],  1506 ms
50) [17,21],  1597 ms
51) [17,19],  2630 ms
52) [11,14],  1497 ms
53) [13,14],  30 ms
54) [16,19],  5004 ms
55) [20,14],  34 ms
56) [20,15],  5014 ms
57) [18,18],  32 ms
58) [19,17],  31 ms
59) [18,16],  32 ms
60) [19,15],  30 ms
61) [18,17],  32 ms
62) [18,19],  30 ms
63) [18,14],  31 ms

pela 60.0 wins

pela 5.0:  2456 ms/turn
pela 60.0:  5137 ms/turn
