 0) [14,17],  0 ms
 1) [13,17],  278 ms
 2) [14,16],  31 ms
 3) [14,15],  32 ms
 4) [13,14],  1552 ms
 5) [11,15],  22392 ms
 6) [12,16],  2994 ms
 7) [13,16],  14184 ms
 8) [15,14],  3473 ms
 9) [14,14],  8793 ms
10) [11,18],  5014 ms
11) [11,16],  10736 ms
12) [10,15],  3993 ms
13) [12,19],  17663 ms
14) [13,12],  2572 ms
15) [12,11],  7420 ms
16) [15,12],  3585 ms
17) [15,13],  14058 ms
18) [10,14],  1786 ms
19) [10,13],  12074 ms
20) [13,11],  2313 ms
21) [13,15],  8138 ms
22) [12,15],  5003 ms
23) [12,12],  9174 ms
24) [11,12],  2571 ms
25) [13,19],  4816 ms
26) [13,18],  30 ms
27) [13,13],  4927 ms
28) [11,11],  3613 ms
29) [12,18],  6491 ms
30) [12,14],  2727 ms
31) [12,13],  5563 ms
32) [11,13],  2730 ms
33) [11,10],  1880 ms
34) [11,19],  5016 ms
35) [11,20],  4491 ms
36) [12,21],  2225 ms
37) [17,12],  3476 ms
38) [16,13],  2716 ms
39) [16,11],  1182 ms
40) [17,11],  4999 ms
41) [17,14],  2040 ms
42) [15,15],  4951 ms
43) [12,9],  2712 ms
44) [12,10],  30 ms
45) [18,13],  2167 ms
46) [19,14],  5008 ms
47) [14,20],  2187 ms
48) [15,21],  5000 ms
49) [10,16],  1068 ms
50) [11,17],  31 ms
51) [15,19],  560 ms
52) [14,19],  1787 ms
53) [15,20],  790 ms
54) [16,20],  5014 ms
55) [14,22],  533 ms
56) [12,20],  5015 ms
57) [9,14],  543 ms
58) [8,16],  3413 ms
59) [10,18],  1019 ms
60) [8,17],  3946 ms
61) [7,17],  761 ms
62) [14,8],  3834 ms
63) [13,9],  1125 ms
64) [14,9],  4351 ms
65) [14,10],  338 ms
66) [13,8],  4192 ms
67) [15,8],  702 ms
68) [16,18],  3380 ms
69) [15,18],  359 ms
70) [19,12],  2071 ms
71) [8,18],  764 ms
72) [7,19],  5016 ms
73) [14,21],  640 ms
74) [13,22],  4751 ms
75) [9,12],  387 ms
76) [8,13],  2226 ms
77) [8,15],  515 ms
78) [7,16],  1890 ms
79) [9,16],  337 ms
80) [9,15],  2400 ms
81) [16,19],  378 ms
82) [13,24],  1538 ms
83) [19,13],  338 ms
84) [20,13],  1344 ms
85) [18,15],  156 ms
86) [18,17],  4325 ms
87) [18,11],  262 ms
88) [18,14],  5015 ms
89) [16,10],  88 ms
90) [12,8],  3428 ms
91) [10,8],  202 ms
92) [16,9],  5001 ms
93) [6,13],  36 ms
94) [7,14],  4995 ms
95) [8,11],  36 ms
96) [7,10],  5012 ms
97) [9,10],  34 ms
98) [7,12],  2225 ms
99) [9,11],  31 ms
100) [9,13],  30 ms
101) [9,9],  31 ms
102) [9,8],  31 ms
103) [10,9],  31 ms
104) [11,9],  30 ms
105) [12,7],  31 ms
106) [11,8],  31 ms
107) [14,24],  31 ms
108) [14,23],  31 ms
109) [15,17],  32 ms
110) [15,16],  32 ms
111) [7,15],  58 ms
112) [7,11],  34 ms
113) [7,13],  30 ms
114) [6,15],  38 ms
115) [9,18],  68 ms
116) [5,14],  38 ms
117) [4,13],  34 ms
118) [5,16],  46 ms
119) [4,17],  30 ms
120) [6,14],  39 ms
121) [6,18],  62 ms
122) [7,18],  29 ms
123) [4,14],  97 ms
124) [7,9],  35 ms
125) [7,8],  31 ms
126) [6,10],  38 ms
127) [8,12],  29 ms
128) [6,11],  43 ms
129) [8,9],  32 ms
130) [5,10],  31 ms
131) [4,9],  31 ms
132) [4,10],  31 ms
133) [8,10],  32 ms
134) [3,10],  30 ms

pela 5.0 wins

pela 5.0:  2363 ms/turn
pela 60.0:  2680 ms/turn
