 0) [17,15],  36 ms
 1) [17,16],  37 ms
 2) [16,16],  38 ms
 3) [16,15],  36 ms
 4) [18,14],  37 ms
 5) [19,13],  37 ms
 6) [20,14],  4993 ms
 7) [21,14],  25735 ms
 8) [18,17],  1888 ms
 9) [18,18],  22022 ms
10) [17,17],  2325 ms
11) [19,17],  18879 ms
12) [20,16],  1833 ms
13) [19,15],  11185 ms
14) [19,12],  2414 ms
15) [18,13],  8474 ms
16) [19,14],  5001 ms
17) [15,17],  13376 ms
18) [14,14],  5016 ms
19) [13,13],  11486 ms
20) [15,13],  1737 ms
21) [16,14],  3573 ms
22) [16,13],  2891 ms
23) [16,12],  9299 ms
24) [22,13],  1768 ms
25) [13,15],  2258 ms
26) [13,14],  3273 ms
27) [20,13],  3112 ms
28) [14,16],  4632 ms
29) [14,15],  3863 ms
30) [12,15],  1521 ms
31) [11,14],  2515 ms
32) [22,14],  1689 ms
33) [22,16],  5320 ms
34) [15,16],  1787 ms
35) [19,19],  3161 ms
36) [19,18],  3121 ms
37) [20,18],  5092 ms
38) [21,17],  3972 ms
39) [21,19],  2415 ms
40) [22,20],  1676 ms
41) [20,19],  4032 ms
42) [18,19],  5015 ms
43) [21,13],  3439 ms
44) [17,13],  31 ms
45) [11,16],  1360 ms
46) [12,16],  2367 ms
47) [13,16],  31 ms
48) [11,18],  3676 ms
49) [12,18],  2754 ms
50) [22,19],  4513 ms
51) [23,20],  1983 ms
52) [11,15],  5020 ms
53) [18,21],  2078 ms
54) [20,20],  5016 ms
55) [20,17],  717 ms
56) [17,12],  3353 ms
57) [22,12],  728 ms
58) [17,14],  508 ms
59) [17,11],  34 ms
60) [15,12],  626 ms
61) [18,15],  1566 ms
62) [15,14],  754 ms
63) [15,15],  32 ms
64) [15,10],  102 ms
65) [15,11],  31 ms
66) [14,11],  95 ms
67) [13,10],  33 ms
68) [18,11],  48 ms
69) [19,10],  31 ms
70) [16,9],  40 ms
71) [13,12],  778 ms
72) [17,10],  36 ms
73) [15,8],  32 ms
74) [16,11],  35 ms
75) [14,13],  31 ms
76) [14,9],  36 ms
77) [13,8],  31 ms
78) [14,10],  38 ms
79) [14,8],  32 ms
80) [18,9],  34 ms
81) [19,8],  31 ms
82) [18,10],  32 ms
83) [16,10],  32 ms
84) [18,7],  31 ms
85) [17,8],  31 ms
86) [18,8],  32 ms

pela 5.0 wins

pela 5.0:  1888 ms/turn
pela 60.0:  3993 ms/turn
