 0) [17,14],  0 ms
 1) [16,14],  225 ms
 2) [16,15],  31 ms
 3) [17,15],  31 ms
 4) [15,16],  31 ms
 5) [14,17],  31 ms
 6) [15,18],  4119 ms
 7) [15,19],  25687 ms
 8) [18,16],  2784 ms
 9) [19,16],  21789 ms
10) [18,17],  2194 ms
11) [18,15],  8559 ms
12) [16,17],  2234 ms
13) [17,18],  17662 ms
14) [14,15],  5016 ms
15) [17,16],  4941 ms
16) [13,16],  3723 ms
17) [15,15],  5530 ms
18) [17,19],  1667 ms
19) [13,14],  13653 ms
20) [19,17],  5010 ms
21) [17,17],  6665 ms
22) [16,18],  210 ms
23) [18,20],  34 ms
24) pbrain-pela:  I win !
24) [16,19],  59 ms
25) [16,16],  38 ms
26) [16,20],  31 ms
27) [16,21],  33 ms
28) [18,18],  33 ms
29) [20,16],  31 ms
30) [15,21],  32 ms

pela 5.0 wins

pela 5.0:  1698 ms/turn
pela 60.0:  6993 ms/turn
