 0) [16,15],  33 ms
 1) [15,15],  188 ms
 2) [17,16],  31 ms
 3) [15,14],  30 ms
 4) [15,16],  2471 ms
 5) [17,14],  33 ms
 6) [14,14],  4951 ms
 7) [16,17],  25678 ms
 8) [13,16],  4379 ms
 9) [14,16],  12369 ms
10) [17,13],  2199 ms
11) [13,17],  11433 ms
12) [12,18],  3321 ms
13) [16,13],  18484 ms
14) [15,12],  1915 ms
15) [14,17],  8573 ms
16) [15,17],  3428 ms
17) [11,17],  6368 ms
18) [15,11],  5021 ms
19) [14,10],  3965 ms
20) [16,11],  1944 ms
21) [17,11],  4545 ms
22) [15,10],  5046 ms
23) [15,9],  12626 ms
24) [17,12],  5016 ms
25) [12,17],  6813 ms
26) [10,17],  32 ms
27) [18,13],  9843 ms
28) [13,12],  1034 ms
29) [16,10],  5525 ms
30) [18,12],  33 ms
31) [13,7],  2326 ms
32) [14,8],  32 ms
33) [16,12],  2260 ms
34) [13,8],  32 ms
35) [14,9],  31 ms
36) [14,13],  31 ms
37) [13,14],  2225 ms
38) [20,10],  37 ms
39) [19,11],  33 ms
40) [16,9],  34 ms
41) [14,11],  32 ms
42) [15,8],  34 ms
43) [16,8],  32 ms
44) [17,10],  31 ms
45) [18,9],  32 ms
46) [14,7],  31 ms
47) [18,11],  31 ms
48) [13,6],  32 ms

pela 5.0 wins

pela 5.0:  1645 ms/turn
pela 60.0:  5561 ms/turn
