 0) [13,15],  37 ms
 1) [12,15],  231 ms
 2) [12,14],  31 ms
 3) [13,14],  32 ms
 4) [11,13],  32 ms
 5) [10,12],  31 ms
 6) [14,16],  2636 ms
 7) [15,17],  32 ms
 8) [16,11],  1722 ms
 9) [11,12],  25679 ms
10) [10,13],  2100 ms
11) [12,13],  293 ms
12) [14,15],  5014 ms
13) [13,12],  388 ms
14) [12,12],  1563 ms
15) [14,11],  99 ms
16) [15,10],  2241 ms
17) [14,13],  48 ms
18) [11,16],  5021 ms
19) [11,10],  51 ms
20) [12,11],  2122 ms
21) [9,10],  37 ms
22) [10,11],  55 ms
23) [12,10],  84 ms
24) [10,10],  2324 ms
25) [11,11],  31 ms
26) [13,9],  5019 ms
27) [14,12],  36 ms
28) [14,10],  42 ms
29) pbrain-pela:  I win !
29) [11,9],  79 ms
30) [11,8],  62 ms
31) [13,11],  32 ms
32) [15,13],  61 ms
33) [10,8],  49 ms

pela 60.0 wins

pela 5.0:  1769 ms/turn
pela 60.0:  1601 ms/turn
