 0) [14,13],  192 ms
 1) [13,13],  242 ms
 2) [15,14],  31 ms
 3) [13,12],  32 ms
 4) [13,11],  2712 ms
 5) [15,13],  25682 ms
 6) [14,15],  2488 ms
 7) [13,16],  9478 ms
 8) [12,15],  4700 ms
 9) [11,16],  6594 ms
10) [13,15],  5021 ms
11) [15,15],  11729 ms
12) [12,16],  4756 ms
13) [14,14],  18023 ms
14) [16,16],  2002 ms
15) [11,15],  7445 ms
16) [12,14],  2544 ms
17) [12,13],  14403 ms
18) [11,14],  5027 ms
19) [12,18],  8483 ms
20) [16,17],  4112 ms
21) [14,16],  11140 ms
22) [13,17],  5026 ms
23) [12,12],  9521 ms
24) [11,11],  31 ms
25) [16,18],  5446 ms
26) [15,16],  330 ms
27) [17,18],  5060 ms
28) [15,17],  220 ms
29) [14,17],  5288 ms
30) [10,14],  172 ms
31) [9,14],  4870 ms
32) [14,18],  307 ms
33) [13,19],  4794 ms
34) [15,19],  52 ms
35) [16,20],  31 ms
36) [15,18],  52 ms
37) [15,20],  31 ms
38) [17,16],  36 ms
39) [18,15],  3072 ms
40) pbrain-pela:  I win !
40) [17,15],  29 ms
41) [18,14],  31 ms
42) [18,17],  30 ms
43) [16,15],  29 ms
44) [18,16],  30 ms
45) [19,16],  30 ms
46) [19,17],  31 ms
47) [17,17],  32 ms
48) [20,18],  31 ms
49) [21,19],  31 ms
50) [16,14],  31 ms

pela 5.0 wins

pela 5.0:  1538 ms/turn
pela 60.0:  6060 ms/turn
