 0) [15,15],  34 ms
 1) [14,15],  213 ms
 2) [13,16],  33 ms
 3) [14,16],  32 ms
 4) [14,14],  32 ms
 5) [13,14],  32 ms
 6) [15,16],  33 ms
 7) [15,13],  25695 ms
 8) [15,18],  3028 ms
 9) [15,17],  10013 ms
10) [16,18],  4513 ms
11) [14,18],  10255 ms
12) [16,16],  1390 ms
13) [17,17],  11346 ms
14) [16,17],  370 ms
15) [16,19],  17531 ms
16) [16,15],  1531 ms
17) [16,14],  31 ms
18) [17,16],  525 ms
19) [18,15],  4739 ms
20) [19,18],  61 ms
21) [18,17],  8968 ms
22) [18,16],  33 ms
23) [19,16],  32 ms
24) [17,18],  33 ms
25) [18,18],  32 ms
26) [14,19],  32 ms
27) [13,20],  46 ms
28) [18,19],  49 ms
29) [19,20],  30 ms
30) [13,18],  31 ms
31) [17,14],  13016 ms
32) [20,17],  4428 ms
33) [15,12],  7353 ms
34) [16,13],  46 ms
35) [17,20],  9844 ms
36) [15,11],  3384 ms
37) [12,19],  3951 ms
38) [14,12],  1740 ms
39) [13,13],  2359 ms
40) [20,20],  1830 ms
41) [21,16],  7785 ms
42) [19,14],  5016 ms
43) [10,17],  6688 ms
44) [11,18],  5016 ms
45) [16,20],  2197 ms
46) [15,20],  1503 ms
47) [12,17],  3125 ms
48) [12,16],  2902 ms
49) [17,21],  44 ms
50) [15,19],  3629 ms
51) [17,22],  38 ms
52) [17,23],  51 ms
53) [16,23],  34 ms
54) [18,21],  33 ms
55) pbrain-pela:  I win !
55) [16,21],  85 ms
56) [16,22],  62 ms
57) [14,21],  74 ms
58) [15,22],  48 ms
59) [15,21],  32 ms
60) [13,21],  32 ms
61) [17,19],  30 ms
62) [19,17],  30 ms
63) [14,22],  30 ms

pela 60.0 wins

pela 5.0:  1296 ms/turn
pela 60.0:  4552 ms/turn
