 0) [15,15],  42 ms
 1) [14,15],  875 ms
 2) [13,16],  45 ms
 3) [14,16],  37 ms
 4) [14,14],  36 ms
 5) [13,14],  37 ms
 6) [15,16],  37 ms
 7) [15,13],  25589 ms
 8) [15,18],  3165 ms
 9) [15,17],  10128 ms
10) [16,18],  4466 ms
11) [14,18],  10562 ms
12) [16,16],  1298 ms
13) [17,17],  11645 ms
14) [16,17],  349 ms
15) [16,19],  17303 ms
16) [16,15],  1476 ms
17) [16,14],  32 ms
18) [17,16],  603 ms
19) [18,15],  4959 ms
20) [19,18],  62 ms
21) [18,17],  9033 ms
22) [18,16],  38 ms
23) [19,16],  36 ms
24) [17,18],  36 ms
25) [18,18],  37 ms
26) [14,19],  37 ms
27) [13,20],  37 ms
28) [18,19],  38 ms
29) [19,20],  37 ms
30) [13,18],  37 ms
31) [17,14],  12828 ms
32) [20,17],  4146 ms
33) [15,12],  6854 ms
34) [16,13],  32 ms
35) [17,20],  9629 ms
36) [15,11],  3410 ms
37) [12,19],  4097 ms
38) [14,12],  1761 ms
39) [13,13],  2344 ms
40) [20,20],  1897 ms
41) [21,16],  7693 ms
42) [19,14],  5016 ms
43) [10,17],  6626 ms
44) [11,18],  5016 ms
45) [16,20],  1864 ms
46) [15,20],  5011 ms
47) [12,17],  2689 ms
48) [12,16],  2347 ms
49) [17,21],  44 ms
50) [15,19],  2959 ms
51) [17,22],  38 ms
52) [17,23],  52 ms
53) [16,23],  36 ms
54) [18,21],  34 ms
55) pbrain-pela:  I win !
55) [16,21],  32 ms
56) [16,22],  33 ms
57) [14,21],  34 ms
58) [15,22],  32 ms
59) [15,21],  33 ms
60) [13,21],  33 ms
61) [17,19],  33 ms
62) [19,17],  33 ms
63) [14,22],  32 ms

pela 60.0 wins

pela 5.0:  1361 ms/turn
pela 60.0:  4539 ms/turn
