 0) [16,17],  34 ms
 1) [15,17],  170 ms
 2) [16,16],  33 ms
 3) [16,15],  32 ms
 4) [15,14],  11754 ms
 5) [13,15],  4541 ms
 6) [14,16],  24043 ms
 7) [15,16],  3016 ms
 8) [17,14],  20303 ms
 9) [16,14],  2057 ms
10) [13,18],  6237 ms
11) [13,16],  2140 ms
12) [12,15],  15431 ms
13) [14,19],  3464 ms
14) [15,12],  14609 ms
15) [14,11],  2005 ms
16) [17,12],  12501 ms
17) [17,13],  2700 ms
18) [12,14],  10744 ms
19) [12,13],  2787 ms
20) [15,10],  7971 ms
21) [15,11],  5007 ms
22) [16,12],  2323 ms
23) [18,12],  1763 ms
24) [15,15],  7711 ms
25) [16,11],  5016 ms
26) [17,11],  2340 ms
27) [14,12],  3296 ms
28) [13,11],  4321 ms
29) [18,10],  4881 ms
30) [19,11],  4833 ms
31) [15,19],  2903 ms
32) [15,20],  4975 ms
33) [18,11],  4655 ms
34) [18,13],  3487 ms
35) [17,10],  2030 ms
36) [18,9],  1983 ms
37) [14,20],  1906 ms
38) [14,21],  1122 ms
39) [14,14],  5011 ms
40) [14,13],  2355 ms
41) [10,15],  1656 ms
42) [13,12],  2990 ms
43) [13,13],  1688 ms
44) [13,17],  1282 ms
45) [16,19],  1517 ms
46) [17,19],  1537 ms
47) [10,17],  4453 ms
48) [11,17],  1949 ms
49) [12,18],  1776 ms
50) [13,19],  1495 ms
51) [13,20],  5007 ms
52) [12,21],  1673 ms
53) [11,21],  3698 ms
54) [9,16],  758 ms
55) [10,10],  2874 ms
56) [19,12],  1325 ms
57) [20,11],  5017 ms
58) [12,23],  1140 ms
59) [13,22],  5016 ms
60) [10,18],  896 ms
61) [12,22],  4391 ms
62) [13,21],  839 ms
63) [11,19],  3285 ms
64) [11,22],  719 ms
65) [11,16],  1736 ms
66) [17,9],  383 ms
67) [19,10],  2077 ms
68) [20,10],  254 ms
69) [10,13],  4704 ms
70) [15,21],  534 ms
71) [16,21],  41 ms
72) [11,11],  148 ms
73) [9,14],  59 ms
74) [8,13],  265 ms
75) [11,12],  332 ms
76) [12,11],  392 ms
77) [11,10],  35 ms
78) [10,11],  338 ms
79) [9,11],  34 ms
80) [9,13],  272 ms
81) [8,12],  41 ms
82) [11,9],  242 ms
83) [8,15],  36 ms
84) [7,16],  34 ms
85) [10,14],  39 ms
86) [10,16],  34 ms
87) [8,10],  37 ms
88) [9,10],  34 ms
89) [10,12],  37 ms
90) [7,9],  34 ms
91) [9,12],  34 ms
92) [12,12],  34 ms
93) [7,12],  34 ms

pela 5.0 wins

pela 60.0:  3802 ms/turn
pela 5.0:  2319 ms/turn
