 0) [16,16],  33 ms
 1) [15,15],  32 ms
 2) [17,15],  32 ms
 3) [15,17],  32 ms
 4) [16,14],  33 ms
 5) [18,16],  32 ms
 6) [15,16],  25715 ms
 7) [17,14],  1875 ms
 8) [19,15],  22055 ms
 9) [16,15],  3834 ms
10) [19,16],  12241 ms
11) [19,13],  4882 ms
12) [14,15],  9035 ms
13) [17,18],  5026 ms
14) [14,12],  14375 ms
15) [13,14],  2215 ms
16) [14,13],  2468 ms
17) [14,16],  2627 ms
18) [13,11],  35 ms
19) [15,13],  32 ms
20) [14,11],  34 ms
21) [14,14],  31 ms
22) [14,10],  32 ms
23) [14,9],  31 ms
24) [15,11],  37 ms
25) [12,11],  3571 ms
26) [17,11],  33 ms
27) [16,11],  31 ms
28) [15,9],  32 ms
29) [12,12],  30 ms
30) [16,10],  32 ms
31) [17,9],  32 ms
32) [14,8],  31 ms
33) [18,12],  31 ms
34) [13,7],  32 ms

pela 60.0 wins

pela 60.0:  4793 ms/turn
pela 5.0:  1432 ms/turn
