 0) [13,13],  32 ms
 1) [12,13],  289 ms
 2) [14,12],  32 ms
 3) [12,14],  32 ms
 4) [12,15],  20034 ms
 5) [14,13],  5033 ms
 6) [13,11],  13344 ms
 7) [12,10],  2405 ms
 8) [12,11],  12148 ms
 9) [12,12],  5013 ms
10) [13,10],  9806 ms
11) [13,9],  3051 ms
12) [10,13],  6574 ms
13) [11,12],  3391 ms
14) [11,14],  1468 ms
15) [13,16],  4163 ms
16) [9,12],  110 ms
17) [8,11],  49 ms
18) [10,11],  82 ms
19) [11,11],  3051 ms
20) [10,12],  42 ms
21) [10,10],  1942 ms
22) [10,15],  41 ms
23) [10,14],  33 ms
24) [9,15],  40 ms
25) [11,15],  5047 ms
26) [9,13],  37 ms
27) [9,14],  33 ms
28) [8,13],  32 ms
29) [7,13],  32 ms
30) [7,14],  33 ms
31) [11,10],  31 ms
32) [6,15],  32 ms

pela 60.0 wins

pela 60.0:  3758 ms/turn
pela 5.0:  2099 ms/turn
