 0) [17,14],  33 ms
 1) [16,14],  1460 ms
 2) [18,13],  32 ms
 3) [16,15],  32 ms
 4) [16,13],  20043 ms
 5) [18,15],  34 ms
 6) [15,15],  22864 ms
 7) [17,12],  5031 ms
 8) [14,13],  19583 ms
 9) [15,13],  2080 ms
10) [17,15],  7427 ms
11) [17,17],  3123 ms
12) [16,17],  15716 ms
13) [14,12],  2031 ms
14) [13,11],  10136 ms
15) [16,10],  1903 ms
16) [16,12],  12045 ms
17) [12,11],  2813 ms
18) [17,9],  10303 ms
19) [16,9],  5015 ms
20) [15,17],  5141 ms
21) [15,18],  3138 ms
22) [14,16],  4089 ms
23) [14,18],  2416 ms
24) [17,18],  3628 ms
25) [14,15],  2009 ms
26) [12,16],  6989 ms
27) [11,16],  2850 ms
28) [17,13],  3358 ms
29) [18,14],  5009 ms
30) [18,18],  4610 ms
31) [17,19],  4159 ms
32) [13,18],  4858 ms
33) [16,18],  4423 ms
34) [15,19],  2175 ms
35) [13,17],  3320 ms
36) [15,20],  3853 ms
37) [14,21],  5027 ms
38) [14,20],  3306 ms
39) [16,21],  3811 ms
40) [15,9],  2846 ms
41) [16,19],  2231 ms
42) [16,22],  879 ms
43) [15,21],  1835 ms
44) [17,21],  2305 ms
45) [18,20],  4556 ms
46) [19,21],  1987 ms
47) [20,21],  1857 ms
48) [17,22],  540 ms
49) [16,20],  5009 ms
50) [13,21],  986 ms
51) [14,22],  2179 ms
52) [13,23],  32 ms
53) [12,22],  3742 ms
54) [18,21],  1468 ms
55) [19,20],  1503 ms
56) [21,20],  639 ms
57) [18,22],  1519 ms
58) [18,19],  835 ms
59) [12,14],  2881 ms
60) [13,13],  571 ms
61) [12,12],  2047 ms
62) [12,13],  637 ms
63) [14,10],  5015 ms
64) [13,12],  395 ms
65) [13,10],  1964 ms
66) [15,10],  302 ms
67) [11,8],  2830 ms
68) [16,7],  310 ms
69) [15,7],  5023 ms
70) [14,9],  226 ms
71) [12,9],  1837 ms
72) [14,11],  698 ms
73) [11,14],  38 ms
74) [13,14],  287 ms
75) [13,15],  37 ms
76) [20,13],  560 ms
77) [19,13],  38 ms
78) [13,8],  478 ms
79) [16,11],  5015 ms
80) [10,13],  323 ms
81) [11,13],  33 ms
82) [11,12],  86 ms
83) [12,8],  270 ms
84) [12,10],  36 ms
85) [10,7],  50 ms
86) [9,6],  37 ms
87) [11,7],  59 ms
88) [13,9],  341 ms
89) [12,7],  39 ms
90) [13,7],  289 ms
91) [12,6],  40 ms
92) [12,5],  34 ms
93) [13,5],  36 ms
94) [10,8],  249 ms
95) [14,6],  37 ms
96) [12,4],  33 ms
97) [13,6],  35 ms
98) [11,6],  32 ms
99) [10,9],  33 ms
100) [14,5],  32 ms
101) [9,10],  33 ms

pela 5.0 wins

pela 60.0:  3503 ms/turn
pela 5.0:  2186 ms/turn
