 0) [16,17],  0 ms
 1) [15,17],  205 ms
 2) [16,16],  32 ms
 3) [16,15],  31 ms
 4) [15,14],  11454 ms
 5) [13,15],  3569 ms
 6) [14,16],  24058 ms
 7) [15,16],  2593 ms
 8) [17,14],  18034 ms
 9) [16,14],  1800 ms
10) [13,18],  18053 ms
11) [13,16],  2206 ms
12) [12,15],  15363 ms
13) [14,19],  3404 ms
14) [15,12],  13294 ms
15) [14,11],  2471 ms
16) [17,12],  11381 ms
17) [17,13],  2862 ms
18) [12,14],  9747 ms
19) [12,13],  2822 ms
20) [15,10],  7987 ms
21) [15,11],  5005 ms
22) [16,12],  2921 ms
23) [18,12],  2200 ms
24) [15,15],  6804 ms
25) [16,11],  5012 ms
26) [17,11],  2990 ms
27) [14,12],  4070 ms
28) [13,11],  5410 ms
29) [18,10],  5016 ms
30) [19,11],  2088 ms
31) [15,19],  3557 ms
32) [15,20],  4371 ms
33) [18,11],  5015 ms
34) [18,13],  3705 ms
35) [17,10],  2610 ms
36) [18,9],  2698 ms
37) [14,20],  2383 ms
38) [14,21],  1465 ms
39) [14,14],  5001 ms
40) [14,13],  2609 ms
41) [10,15],  1906 ms
42) [13,12],  729 ms
43) [13,13],  2148 ms
44) [13,17],  820 ms
45) [16,19],  2024 ms
46) [17,19],  1925 ms
47) [10,17],  5027 ms
48) [11,17],  1734 ms
49) [12,18],  2280 ms
50) [13,19],  1470 ms
51) [13,20],  1529 ms
52) [12,21],  441 ms
53) [11,21],  4886 ms
54) [9,16],  1008 ms
55) [10,10],  3622 ms
56) [19,12],  1061 ms
57) [20,11],  5002 ms
58) [12,23],  319 ms
59) [13,22],  5011 ms
60) [10,18],  868 ms
61) [12,22],  5015 ms
62) [13,21],  230 ms
63) [11,19],  3798 ms
64) [11,22],  710 ms
65) [11,16],  1968 ms
66) [17,9],  440 ms
67) [19,10],  2399 ms
68) [20,10],  245 ms
69) [10,13],  4766 ms
70) [15,21],  504 ms
71) [16,21],  30 ms
72) [11,11],  211 ms
73) [9,14],  57 ms
74) [8,13],  221 ms
75) [11,12],  308 ms
76) [12,11],  126 ms
77) [11,10],  31 ms
78) [10,11],  344 ms
79) [9,11],  31 ms
80) [9,13],  286 ms
81) [8,12],  35 ms
82) [11,9],  257 ms
83) [8,15],  34 ms
84) [7,16],  31 ms
85) [10,14],  38 ms
86) [10,16],  38 ms
87) [8,10],  36 ms
88) [9,10],  31 ms
89) [10,12],  33 ms
90) [7,9],  30 ms
91) [9,12],  35 ms
92) [12,12],  35 ms
93) [7,12],  33 ms

pela 5.0 wins

pela 60.0:  3799 ms/turn
pela 5.0:  2423 ms/turn
