 0) [17,14],  36 ms
 1) [16,14],  194 ms
 2) [18,13],  33 ms
 3) [16,15],  32 ms
 4) [16,13],  17184 ms
 5) [18,15],  34 ms
 6) [15,15],  7234 ms
 7) [17,12],  1458 ms
 8) [14,13],  21713 ms
 9) [15,13],  2130 ms
10) [17,15],  7820 ms
11) [17,17],  3189 ms
12) [16,17],  16144 ms
13) [14,12],  2535 ms
14) [13,11],  12629 ms
15) [16,10],  2167 ms
16) [16,12],  13892 ms
17) [12,11],  2223 ms
18) [17,9],  9708 ms
19) [16,9],  5007 ms
20) [15,17],  4845 ms
21) [15,18],  3070 ms
22) [14,16],  3882 ms
23) [14,18],  2165 ms
24) [17,18],  3399 ms
25) [14,15],  1912 ms
26) [12,16],  8791 ms
27) [11,16],  2760 ms
28) [17,13],  3229 ms
29) [18,14],  5012 ms
30) [18,18],  4389 ms
31) [17,19],  4003 ms
32) [13,18],  6034 ms
33) [16,18],  4216 ms
34) [15,19],  2119 ms
35) [13,17],  3099 ms
36) [15,20],  5266 ms
37) [14,21],  5015 ms
38) [14,20],  4293 ms
39) [16,21],  3636 ms
40) [15,9],  3916 ms
41) [16,19],  2169 ms
42) [16,22],  3346 ms
43) [15,21],  1748 ms
44) [17,21],  2862 ms
45) [18,20],  4350 ms
46) [19,21],  1953 ms
47) [20,21],  1799 ms
48) [18,22],  1095 ms
49) [17,20],  2202 ms
50) [18,21],  2024 ms
51) [19,23],  1867 ms
52) [19,18],  944 ms
53) [21,18],  1762 ms
54) [13,20],  619 ms
55) [12,20],  5011 ms
56) [13,21],  659 ms
57) [13,22],  1900 ms
58) [16,8],  762 ms
59) [14,10],  5008 ms
60) [13,10],  1240 ms
61) [15,7],  4130 ms
62) [19,20],  1130 ms
63) [19,22],  1318 ms
64) [14,23],  535 ms
65) [17,23],  2364 ms
66) [20,23],  893 ms
67) [11,21],  4004 ms
68) [13,19],  778 ms
69) [11,24],  5013 ms
70) [10,25],  672 ms
71) [11,22],  5015 ms
72) [15,16],  548 ms
73) [18,19],  31 ms
74) [15,12],  273 ms
75) [14,11],  31 ms
76) [13,16],  446 ms
77) [16,16],  32 ms
78) [20,13],  390 ms
79) [19,13],  32 ms
80) [11,23],  277 ms
81) [12,22],  32 ms
82) [14,22],  257 ms
83) [17,22],  1942 ms
84) [10,22],  257 ms
85) [18,23],  635 ms
86) [17,24],  209 ms
87) [10,23],  5015 ms
88) [12,21],  188 ms
89) [19,19],  4539 ms
90) [20,19],  31 ms
91) [14,8],  2285 ms
92) [14,9],  32 ms
93) [13,9],  3428 ms
94) [12,10],  154 ms
95) [17,10],  5016 ms
96) [15,10],  104 ms
97) [15,8],  5005 ms
98) [14,7],  84 ms
99) [19,12],  3187 ms
100) [18,11],  32 ms
101) [19,15],  310 ms
102) [19,14],  91 ms
103) pbrain-pela:  I win !
103) [22,19],  31 ms
104) [21,20],  32 ms
105) [20,14],  32 ms
106) [18,16],  31 ms
107) [18,12],  32 ms
108) [17,11],  32 ms
109) [22,16],  32 ms
110) [21,15],  32 ms
111) [20,17],  31 ms
112) [19,16],  32 ms
113) [21,17],  33 ms
114) [20,18],  33 ms
115) [22,18],  36 ms
116) [20,16],  31 ms
117) [22,17],  32 ms
118) [22,20],  36 ms
119) [22,15],  31 ms

pela 5.0 wins

pela 60.0:  2995 ms/turn
pela 5.0:  2255 ms/turn
