 0) [14,14],  33 ms
 1) [14,13],  33 ms
 2) [13,12],  32 ms
 3) [13,13],  33 ms
 4) [15,13],  34 ms
 5) [15,12],  33 ms
 6) [13,14],  15401 ms
 7) [16,14],  5007 ms
 8) [11,14],  17024 ms
 9) [12,14],  1616 ms
10) [12,13],  7272 ms
11) [10,15],  5012 ms
12) [13,15],  5941 ms
13) [12,16],  2281 ms
14) [10,16],  19189 ms
15) [15,11],  5015 ms
16) [14,12],  5347 ms
17) [11,12],  5030 ms
18) [16,11],  15688 ms
19) [14,11],  2298 ms
20) [15,10],  6208 ms
21) [12,17],  4755 ms
22) [12,18],  4012 ms
23) [9,15],  5009 ms
24) [9,14],  11191 ms
25) [13,18],  3469 ms
26) [11,16],  7972 ms
27) [17,12],  2296 ms
28) [17,14],  9240 ms
29) [13,10],  4958 ms
30) [12,9],  4849 ms
31) [11,11],  2072 ms
32) [10,13],  5141 ms
33) [18,12],  5012 ms
34) [16,12],  6500 ms
35) [17,11],  34 ms
36) [16,10],  2282 ms
37) [16,9],  5013 ms
38) [17,10],  5250 ms
39) [18,10],  5007 ms
40) [19,11],  2014 ms
41) [12,12],  3075 ms
42) [11,13],  4197 ms
43) [8,13],  3605 ms
44) [10,10],  3578 ms
45) [11,17],  4882 ms
46) [13,17],  3093 ms
47) [10,11],  5011 ms
48) [9,12],  1045 ms
49) [8,11],  3931 ms
50) [9,11],  907 ms
51) [9,10],  5008 ms
52) [8,9],  832 ms
53) [13,16],  2479 ms
54) [8,15],  862 ms
55) [7,16],  2418 ms
56) [12,15],  1958 ms
57) [7,17],  3109 ms
58) [7,18],  1692 ms
59) [10,17],  5010 ms
60) [8,17],  1117 ms
61) [11,19],  5013 ms
62) [8,16],  967 ms
63) [8,18],  3946 ms
64) [9,19],  1307 ms
65) [12,11],  2360 ms
66) [13,11],  34 ms
67) [11,9],  2785 ms
68) [11,8],  1123 ms
69) [11,18],  3011 ms
70) [14,15],  806 ms
71) [15,15],  5012 ms
72) [11,20],  490 ms
73) [14,16],  205 ms
74) [17,13],  34 ms
75) [15,16],  307 ms
76) [16,16],  37 ms
77) [10,19],  54 ms
78) [9,20],  34 ms
79) [12,19],  115 ms
80) [13,20],  474 ms
81) [14,19],  85 ms
82) [13,19],  35 ms
83) [14,17],  50 ms
84) [16,15],  34 ms
85) [14,18],  49 ms
86) [14,20],  35 ms
87) [15,20],  46 ms
88) [16,21],  35 ms
89) [15,18],  43 ms
90) [15,17],  666 ms
91) pbrain-pela:  I win !
91) [16,19],  33 ms
92) [17,20],  34 ms
93) [17,18],  33 ms
94) [16,18],  33 ms
95) [14,21],  32 ms
96) [18,17],  33 ms
97) [13,22],  33 ms

pela 5.0 wins

pela 60.0:  3594 ms/turn
pela 5.0:  2565 ms/turn
