 0) [13,17],  37 ms
 1) [12,17],  195 ms
 2) [12,16],  48 ms
 3) [13,16],  33 ms
 4) [14,18],  43 ms
 5) [15,19],  33 ms
 6) [16,18],  25699 ms
 7) [11,15],  5016 ms
 8) [14,15],  11209 ms
 9) [14,19],  5012 ms
10) [15,20],  16819 ms
11) [15,18],  5013 ms
12) [16,19],  6865 ms
13) [16,17],  4273 ms
14) [13,20],  15185 ms
15) [17,16],  2110 ms
16) [18,15],  32 ms
17) [17,18],  3555 ms
18) [12,20],  52 ms
19) [14,20],  5030 ms
20) [13,19],  40 ms
21) [11,21],  542 ms
22) [13,21],  35 ms
23) [13,18],  41 ms
24) [14,22],  138 ms
25) [15,23],  5048 ms
26) [13,23],  34 ms
27) [13,22],  60 ms
28) [15,17],  93 ms
29) [16,16],  66 ms
30) [11,19],  85 ms
31) [10,18],  70 ms
32) [14,16],  97 ms
33) [17,19],  76 ms
34) [12,18],  59 ms
35) [15,15],  80 ms
36) [10,20],  50 ms

pela 60.0 wins

pela 60.0:  4032 ms/turn
pela 5.0:  2014 ms/turn
