 0) [16,13],  37 ms
 1) [15,13],  302 ms
 2) [15,12],  32 ms
 3) [16,12],  32 ms
 4) [14,14],  32 ms
 5) [14,13],  32 ms
 6) [13,14],  33 ms
 7) [15,14],  32 ms
 8) [11,12],  33 ms
 9) [12,13],  5007 ms
10) [11,13],  14865 ms
11) [11,11],  5011 ms
12) [13,12],  10430 ms
13) [13,11],  1649 ms
14) [12,10],  16713 ms
15) [12,12],  3657 ms
16) [11,14],  8830 ms
17) [12,14],  3994 ms
18) [12,15],  16386 ms
19) [13,16],  1995 ms
20) [10,13],  6535 ms
21) [9,14],  5018 ms
22) [11,15],  12025 ms
23) [11,16],  31 ms
24) [9,13],  7659 ms
25) [12,16],  5042 ms
26) [14,16],  8481 ms
27) [9,12],  5005 ms
28) [17,14],  11140 ms
29) [18,15],  4822 ms
30) [9,16],  7757 ms
31) [13,10],  1534 ms
32) [12,17],  4677 ms
33) [10,15],  4230 ms
34) [7,12],  4539 ms
35) [7,13],  3656 ms
36) [14,10],  7116 ms
37) [18,14],  4508 ms
38) [18,16],  6102 ms
39) [17,17],  3089 ms
40) [19,15],  5226 ms
41) [6,14],  5013 ms
42) [7,14],  2203 ms
43) [8,15],  3560 ms
44) [8,12],  1657 ms
45) [17,16],  5003 ms
46) [18,17],  3822 ms
47) [5,13],  4019 ms
48) [7,15],  3379 ms
49) [7,11],  5011 ms
50) [6,12],  1215 ms
51) [16,16],  2978 ms
52) [17,15],  2682 ms
53) [5,12],  2134 ms
54) [4,13],  1004 ms
55) [18,13],  5007 ms
56) [18,12],  1152 ms
57) [6,17],  4237 ms
58) [5,18],  1549 ms
59) [5,17],  5010 ms
60) [3,17],  1727 ms
61) [5,16],  5009 ms
62) [5,14],  1563 ms
63) [5,11],  1616 ms
64) [5,10],  1241 ms
65) [3,12],  2343 ms
66) [3,11],  601 ms
67) [7,19],  1620 ms
68) [6,18],  576 ms
69) [7,18],  4072 ms
70) [4,15],  574 ms
71) [6,13],  4058 ms
72) [7,17],  924 ms
73) [5,19],  5016 ms
74) [8,19],  300 ms
75) [2,18],  3156 ms
76) [6,16],  652 ms
77) [4,14],  3296 ms
78) [3,16],  657 ms
79) [3,15],  1578 ms
80) [17,18],  473 ms
81) [19,17],  5010 ms
82) [18,19],  500 ms
83) [18,20],  5019 ms
84) [16,17],  420 ms
85) [15,16],  5003 ms
86) [19,18],  265 ms
87) [16,19],  5016 ms
88) [20,14],  249 ms
89) [21,15],  1484 ms
90) [18,18],  299 ms
91) [20,18],  3111 ms
92) [4,10],  209 ms
93) [4,9],  5008 ms
94) [19,11],  204 ms
95) [21,13],  5015 ms
96) [21,12],  187 ms
97) [19,12],  5016 ms
98) [20,11],  157 ms
99) [2,16],  2433 ms
100) [1,17],  32 ms
101) [2,17],  2667 ms
102) [2,19],  73 ms
103) [2,15],  1585 ms
104) [2,14],  34 ms
105) [15,15],  2627 ms
106) [15,17],  33 ms
107) [20,10],  5016 ms
108) [17,20],  72 ms
109) [20,17],  5006 ms
110) [14,17],  32 ms
111) [13,17],  35 ms
112) [20,21],  33 ms
113) [19,20],  32 ms
114) [14,18],  32 ms
115) [14,15],  32 ms
116) [15,18],  35 ms
117) [16,18],  33 ms
118) [16,21],  32 ms
119) [15,22],  32 ms
120) [14,19],  33 ms
121) [14,20],  32 ms
122) [15,20],  32 ms
123) [13,18],  33 ms
124) [17,22],  32 ms
125) [18,23],  33 ms
126) [15,19],  33 ms
127) [15,21],  33 ms
128) [17,21],  33 ms
129) [17,19],  33 ms
130) [18,22],  33 ms
131) [16,20],  32 ms
132) [19,21],  33 ms
133) [18,21],  32 ms
134) [17,23],  32 ms
135) [17,24],  33 ms
136) [16,24],  32 ms
137) [20,20],  34 ms
138) [15,25],  33 ms

pela 60.0 wins

pela 60.0:  2568 ms/turn
pela 5.0:  2780 ms/turn
