 0) [16,17],  1 ms
 1) [15,17],  232 ms
 2) [16,16],  33 ms
 3) [16,15],  32 ms
 4) [15,14],  13751 ms
 5) [13,15],  4058 ms
 6) [14,16],  8209 ms
 7) [15,16],  3298 ms
 8) [17,14],  20228 ms
 9) [16,14],  5007 ms
10) [13,18],  19688 ms
11) [13,16],  1690 ms
12) [12,15],  12280 ms
13) [14,19],  2896 ms
14) [15,12],  15130 ms
15) [14,11],  2352 ms
16) [17,12],  12961 ms
17) [17,13],  2919 ms
18) [12,14],  11097 ms
19) [12,13],  2086 ms
20) [15,10],  6025 ms
21) [15,11],  5015 ms
22) [16,12],  8672 ms
23) [18,12],  1725 ms
24) [15,15],  7416 ms
25) [16,11],  5003 ms
26) [17,11],  2251 ms
27) [14,12],  3158 ms
28) [13,11],  4297 ms
29) [18,10],  5014 ms
30) [19,11],  4958 ms
31) [15,19],  3260 ms
32) [15,20],  4712 ms
33) [18,11],  5015 ms
34) [18,13],  4032 ms
35) [17,10],  2573 ms
36) [18,9],  2429 ms
37) [14,20],  1869 ms
38) [14,21],  1156 ms
39) [14,14],  4874 ms
40) [14,13],  2186 ms
41) [10,15],  1591 ms
42) [13,12],  2651 ms
43) [13,13],  1753 ms
44) [13,17],  672 ms
45) [16,19],  1546 ms
46) [17,19],  1588 ms
47) [10,17],  4578 ms
48) [11,17],  1942 ms
49) [12,18],  1816 ms
50) [13,19],  1598 ms
51) [13,20],  5008 ms
52) [12,21],  1438 ms
53) [11,21],  3866 ms
54) [9,16],  783 ms
55) [10,10],  2990 ms
56) [19,12],  1111 ms
57) [20,11],  5016 ms
58) [12,23],  316 ms
59) [13,22],  5012 ms
60) [10,18],  915 ms
61) [12,22],  4537 ms
62) [13,21],  792 ms
63) [11,19],  3277 ms
64) [11,22],  661 ms
65) [11,16],  1755 ms
66) [17,9],  404 ms
67) [19,10],  2106 ms
68) [20,10],  232 ms
69) [10,13],  4550 ms
70) [15,21],  500 ms
71) [16,21],  30 ms
72) [11,11],  213 ms
73) [9,14],  55 ms
74) [8,13],  220 ms
75) [11,12],  319 ms
76) [12,11],  125 ms
77) [11,10],  31 ms
78) [10,11],  335 ms
79) [9,11],  30 ms
80) [9,13],  268 ms
81) [8,12],  35 ms
82) [11,9],  244 ms
83) [8,15],  34 ms
84) [7,16],  31 ms
85) [10,14],  34 ms
86) [10,16],  30 ms
87) [8,10],  34 ms
88) [9,10],  31 ms
89) [10,12],  33 ms
90) [7,9],  30 ms
91) [9,12],  30 ms
92) [12,12],  31 ms
93) [7,12],  33 ms

pela 5.0 wins

pela 60.0:  3801 ms/turn
pela 5.0:  2386 ms/turn
