 0) [13,17],  31 ms
 1) [12,17],  1165 ms
 2) [12,16],  30 ms
 3) [13,16],  34 ms
 4) [14,18],  30 ms
 5) [15,19],  30 ms
 6) [16,18],  25690 ms
 7) [11,15],  5016 ms
 8) [14,15],  8822 ms
 9) [14,19],  5007 ms
10) [15,20],  13147 ms
11) [15,18],  4998 ms
12) [16,19],  18904 ms
13) [16,17],  3383 ms
14) [13,20],  13512 ms
15) [17,16],  1967 ms
16) [18,15],  32 ms
17) [17,18],  3232 ms
18) [12,20],  49 ms
19) [14,20],  5008 ms
20) [13,19],  38 ms
21) [11,21],  479 ms
22) [13,21],  34 ms
23) [13,18],  43 ms
24) [14,22],  67 ms
25) [15,23],  5043 ms
26) [13,23],  33 ms
27) [13,22],  60 ms
28) [15,17],  75 ms
29) [16,16],  78 ms
30) [11,19],  66 ms
31) [10,18],  47 ms
32) [14,16],  33 ms
33) [17,19],  71 ms
34) [12,18],  37 ms
35) [15,15],  32 ms
36) [10,20],  45 ms

pela 60.0 wins

pela 60.0:  4246 ms/turn
pela 5.0:  1982 ms/turn
