 0) [15,15],  0 ms
 1) [14,15],  189 ms
 2) [16,14],  33 ms
 3) [14,16],  34 ms
 4) [14,17],  18083 ms
 5) [16,15],  5018 ms
 6) [15,13],  12760 ms
 7) [14,12],  2170 ms
 8) [14,13],  11009 ms
 9) [16,13],  4898 ms
10) [14,14],  15863 ms
11) [15,14],  1519 ms
12) [17,12],  10029 ms
13) [17,11],  5004 ms
14) [12,15],  9045 ms
15) [13,13],  2953 ms
16) [13,16],  7724 ms
17) [11,14],  5021 ms
18) [15,11],  13634 ms
19) [13,14],  2532 ms
20) [11,12],  5152 ms
21) [17,14],  5005 ms
22) [14,11],  4648 ms
23) [12,11],  5008 ms
24) [18,13],  10292 ms
25) [15,10],  2731 ms
26) [18,15],  8833 ms
27) [18,14],  5015 ms
28) [13,18],  7239 ms
29) [13,15],  5012 ms
30) [15,18],  55 ms
31) [16,19],  35 ms
32) [16,17],  121 ms
33) [13,12],  4358 ms
34) [13,11],  36 ms
35) [17,16],  5009 ms
36) [15,17],  274 ms
37) [18,17],  4147 ms
38) [19,18],  34 ms
39) [13,17],  55 ms
40) [14,18],  36 ms
41) [12,18],  1926 ms
42) [16,18],  41 ms
43) [17,18],  35 ms
44) [15,19],  35 ms
45) [15,16],  33 ms
46) [15,20],  34 ms
47) [15,21],  35 ms
48) [14,20],  47 ms
49) [14,19],  49 ms
50) [13,21],  34 ms
51) [17,17],  33 ms
52) [12,22],  34 ms

pela 60.0 wins

pela 60.0:  5004 ms/turn
pela 5.0:  2608 ms/turn
