 0) [17,17],  32 ms
 1) [16,17],  1132 ms
 2) [15,18],  31 ms
 3) [16,18],  32 ms
 4) [16,16],  30 ms
 5) [15,16],  31 ms
 6) [17,18],  31 ms
 7) [17,15],  5010 ms
 8) [17,20],  15919 ms
 9) [17,19],  1460 ms
10) [16,19],  5881 ms
11) [18,21],  4947 ms
12) [15,20],  22585 ms
13) [14,21],  5016 ms
14) [14,17],  2754 ms
15) [13,16],  34 ms
16) [18,17],  2690 ms
17) [19,16],  34 ms
18) [18,20],  3105 ms
19) [16,20],  5008 ms
20) [18,18],  339 ms
21) [19,19],  4679 ms
22) [18,19],  160 ms
23) [18,16],  33 ms
24) [19,18],  51 ms
25) [20,17],  2134 ms
26) [16,21],  36 ms
27) [15,22],  34 ms
28) [14,19],  37 ms
29) [13,18],  4719 ms
30) [21,20],  35 ms
31) [20,19],  1770 ms
32) [19,20],  33 ms
33) [20,20],  34 ms
34) [20,18],  36 ms
35) [21,18],  32 ms
36) [20,21],  31 ms
37) [21,22],  31 ms
38) [18,23],  32 ms
39) [17,22],  33 ms
40) [19,22],  33 ms
41) [22,19],  34 ms
42) [17,24],  36 ms

pela 60.0 wins

pela 60.0:  2450 ms/turn
pela 5.0:  1725 ms/turn
