 0) [15,15],  37 ms
 1) [14,15],  401 ms
 2) [14,14],  34 ms
 3) [15,14],  33 ms
 4) [13,16],  34 ms
 5) [13,15],  33 ms
 6) [12,16],  34 ms
 7) [14,16],  32 ms
 8) [10,14],  33 ms
 9) [11,15],  5003 ms
10) [10,15],  16886 ms
11) [10,13],  4682 ms
12) [12,14],  9390 ms
13) [12,13],  5014 ms
14) [11,12],  15330 ms
15) [11,14],  3710 ms
16) [10,16],  7098 ms
17) [11,16],  3149 ms
18) [11,17],  12677 ms
19) [12,18],  1646 ms
20) [9,15],  5314 ms
21) [8,16],  5008 ms
22) [10,17],  9521 ms
23) [10,18],  31 ms
24) [8,15],  5888 ms
25) [11,18],  5015 ms
26) [13,18],  6191 ms
27) [8,14],  5013 ms
28) [16,16],  11509 ms
29) [17,17],  3569 ms
30) [8,18],  5606 ms
31) [12,12],  5003 ms
32) [11,19],  3562 ms
33) [9,17],  3029 ms
34) [6,14],  3498 ms
35) [6,15],  2719 ms
36) [13,12],  9625 ms
37) [17,16],  3722 ms
38) [17,18],  8242 ms
39) [16,19],  2507 ms
40) [18,17],  4349 ms
41) [5,16],  4330 ms
42) [6,16],  6453 ms
43) [7,17],  3247 ms
44) [7,14],  5504 ms
45) [16,18],  5018 ms
46) [17,19],  3759 ms
47) [4,15],  4205 ms
48) [6,17],  4217 ms
49) [6,13],  4939 ms
50) [5,14],  1287 ms
51) [15,18],  2999 ms
52) [16,17],  2402 ms
53) [4,14],  1966 ms
54) [3,15],  1029 ms
55) [17,15],  1761 ms
56) [17,14],  1369 ms
57) [5,19],  5006 ms
58) [4,20],  1714 ms
59) [4,19],  5009 ms
60) [2,19],  1763 ms
61) [4,18],  5002 ms
62) [4,16],  2027 ms
63) [4,13],  2254 ms
64) [4,12],  963 ms
65) [2,14],  2636 ms
66) [2,13],  755 ms
67) [6,11],  1815 ms
68) [8,11],  869 ms
69) [5,20],  2067 ms
70) [6,21],  886 ms
71) [3,11],  1764 ms
72) [5,12],  651 ms
73) [3,12],  1953 ms
74) [3,13],  1346 ms
75) [7,13],  5016 ms
76) [8,13],  906 ms
77) [6,20],  5016 ms
78) [3,17],  476 ms
79) [2,18],  4607 ms
80) [5,18],  819 ms
81) [18,16],  5004 ms
82) [15,19],  631 ms
83) [7,19],  5011 ms
84) [6,19],  754 ms
85) [3,16],  5021 ms
86) [7,21],  630 ms
87) [8,21],  1463 ms
88) [11,10],  195 ms
89) [7,16],  5014 ms
90) [7,18],  329 ms
91) [12,11],  4995 ms
92) [12,10],  500 ms
93) [19,15],  2353 ms
94) [20,14],  32 ms
95) [11,9],  5009 ms
96) [5,11],  405 ms
97) [5,13],  2716 ms
98) [9,18],  32 ms
99) [6,18],  32 ms
100) [9,12],  34 ms
101) [10,11],  66 ms
102) [8,19],  56 ms
103) [7,20],  61 ms
104) [9,16],  98 ms
105) [8,17],  75 ms
106) [6,10],  47 ms
107) [7,9],  32 ms
108) [9,13],  46 ms
109) [9,14],  47 ms
110) [8,12],  78 ms
111) [7,11],  44 ms
112) [8,10],  34 ms
113) [8,9],  78 ms
114) [7,12],  88 ms
115) [10,12],  100 ms
116) [6,12],  78 ms

pela 60.0 wins

pela 60.0:  3018 ms/turn
pela 5.0:  2880 ms/turn
