 0) [13,13],  0 ms
 1) [12,13],  217 ms
 2) [13,12],  33 ms
 3) [13,11],  34 ms
 4) [14,13],  13647 ms
 5) [15,14],  5006 ms
 6) [17,13],  13582 ms
 7) [16,13],  5015 ms
 8) [14,15],  19381 ms
 9) [14,14],  5006 ms
10) [17,14],  14930 ms
11) [17,15],  2593 ms
12) [16,15],  9853 ms
13) [18,13],  4602 ms
14) [15,13],  15513 ms
15) [11,13],  2567 ms
16) [11,14],  4589 ms
17) [10,11],  3450 ms
18) [12,12],  5995 ms
19) [10,13],  3576 ms
20) [11,11],  4206 ms
21) [10,12],  2611 ms
22) [10,10],  8208 ms
23) [9,9],  32 ms
24) [11,12],  10018 ms
25) [8,10],  3744 ms
26) [14,12],  5481 ms
27) [15,12],  32 ms
28) [12,14],  7791 ms
29) [11,15],  737 ms
30) [10,14],  4451 ms
31) [9,14],  249 ms
32) [15,11],  3357 ms
33) [16,10],  32 ms
34) [8,13],  2980 ms
35) [7,9],  40 ms
36) [9,11],  32 ms
37) [7,11],  38 ms
38) [6,12],  2549 ms
39) [7,8],  35 ms
40) [7,10],  34 ms
41) [10,8],  34 ms
42) [11,7],  33 ms
43) [8,9],  36 ms
44) [8,8],  32 ms
45) [6,9],  32 ms
46) [10,9],  32 ms
47) [5,9],  34 ms

pela 5.0 wins

pela 60.0:  6113 ms/turn
pela 5.0:  1656 ms/turn
