 0) [14,15],  33 ms
 1) [13,15],  1023 ms
 2) [13,14],  36 ms
 3) [14,14],  31 ms
 4) [15,16],  32 ms
 5) [16,17],  33 ms
 6) [17,16],  7525 ms
 7) [12,13],  5020 ms
 8) [15,13],  11218 ms
 9) [15,17],  5002 ms
10) [16,18],  19306 ms
11) [16,16],  1716 ms
12) [17,17],  7672 ms
13) [17,15],  4482 ms
14) [14,18],  16608 ms
15) [18,14],  1970 ms
16) [19,13],  33 ms
17) [18,16],  3265 ms
18) [13,18],  50 ms
19) [15,18],  5011 ms
20) [14,17],  39 ms
21) [12,19],  502 ms
22) [14,19],  35 ms
23) [14,16],  33 ms
24) [15,20],  34 ms
25) [16,21],  5013 ms
26) [14,21],  33 ms
27) [14,20],  41 ms
28) [16,15],  40 ms
29) [17,14],  31 ms
30) [12,17],  34 ms
31) [11,16],  32 ms
32) [15,14],  34 ms
33) [18,17],  34 ms
34) [13,16],  34 ms
35) [16,13],  37 ms
36) [11,18],  33 ms

pela 60.0 wins

pela 60.0:  3306 ms/turn
pela 5.0:  1848 ms/turn
