 0) [17,14],  33 ms
 1) [16,14],  723 ms
 2) [16,15],  33 ms
 3) [17,15],  32 ms
 4) [15,16],  34 ms
 5) [14,17],  32 ms
 6) [15,18],  25693 ms
 7) [18,13],  5015 ms
 8) [18,16],  12214 ms
 9) [14,16],  5014 ms
10) [13,17],  14835 ms
11) [15,17],  4908 ms
12) [14,18],  6830 ms
13) [16,18],  2132 ms
14) [13,15],  16969 ms
15) [17,19],  3030 ms
16) [18,20],  33 ms
17) [15,19],  3537 ms
18) [13,14],  54 ms
19) [13,16],  5007 ms
20) [14,15],  41 ms
21) [12,13],  468 ms
22) [12,15],  37 ms
23) [15,15],  36 ms
24) [11,16],  37 ms
25) [10,17],  5006 ms
26) [10,15],  32 ms
27) [11,15],  32 ms
28) [16,17],  32 ms
29) [17,18],  31 ms
30) [14,13],  33 ms
31) [15,12],  31 ms
32) [17,16],  31 ms
33) [14,19],  33 ms
34) [15,14],  31 ms
35) [18,17],  31 ms
36) [13,12],  31 ms

pela 60.0 wins

pela 60.0:  4054 ms/turn
pela 5.0:  1949 ms/turn
