 0) [16,17],  31 ms
 1) [15,17],  855 ms
 2) [16,16],  38 ms
 3) [16,15],  54 ms
 4) [15,14],  12404 ms
 5) [13,15],  4061 ms
 6) [14,16],  23942 ms
 7) [15,16],  2959 ms
 8) [17,14],  20528 ms
 9) [16,14],  2111 ms
10) [13,18],  6157 ms
11) [13,16],  2389 ms
12) [12,15],  13144 ms
13) [14,19],  2786 ms
14) [15,12],  14579 ms
15) [14,11],  1957 ms
16) [17,12],  12739 ms
17) [17,13],  2370 ms
18) [12,14],  10912 ms
19) [12,13],  2072 ms
20) [15,10],  6019 ms
21) [15,11],  5004 ms
22) [16,12],  8516 ms
23) [18,12],  1703 ms
24) [15,15],  7297 ms
25) [16,11],  4998 ms
26) [17,11],  2243 ms
27) [14,12],  3154 ms
28) [13,11],  4374 ms
29) [18,10],  5013 ms
30) [19,11],  4672 ms
31) [15,19],  2766 ms
32) [15,20],  4641 ms
33) [18,11],  4379 ms
34) [18,13],  3314 ms
35) [17,10],  1956 ms
36) [18,9],  1894 ms
37) [14,20],  1803 ms
38) [14,21],  1063 ms
39) [14,14],  4719 ms
40) [14,13],  2153 ms
41) [10,15],  1510 ms
42) [13,12],  2747 ms
43) [13,13],  1650 ms
44) [13,17],  1245 ms
45) [16,19],  1505 ms
46) [17,19],  1532 ms
47) [10,17],  4413 ms
48) [11,17],  1953 ms
49) [12,18],  1768 ms
50) [13,19],  1486 ms
51) [13,20],  5011 ms
52) [12,21],  1485 ms
53) [11,21],  3713 ms
54) [9,16],  755 ms
55) [10,10],  2904 ms
56) [19,12],  1160 ms
57) [20,11],  5016 ms
58) [12,23],  311 ms
59) [13,22],  5017 ms
60) [10,18],  897 ms
61) [12,22],  4353 ms
62) [13,21],  828 ms
63) [11,19],  3012 ms
64) [11,22],  707 ms
65) [11,16],  1621 ms
66) [17,9],  370 ms
67) [19,10],  1991 ms
68) [20,10],  225 ms
69) [10,13],  4236 ms
70) [15,21],  526 ms
71) [16,21],  36 ms
72) [11,11],  414 ms
73) [9,14],  56 ms
74) [8,13],  209 ms
75) [11,12],  276 ms
76) [12,11],  121 ms
77) [11,10],  31 ms
78) [10,11],  341 ms
79) [9,11],  31 ms
80) [9,13],  267 ms
81) [8,12],  36 ms
82) [11,9],  261 ms
83) [8,15],  35 ms
84) [7,16],  32 ms
85) [10,14],  36 ms
86) [10,16],  32 ms
87) [8,10],  37 ms
88) [9,10],  32 ms
89) [10,12],  34 ms
90) [7,9],  34 ms
91) [9,12],  31 ms
92) [12,12],  32 ms
93) [7,12],  32 ms

pela 5.0 wins

pela 60.0:  3801 ms/turn
pela 5.0:  2244 ms/turn
