 0) [16,17],  33 ms
 1) [15,17],  252 ms
 2) [16,16],  33 ms
 3) [16,15],  32 ms
 4) [15,14],  12958 ms
 5) [13,15],  4274 ms
 6) [14,16],  23866 ms
 7) [15,16],  2275 ms
 8) [17,14],  15852 ms
 9) [16,14],  5015 ms
10) [13,18],  18188 ms
11) [13,16],  1661 ms
12) [12,15],  12274 ms
13) [14,19],  2903 ms
14) [15,12],  13846 ms
15) [14,11],  2397 ms
16) [17,12],  11854 ms
17) [17,13],  2377 ms
18) [12,14],  10170 ms
19) [12,13],  2190 ms
20) [15,10],  6257 ms
21) [15,11],  5007 ms
22) [16,12],  2275 ms
23) [18,12],  1777 ms
24) [15,15],  7496 ms
25) [16,11],  5015 ms
26) [17,11],  2326 ms
27) [14,12],  3274 ms
28) [13,11],  4308 ms
29) [18,10],  4908 ms
30) [19,11],  4774 ms
31) [15,19],  2876 ms
32) [15,20],  4794 ms
33) [18,11],  4588 ms
34) [18,13],  3335 ms
35) [17,10],  1959 ms
36) [18,9],  1891 ms
37) [14,20],  1812 ms
38) [14,21],  1062 ms
39) [14,14],  4569 ms
40) [14,13],  2062 ms
41) [16,18],  5005 ms
42) [17,17],  1065 ms
43) [17,18],  5013 ms
44) [13,19],  2766 ms
45) [13,22],  5015 ms
46) [12,22],  2100 ms
47) [18,19],  5010 ms
48) [18,18],  714 ms
49) [19,19],  32 ms
50) [17,19],  1320 ms
51) [21,19],  1527 ms
52) [20,19],  1498 ms
53) [21,20],  1633 ms
54) [19,17],  375 ms
55) [20,16],  5011 ms
56) [15,21],  407 ms
57) [16,20],  32 ms
58) [12,21],  615 ms
59) [13,21],  5001 ms
60) [12,19],  70 ms
61) [12,20],  2597 ms
62) [11,20],  53 ms
63) [14,17],  5015 ms
64) [11,18],  42 ms
65) [13,20],  1927 ms
66) pbrain-pela:  I win !
66) [11,16],  32 ms
67) [13,14],  33 ms
68) [11,19],  35 ms
69) [11,17],  33 ms
70) [9,22],  33 ms
71) [10,21],  32 ms
72) [9,19],  32 ms
73) [10,19],  33 ms
74) [11,21],  33 ms
75) [11,22],  32 ms
76) [10,20],  33 ms
77) [13,23],  32 ms
78) [8,18],  33 ms

pela 60.0 wins

pela 60.0:  4272 ms/turn
pela 5.0:  2619 ms/turn
