 0) [17,16],  36 ms
 1) [17,17],  32 ms
 2) [16,16],  32 ms
 3) [15,16],  34 ms
 4) [14,17],  9951 ms
 5) [15,19],  4711 ms
 6) [16,18],  24329 ms
 7) [16,17],  5015 ms
 8) [14,18],  20799 ms
 9) [17,18],  3769 ms
10) [18,19],  17842 ms
11) [13,19],  2839 ms
12) [14,15],  5823 ms
13) [14,16],  2674 ms
14) [15,20],  6899 ms
15) [14,21],  5013 ms
16) [12,19],  4733 ms
17) [12,17],  2478 ms
18) [18,20],  4124 ms
19) [18,17],  3373 ms
20) [19,17],  521 ms
21) [17,19],  5021 ms
22) [18,21],  719 ms
23) [18,22],  5022 ms
24) [17,20],  149 ms
25) [16,20],  4456 ms
26) [16,21],  55 ms
27) [19,18],  1856 ms
28) [17,22],  46 ms
29) [18,23],  2808 ms
30) [19,22],  37 ms
31) [20,23],  5019 ms
32) [17,21],  39 ms
33) [19,21],  35 ms
34) [17,23],  34 ms
35) [17,24],  34 ms
36) [15,22],  33 ms
37) [14,23],  30 ms
38) [14,19],  33 ms
39) [13,18],  32 ms
40) [15,24],  33 ms
41) [16,23],  30 ms
42) [15,23],  38 ms
43) [15,21],  35 ms
44) [16,22],  31 ms
45) [19,19],  31 ms
46) [14,24],  34 ms

pela 60.0 wins

pela 60.0:  4015 ms/turn
pela 5.0:  2362 ms/turn
