 0) [14,13],  1070 ms
 1) [15,13],  47 ms
 2) [13,14],  31 ms
 3) [15,12],  32 ms
 4) [15,11],  16105 ms
 5) [13,13],  1645 ms
 6) [14,15],  14152 ms
 7) [15,16],  2494 ms
 8) [15,15],  11130 ms
 9) [13,15],  4651 ms
10) [15,14],  15350 ms
11) [14,14],  1571 ms
12) [12,16],  13431 ms
13) [12,17],  5001 ms
14) [17,13],  6809 ms
15) [16,15],  2299 ms
16) [16,12],  6512 ms
17) [18,14],  5021 ms
18) [14,17],  8209 ms
19) [16,14],  2080 ms
20) [18,16],  11404 ms
21) [12,14],  4007 ms
22) [15,17],  3248 ms
23) [17,17],  5007 ms
24) [11,15],  10375 ms
25) [14,18],  3449 ms
26) [11,13],  8870 ms
27) [11,14],  5016 ms
28) [16,10],  6788 ms
29) [16,13],  5009 ms
30) [14,10],  177 ms
31) [13,9],  32 ms
32) [13,11],  128 ms
33) [12,12],  5007 ms
34) [14,11],  75 ms
35) [11,11],  3463 ms
36) [10,10],  32 ms
37) [16,17],  77 ms
38) [16,16],  32 ms
39) [16,11],  45 ms
40) [15,10],  34 ms
41) [17,10],  2208 ms
42) [13,10],  37 ms
43) [12,10],  35 ms
44) [14,9],  33 ms
45) [14,12],  33 ms
46) [14,8],  32 ms
47) [14,7],  32 ms
48) [15,8],  45 ms
49) [15,9],  48 ms
50) [12,11],  33 ms
51) [16,7],  32 ms
52) [11,12],  32 ms

pela 60.0 wins

pela 60.0:  4969 ms/turn
pela 5.0:  2243 ms/turn
