 0) [13,17],  34 ms
 1) [12,17],  268 ms
 2) [13,16],  33 ms
 3) [13,15],  33 ms
 4) [14,17],  13807 ms
 5) [15,18],  4756 ms
 6) [17,17],  12598 ms
 7) [16,17],  4676 ms
 8) [14,19],  18451 ms
 9) [14,18],  5059 ms
10) [17,18],  15384 ms
11) [17,19],  2721 ms
12) [18,17],  10864 ms
13) [19,16],  4637 ms
14) [18,20],  15457 ms
15) [18,18],  2957 ms
16) [16,20],  13343 ms
17) [15,20],  4131 ms
18) [15,17],  11430 ms
19) [19,18],  1848 ms
20) [19,15],  5423 ms
21) [17,15],  5010 ms
22) [13,18],  7084 ms
23) [13,20],  2231 ms
24) [21,17],  8015 ms
25) [19,17],  5015 ms
26) [19,19],  6876 ms
27) [20,18],  3839 ms
28) [18,16],  5753 ms
29) [16,18],  2133 ms
30) [20,16],  4827 ms
31) [18,14],  4583 ms
32) [21,18],  2191 ms
33) [21,16],  5003 ms
34) [19,20],  4078 ms
35) [20,20],  4241 ms
36) [23,19],  1992 ms
37) [22,18],  33 ms
38) [18,19],  1441 ms
39) [18,21],  2294 ms
40) [23,18],  919 ms
41) [23,20],  1957 ms
42) [19,21],  2361 ms
43) [20,14],  2770 ms
44) [16,16],  1765 ms
45) [15,16],  5010 ms
46) [17,14],  883 ms
47) [12,16],  3646 ms
48) [14,14],  1507 ms
49) [19,22],  5011 ms
50) [17,20],  1419 ms
51) [20,23],  4649 ms
52) [22,21],  548 ms
53) [19,13],  5010 ms
54) [18,12],  1656 ms
55) [20,21],  5016 ms
56) [15,15],  1422 ms
57) [13,13],  33 ms
58) [20,19],  1217 ms
59) [21,19],  2461 ms
60) [21,20],  1038 ms
61) [20,12],  4330 ms
62) [21,11],  32 ms
63) [20,13],  527 ms
64) [23,22],  878 ms
65) [24,23],  32 ms
66) [20,11],  765 ms
67) [23,17],  87 ms
68) [24,16],  35 ms
69) [22,16],  39 ms
70) [21,15],  33 ms
71) [20,22],  42 ms
72) [20,24],  34 ms
73) [22,17],  36 ms
74) [22,19],  632 ms
75) [21,13],  39 ms
76) [22,13],  41 ms
77) pbrain-pela:  I win !
77) [22,14],  37 ms
78) [22,15],  36 ms
79) [19,11],  37 ms
80) [23,15],  36 ms
81) [18,10],  34 ms

pela 5.0 wins

pela 60.0:  4300 ms/turn
pela 5.0:  2591 ms/turn
