 0) [15,17],  35 ms
 1) [16,18],  34 ms
 2) [14,18],  33 ms
 3) [16,16],  34 ms
 4) [15,19],  34 ms
 5) [13,17],  34 ms
 6) [16,15],  12944 ms
 7) [15,20],  1795 ms
 8) [15,16],  23848 ms
 9) [15,15],  1918 ms
10) [17,17],  14006 ms
11) [14,17],  1609 ms
12) [12,18],  18469 ms
13) [13,18],  3409 ms
14) [13,16],  5443 ms
15) [16,21],  4937 ms
16) [14,19],  5206 ms
17) [13,19],  2194 ms
18) [13,20],  14303 ms
19) [16,17],  4188 ms
20) [16,19],  7939 ms
21) [18,19],  5007 ms
22) [17,20],  11111 ms
23) [12,21],  2400 ms
24) [17,16],  5418 ms
25) [17,14],  2783 ms
26) [11,18],  5575 ms
27) [12,17],  5007 ms
28) [10,18],  4972 ms
29) [9,18],  3694 ms
30) [10,17],  6256 ms
31) [12,19],  5017 ms
32) [11,20],  34 ms
33) [11,19],  2029 ms
34) [10,16],  985 ms
35) [10,19],  5014 ms
36) [9,19],  33 ms
37) [12,16],  2316 ms
38) [8,20],  101 ms
39) [7,21],  1794 ms
40) [10,20],  82 ms
41) [9,20],  2187 ms
42) [8,18],  76 ms
43) [7,17],  3324 ms
44) [10,15],  84 ms
45) [10,14],  33 ms
46) [11,15],  186 ms
47) [12,14],  1727 ms
48) [8,15],  54 ms
49) [9,15],  39 ms
50) [8,16],  33 ms
51) [8,17],  34 ms
52) [9,16],  33 ms
53) [7,14],  33 ms
54) [7,16],  33 ms
55) [11,16],  35 ms
56) [6,16],  38 ms

pela 60.0 wins

pela 60.0:  4736 ms/turn
pela 5.0:  2236 ms/turn
