 0) [13,17],  55 ms
 1) [12,17],  1282 ms
 2) [12,16],  36 ms
 3) [13,16],  35 ms
 4) [14,18],  39 ms
 5) [15,19],  36 ms
 6) [16,18],  7154 ms
 7) [11,15],  5029 ms
 8) [14,15],  11388 ms
 9) [14,19],  5019 ms
10) [15,20],  17251 ms
11) [15,18],  5031 ms
12) [16,19],  6679 ms
13) [16,17],  4245 ms
14) [13,20],  16033 ms
15) [17,16],  2452 ms
16) [18,15],  36 ms
17) [17,18],  3608 ms
18) [12,20],  54 ms
19) [14,20],  5011 ms
20) [13,19],  42 ms
21) [11,21],  441 ms
22) [13,21],  37 ms
23) [13,18],  36 ms
24) [14,22],  38 ms
25) [15,23],  5017 ms
26) [13,23],  37 ms
27) [13,22],  35 ms
28) [15,17],  37 ms
29) [16,16],  36 ms
30) [11,19],  37 ms
31) [10,18],  35 ms
32) [14,16],  37 ms
33) [17,19],  38 ms
34) [12,18],  37 ms
35) [15,15],  35 ms
36) [10,20],  35 ms

pela 60.0 wins

pela 60.0:  3108 ms/turn
pela 5.0:  2078 ms/turn
