 0) [13,14],  34 ms
 1) [12,14],  260 ms
 2) [13,13],  32 ms
 3) [13,12],  31 ms
 4) [12,11],  10827 ms
 5) [10,12],  3365 ms
 6) [11,13],  24174 ms
 7) [12,13],  2897 ms
 8) [14,11],  20495 ms
 9) [13,11],  2028 ms
10) [10,15],  6073 ms
11) [10,13],  2218 ms
12) [9,12],  16487 ms
13) [11,16],  3815 ms
14) [12,9],  14554 ms
15) [11,8],  2004 ms
16) [14,9],  12481 ms
17) [14,10],  2346 ms
18) [9,11],  10702 ms
19) [9,10],  2023 ms
20) [12,7],  5787 ms
21) [12,8],  5002 ms
22) [13,9],  8345 ms
23) [15,9],  1659 ms
24) [12,12],  7154 ms
25) [13,8],  4889 ms
26) [14,8],  2141 ms
27) [11,9],  3089 ms
28) [10,8],  4099 ms
29) [15,7],  4584 ms
30) [16,8],  4426 ms
31) [12,16],  2652 ms
32) [12,17],  4611 ms
33) [15,8],  4224 ms
34) [15,10],  3223 ms
35) [14,7],  1905 ms
36) [15,6],  1858 ms
37) [11,17],  1760 ms
38) [11,18],  1022 ms
39) [11,11],  4581 ms
40) [11,10],  1994 ms
41) [13,15],  5012 ms
42) [14,14],  1029 ms
43) [14,15],  5003 ms
44) [10,16],  2640 ms
45) [10,19],  5016 ms
46) [9,19],  2028 ms
47) [15,16],  5004 ms
48) [15,15],  685 ms
49) [16,16],  30 ms
50) [14,16],  1270 ms
51) [18,16],  1473 ms
52) [17,16],  1440 ms
53) [18,17],  1597 ms
54) [16,14],  361 ms
55) [17,13],  5004 ms
56) [12,18],  387 ms
57) [13,17],  31 ms
58) [9,18],  597 ms
59) [10,18],  5001 ms
60) [9,16],  65 ms
61) [9,17],  2444 ms
62) [8,17],  51 ms
63) [11,14],  5003 ms
64) [8,15],  36 ms
65) [10,17],  1883 ms
66) pbrain-pela:  I win !
66) [8,13],  36 ms
67) [10,11],  32 ms
68) [8,16],  31 ms
69) [8,14],  32 ms
70) [6,19],  31 ms
71) [7,18],  32 ms
72) [6,16],  33 ms
73) [7,16],  33 ms
74) [8,18],  31 ms
75) [8,19],  31 ms
76) [7,17],  31 ms
77) [10,20],  32 ms
78) [5,15],  30 ms

pela 60.0 wins

pela 60.0:  4283 ms/turn
pela 5.0:  2513 ms/turn
