 0) [17,16],  34 ms
 1) [16,16],  200 ms
 2) [17,15],  31 ms
 3) [17,14],  32 ms
 4) [16,13],  10855 ms
 5) [14,14],  3357 ms
 6) [15,15],  23491 ms
 7) [16,15],  2501 ms
 8) [18,13],  17737 ms
 9) [17,13],  1799 ms
10) [14,17],  18272 ms
11) [14,15],  2155 ms
12) [13,14],  15020 ms
13) [15,18],  3605 ms
14) [16,11],  13504 ms
15) [15,10],  2379 ms
16) [18,11],  11596 ms
17) [18,12],  2939 ms
18) [13,13],  9952 ms
19) [13,12],  2828 ms
20) [16,9],  8035 ms
21) [16,10],  5013 ms
22) [17,11],  2985 ms
23) [19,11],  2253 ms
24) [16,14],  6967 ms
25) [17,10],  5015 ms
26) [18,10],  2833 ms
27) [15,11],  4181 ms
28) [14,10],  5535 ms
29) [19,9],  5014 ms
30) [20,10],  2010 ms
31) [16,18],  3566 ms
32) [16,19],  4456 ms
33) [19,10],  5031 ms
34) [19,12],  3828 ms
35) [18,9],  2571 ms
36) [19,8],  2435 ms
37) [15,19],  2523 ms
38) [15,20],  1471 ms
39) [15,13],  5001 ms
40) [15,12],  2658 ms
41) [11,14],  1894 ms
42) [14,11],  770 ms
43) [14,12],  2100 ms
44) [14,16],  841 ms
45) [17,18],  1989 ms
46) [18,18],  1880 ms
47) [11,16],  5010 ms
48) [12,16],  1843 ms
49) [13,17],  2206 ms
50) [14,18],  1590 ms
51) [14,19],  1564 ms
52) [13,20],  394 ms
53) [12,20],  4662 ms
54) [10,15],  914 ms
55) [11,9],  3543 ms
56) [20,11],  1144 ms
57) [21,10],  5016 ms
58) [13,22],  310 ms
59) [14,21],  5002 ms
60) [11,17],  924 ms
61) [13,21],  4655 ms
62) [14,20],  233 ms
63) [12,18],  3581 ms
64) [12,21],  774 ms
65) [12,15],  2057 ms
66) [18,8],  418 ms
67) [20,9],  2568 ms
68) [21,9],  237 ms
69) [11,10],  5004 ms
70) [12,9],  176 ms
71) [13,10],  31 ms
72) [16,20],  407 ms
73) [17,20],  31 ms
74) [12,11],  204 ms
75) [11,11],  37 ms
76) [11,12],  144 ms
77) [12,10],  35 ms
78) [13,11],  31 ms
79) [10,13],  39 ms
80) [9,12],  448 ms
81) [10,10],  33 ms
82) [9,10],  31 ms
83) [17,21],  152 ms
84) [17,19],  189 ms
85) [11,8],  31 ms
86) [11,7],  30 ms
87) [15,21],  32 ms
88) [16,21],  31 ms
89) [15,9],  4108 ms
90) [14,8],  338 ms
91) [15,23],  4782 ms
92) [14,22],  107 ms
93) [16,22],  1569 ms
94) [14,24],  280 ms
95) [11,22],  2929 ms
96) [19,19],  227 ms
97) [19,17],  1462 ms
98) [20,13],  195 ms
99) [22,15],  5014 ms
100) [19,14],  137 ms
101) [18,15],  2003 ms
102) [20,15],  125 ms
103) [17,12],  32 ms
104) [10,11],  139 ms
105) [12,13],  35 ms
106) [21,16],  53 ms
107) [22,17],  34 ms
108) [20,14],  42 ms
109) [20,12],  35 ms
110) [20,19],  39 ms
111) [18,19],  37 ms
112) [20,16],  49 ms
113) [20,17],  35 ms
114) [19,16],  33 ms
115) [18,16],  33 ms
116) [19,15],  33 ms
117) [19,13],  34 ms
118) [21,17],  33 ms
119) [22,18],  35 ms
120) [22,16],  32 ms
121) [23,16],  33 ms
122) [20,18],  33 ms
123) [23,15],  33 ms
124) [18,20],  34 ms

pela 60.0 wins

pela 60.0:  2850 ms/turn
pela 5.0:  2185 ms/turn
