 0) [14,14],  34 ms
 1) [14,13],  36 ms
 2) [13,12],  33 ms
 3) [13,13],  32 ms
 4) [15,13],  33 ms
 5) [15,12],  32 ms
 6) [13,14],  12525 ms
 7) [16,14],  4000 ms
 8) [11,14],  16922 ms
 9) [12,14],  1588 ms
10) [12,13],  6931 ms
11) [10,15],  5007 ms
12) [13,15],  6253 ms
13) [12,16],  2647 ms
14) [10,16],  19649 ms
15) [15,11],  1505 ms
16) [14,12],  5959 ms
17) [11,12],  5005 ms
18) [16,11],  15953 ms
19) [14,11],  3035 ms
20) [15,10],  7425 ms
21) [12,17],  4875 ms
22) [12,18],  3716 ms
23) [9,15],  5025 ms
24) [9,14],  12082 ms
25) [13,18],  5015 ms
26) [14,19],  2998 ms
27) [11,15],  1214 ms
28) [8,15],  3147 ms
29) [13,17],  156 ms
30) [10,14],  9484 ms
31) [15,17],  37 ms
32) [14,17],  3285 ms
33) [13,19],  32 ms
34) [13,20],  32 ms
35) pbrain-pela:  I win !
35) [14,18],  32 ms
36) [15,19],  58 ms
37) [12,20],  32 ms
38) [16,16],  33 ms
39) [11,21],  33 ms

pela 5.0 wins

pela 60.0:  6327 ms/turn
pela 5.0:  1966 ms/turn
