 0) [15,14],  34 ms
 1) [14,14],  262 ms
 2) [13,15],  34 ms
 3) [14,15],  33 ms
 4) [14,16],  35 ms
 5) [15,16],  33 ms
 6) [13,14],  34 ms
 7) [13,17],  4821 ms
 8) [13,12],  18009 ms
 9) [13,13],  1584 ms
10) [14,13],  6862 ms
11) [12,11],  5010 ms
12) [15,12],  22159 ms
13) [16,11],  5046 ms
14) [16,15],  3347 ms
15) [17,16],  35 ms
16) [12,15],  4099 ms
17) [11,16],  33 ms
18) [12,12],  4214 ms
19) [14,12],  5008 ms
20) [12,14],  412 ms
21) [11,13],  5009 ms
22) [12,13],  217 ms
23) [12,16],  34 ms
24) [11,14],  50 ms
25) [10,15],  2755 ms
26) [14,11],  38 ms
27) [15,10],  44 ms
28) [16,13],  73 ms
29) [17,14],  5071 ms
30) [9,12],  34 ms
31) [10,13],  3709 ms
32) [11,12],  32 ms
33) [10,12],  38 ms
34) [10,14],  78 ms
35) [9,14],  78 ms
36) [10,11],  47 ms
37) [9,10],  46 ms
38) [12,9],  49 ms
39) [13,10],  31 ms
40) [11,10],  46 ms
41) [13,8],  33 ms
42) [8,13],  48 ms

pela 60.0 wins

pela 60.0:  2725 ms/turn
pela 5.0:  1843 ms/turn
