 0) [17,14],  0 ms
 1) [16,14],  183 ms
 2) [16,15],  31 ms
 3) [17,15],  30 ms
 4) [15,16],  32 ms
 5) [14,17],  32 ms
 6) [15,18],  19616 ms
 7) [18,13],  5023 ms
 8) [18,16],  12007 ms
 9) [14,16],  5017 ms
10) [13,17],  18908 ms
11) [15,17],  5017 ms
12) [14,18],  7340 ms
13) [16,18],  1989 ms
14) [13,15],  16267 ms
15) [17,19],  2764 ms
16) [18,20],  29 ms
17) [15,19],  3288 ms
18) [13,14],  50 ms
19) [13,16],  5008 ms
20) [14,15],  38 ms
21) [12,13],  443 ms
22) [12,15],  32 ms
23) [15,15],  31 ms
24) [11,16],  32 ms
25) [10,17],  5003 ms
26) [10,15],  33 ms
27) [11,15],  32 ms
28) [16,17],  33 ms
29) [17,18],  31 ms
30) [14,13],  34 ms
31) [15,12],  32 ms
32) [17,16],  33 ms
33) [14,19],  32 ms
34) [15,14],  38 ms
35) [18,17],  62 ms
36) [13,12],  31 ms

pela 60.0 wins

pela 60.0:  3925 ms/turn
pela 5.0:  1889 ms/turn
