 0) [13,16],  37 ms
 1) [13,17],  36 ms
 2) [14,15],  37 ms
 3) [12,17],  38 ms
 4) [11,17],  16001 ms
 5) [13,15],  1626 ms
 6) [15,16],  12923 ms
 7) [16,17],  2510 ms
 8) [15,17],  11590 ms
 9) [15,15],  4698 ms
10) [14,17],  15628 ms
11) [14,16],  1728 ms
12) [16,14],  10932 ms
13) [17,14],  5027 ms
14) [13,19],  8742 ms
15) [15,18],  3021 ms
16) [12,18],  7221 ms
17) [14,20],  5024 ms
18) [17,16],  13836 ms
19) [14,18],  2401 ms
20) [16,20],  10938 ms
21) [14,14],  5006 ms
22) [17,17],  3759 ms
23) [17,19],  1937 ms
24) [15,13],  9769 ms
25) [18,16],  3956 ms
26) [13,13],  8373 ms
27) [14,13],  1630 ms
28) [10,18],  6884 ms
29) [11,16],  5017 ms
30) [14,12],  6222 ms
31) [13,11],  2376 ms
32) [10,16],  5310 ms
33) [9,15],  36 ms
34) [10,15],  1671 ms
35) [10,17],  5011 ms
36) [8,17],  3364 ms
37) [9,18],  4024 ms
38) [8,19],  2233 ms
39) [8,20],  1635 ms
40) [8,16],  3407 ms
41) [9,17],  1677 ms
42) [9,16],  3024 ms
43) [11,14],  4104 ms
44) [13,14],  2598 ms
45) [7,16],  1586 ms
46) [12,19],  2220 ms
47) [13,18],  5015 ms
48) [16,13],  1907 ms
49) [16,12],  5015 ms
50) [16,19],  493 ms
51) [12,11],  1724 ms
52) [14,19],  1549 ms
53) [15,19],  37 ms
54) [11,15],  1338 ms
55) [12,14],  38 ms
56) [11,11],  1113 ms
57) [11,12],  2816 ms
58) [12,12],  585 ms
59) [13,10],  4166 ms
60) [14,9],  906 ms
61) [10,13],  4533 ms
62) [9,14],  35 ms
63) [9,12],  5010 ms
64) [8,11],  782 ms
65) [8,18],  1581 ms
66) [11,13],  631 ms
67) [9,20],  1788 ms
68) [9,21],  274 ms
69) [17,12],  2560 ms
70) [17,13],  525 ms
71) [11,10],  5017 ms
72) [10,9],  240 ms
73) [10,10],  3017 ms
74) [11,19],  414 ms
75) [10,19],  38 ms
76) [10,20],  352 ms
77) [8,22],  36 ms
78) [18,13],  308 ms
79) [19,13],  36 ms
80) [12,10],  262 ms
81) [8,21],  355 ms
82) [11,18],  36 ms
83) [8,23],  48 ms
84) [8,24],  46 ms
85) [6,23],  53 ms
86) [7,22],  39 ms
87) [9,23],  98 ms
88) [7,23],  216 ms
89) [6,20],  43 ms
90) [7,21],  115 ms
91) [7,20],  36 ms
92) [5,20],  36 ms
93) [7,19],  36 ms
94) [5,21],  37 ms
95) [7,18],  38 ms
96) [7,17],  37 ms
97) [5,18],  36 ms
98) [6,18],  36 ms
99) [6,19],  36 ms
100) [9,22],  36 ms
101) [4,17],  36 ms

pela 5.0 wins

pela 60.0:  3511 ms/turn
pela 5.0:  2104 ms/turn
