 0) [14,14],  0 ms
 1) [13,14],  507 ms
 2) [15,15],  33 ms
 3) [13,13],  36 ms
 4) [13,12],  15234 ms
 5) [15,14],  5011 ms
 6) [14,16],  12313 ms
 7) [13,17],  2388 ms
 8) [13,16],  11116 ms
 9) [15,16],  4284 ms
10) [13,15],  14474 ms
11) [14,15],  5005 ms
12) [16,17],  10496 ms
13) [16,18],  1612 ms
14) [11,14],  8739 ms
15) [12,16],  3899 ms
16) [12,13],  8729 ms
17) [10,15],  5002 ms
18) [14,18],  14120 ms
19) [11,13],  5015 ms
20) [9,15],  12111 ms
21) [14,11],  2176 ms
22) [15,11],  10384 ms
23) [10,16],  1959 ms
24) [10,17],  3607 ms
25) [10,12],  2517 ms
26) [10,14],  5142 ms
27) [9,14],  2672 ms
28) [8,13],  7652 ms
29) [15,12],  3000 ms
30) [17,14],  6562 ms
31) [17,17],  5017 ms
32) [16,11],  5625 ms
33) [17,11],  1713 ms
34) [19,14],  4803 ms
35) [18,14],  5015 ms
36) [8,16],  4126 ms
37) [7,17],  2169 ms
38) [8,15],  3534 ms
39) [8,14],  3129 ms
40) [18,16],  1498 ms
41) [19,16],  4902 ms
42) [9,11],  1266 ms
43) [7,14],  5003 ms
44) [7,15],  2641 ms
45) [5,15],  2200 ms
46) [5,14],  1042 ms
47) [17,16],  2314 ms
48) [17,18],  2100 ms
49) [3,16],  5016 ms
50) [6,16],  1812 ms
51) [6,14],  3790 ms
52) [16,12],  1032 ms
53) [16,14],  2211 ms
54) [8,11],  1406 ms
55) [9,10],  3365 ms
56) [5,17],  1197 ms
57) [9,13],  5016 ms
58) [12,10],  1031 ms
59) [13,9],  5017 ms
60) [11,9],  890 ms
61) [12,11],  1477 ms
62) [10,10],  758 ms
63) [8,12],  2486 ms
64) [9,12],  254 ms
65) [4,16],  4238 ms
66) [7,13],  32 ms
67) [2,18],  1639 ms
68) [3,17],  32 ms
69) [10,13],  5007 ms
70) [13,10],  325 ms
71) [11,10],  5019 ms
72) [10,8],  272 ms
73) [9,7],  5002 ms
74) [12,8],  36 ms
75) [13,7],  32 ms
76) [14,12],  37 ms
77) [13,11],  32 ms
78) [16,10],  35 ms
79) [16,9],  2690 ms
80) [15,10],  32 ms
81) [14,10],  33 ms
82) [17,9],  32 ms
83) [18,8],  35 ms
84) [17,12],  34 ms
85) [18,13],  32 ms
86) [13,8],  32 ms
87) [14,9],  32 ms
88) [11,8],  33 ms
89) [14,8],  32 ms
90) [9,8],  32 ms

pela 60.0 wins

pela 60.0:  3841 ms/turn
pela 5.0:  2861 ms/turn
