 0) [13,16],  33 ms
 1) [12,16],  921 ms
 2) [14,17],  34 ms
 3) [12,15],  33 ms
 4) [12,17],  23495 ms
 5) [14,15],  33 ms
 6) [11,15],  22348 ms
 7) [13,18],  5020 ms
 8) [10,17],  15722 ms
 9) [11,17],  2445 ms
10) [14,14],  11752 ms
11) [10,18],  2006 ms
12) [9,19],  14052 ms
13) [13,14],  3277 ms
14) [12,13],  12026 ms
15) [11,18],  1922 ms
16) [12,18],  11513 ms
17) [8,18],  5017 ms
18) [12,12],  4146 ms
19) [11,11],  3003 ms
20) [13,12],  9296 ms
21) [14,12],  3704 ms
22) [12,11],  7965 ms
23) [12,10],  2085 ms
24) [14,13],  6812 ms
25) [9,18],  3026 ms
26) [7,18],  32 ms
27) [15,14],  2266 ms
28) [10,13],  909 ms
29) [13,11],  5017 ms
30) [15,13],  38 ms
31) [10,8],  1973 ms
32) [11,9],  32 ms
33) [13,13],  2908 ms
34) [10,9],  33 ms
35) [11,10],  31 ms
36) [11,14],  33 ms
37) [10,15],  2744 ms
38) [17,11],  39 ms
39) [16,12],  40 ms
40) [13,10],  44 ms
41) [11,12],  34 ms
42) [12,9],  38 ms
43) [13,9],  31 ms
44) [14,11],  31 ms
45) [15,10],  32 ms
46) [11,8],  31 ms
47) [15,12],  32 ms
48) [10,7],  32 ms

pela 60.0 wins

pela 60.0:  5619 ms/turn
pela 5.0:  1983 ms/turn
