 0) [16,14],  34 ms
 1) [15,13],  33 ms
 2) [17,13],  34 ms
 3) [15,15],  33 ms
 4) [16,12],  33 ms
 5) [18,14],  32 ms
 6) [15,14],  25684 ms
 7) [17,12],  1695 ms
 8) [19,13],  22040 ms
 9) [16,13],  4014 ms
10) [19,14],  12145 ms
11) [19,11],  4688 ms
12) [14,13],  9451 ms
13) [17,16],  5017 ms
14) [14,10],  14205 ms
15) [13,12],  2836 ms
16) [14,11],  3109 ms
17) [14,14],  3228 ms
18) [13,9],  36 ms
19) [15,11],  31 ms
20) [14,9],  36 ms
21) [14,12],  32 ms
22) [14,8],  34 ms
23) [14,7],  32 ms
24) [15,9],  37 ms
25) [12,9],  3647 ms
26) [17,9],  36 ms
27) [16,9],  34 ms
28) [15,7],  35 ms
29) [12,10],  34 ms
30) [16,8],  35 ms
31) [17,7],  33 ms
32) [14,6],  35 ms
33) [18,10],  33 ms
34) [13,5],  32 ms

pela 60.0 wins

pela 60.0:  4836 ms/turn
pela 5.0:  1497 ms/turn
