 0) [15,13],  34 ms
 1) [16,14],  32 ms
 2) [14,14],  32 ms
 3) [16,12],  32 ms
 4) [14,15],  33 ms
 5) [15,12],  32 ms
 6) [16,15],  32 ms
 7) [14,12],  32 ms
 8) [13,12],  9477 ms
 9) [14,13],  1484 ms
10) [15,15],  263 ms
11) [13,15],  5016 ms
12) [17,15],  95 ms
13) [18,15],  32 ms
14) [16,16],  41 ms
15) [17,17],  3076 ms
16) [15,17],  36 ms
17) [17,12],  2579 ms
18) [18,12],  33 ms
19) [14,18],  3472 ms
20) [15,16],  38 ms
21) [15,14],  35 ms
22) [17,16],  56 ms
23) [14,16],  1379 ms
24) [13,14],  54 ms
25) [12,13],  5006 ms
26) [15,18],  34 ms
27) [15,19],  32 ms
28) [14,17],  35 ms
29) [13,18],  44 ms
30) pbrain-pela:  I win !
30) [16,17],  31 ms
31) [17,18],  34 ms
32) [16,19],  32 ms
33) [16,18],  63 ms
34) [13,16],  31 ms
35) [17,20],  31 ms
36) [12,15],  38 ms

pela 60.0 wins

pela 60.0:  548 ms/turn
pela 5.0:  1245 ms/turn
