 0) [14,13],  1261 ms
 1) [15,13],  31 ms
 2) [13,14],  41 ms
 3) [15,12],  34 ms
 4) [15,11],  16042 ms
 5) [13,13],  1553 ms
 6) [14,15],  14296 ms
 7) [15,16],  2468 ms
 8) [15,15],  11123 ms
 9) [15,14],  5006 ms
10) [14,16],  8922 ms
11) [14,17],  3158 ms
12) [17,13],  18337 ms
13) [16,14],  2548 ms
14) [16,12],  1168 ms
15) [14,10],  3229 ms
16) [18,14],  88 ms
17) [19,15],  33 ms
18) [17,15],  65 ms
19) [16,15],  2184 ms
20) [17,14],  37 ms
21) [17,16],  1617 ms
22) [17,11],  36 ms
23) [17,12],  33 ms
24) [18,11],  37 ms
25) [16,11],  4293 ms
26) [18,13],  35 ms
27) [18,12],  34 ms
28) [19,13],  43 ms
29) [20,13],  33 ms
30) [16,16],  33 ms
31) [20,12],  33 ms
32) [15,17],  33 ms

pela 60.0 wins

pela 60.0:  4211 ms/turn
pela 5.0:  1642 ms/turn
