 0) [14,14],  57 ms
 1) [14,13],  63 ms
 2) [13,12],  36 ms
 3) [13,13],  34 ms
 4) [15,13],  34 ms
 5) [15,12],  35 ms
 6) [13,14],  12668 ms
 7) [16,14],  3935 ms
 8) [11,14],  15886 ms
 9) [12,14],  1530 ms
10) [12,13],  7070 ms
11) [10,15],  5013 ms
12) [13,15],  5786 ms
13) [12,16],  2301 ms
14) [10,16],  19218 ms
15) [15,11],  5009 ms
16) [14,12],  5287 ms
17) [11,12],  5057 ms
18) [16,11],  16292 ms
19) [14,11],  2952 ms
20) [15,10],  7220 ms
21) [12,17],  4382 ms
22) [12,18],  12921 ms
23) [9,15],  4859 ms
24) [9,14],  8492 ms
25) [13,18],  2844 ms
26) [11,16],  7765 ms
27) [17,12],  2195 ms
28) [17,14],  8767 ms
29) [13,10],  4727 ms
30) [12,9],  4609 ms
31) [11,11],  1952 ms
32) [10,13],  4861 ms
33) [18,12],  5009 ms
34) [16,12],  6156 ms
35) [17,11],  32 ms
36) [16,10],  2037 ms
37) [16,9],  5010 ms
38) [17,10],  4984 ms
39) [18,10],  5016 ms
40) [19,11],  1679 ms
41) [12,12],  2820 ms
42) [11,13],  4033 ms
43) [8,13],  3501 ms
44) [10,10],  3452 ms
45) [11,17],  4798 ms
46) [13,17],  2968 ms
47) [10,11],  5016 ms
48) [9,12],  1032 ms
49) [8,11],  3915 ms
50) [9,11],  892 ms
51) [9,10],  5005 ms
52) [8,9],  822 ms
53) [13,16],  2460 ms
54) [8,15],  848 ms
55) [7,16],  2382 ms
56) [12,15],  1980 ms
57) [7,17],  3082 ms
58) [7,18],  1678 ms
59) [10,17],  5015 ms
60) [8,17],  1067 ms
61) [11,19],  5012 ms
62) [8,16],  930 ms
63) [8,18],  3746 ms
64) [9,19],  1214 ms
65) [12,11],  2273 ms
66) [13,11],  32 ms
67) [11,9],  2633 ms
68) [11,8],  1046 ms
69) [11,18],  2971 ms
70) [14,15],  805 ms
71) [15,15],  5007 ms
72) [11,20],  475 ms
73) [14,16],  183 ms
74) [17,13],  34 ms
75) [15,16],  284 ms
76) [16,16],  32 ms
77) [10,19],  52 ms
78) [9,20],  33 ms
79) [12,19],  111 ms
80) [13,20],  453 ms
81) [14,19],  80 ms
82) [13,19],  34 ms
83) [14,17],  48 ms
84) [16,15],  32 ms
85) [14,18],  48 ms
86) [14,20],  33 ms
87) [15,20],  44 ms
88) [16,21],  32 ms
89) [15,18],  37 ms
90) [15,17],  611 ms
91) pbrain-pela:  I win !
91) [16,19],  33 ms
92) [17,20],  37 ms
93) [17,18],  35 ms
94) [16,18],  33 ms
95) [14,21],  37 ms
96) [18,17],  31 ms
97) [13,22],  33 ms

pela 5.0 wins

pela 60.0:  3601 ms/turn
pela 5.0:  2502 ms/turn
