 0) [14,13],  253 ms
 1) [13,13],  32 ms
 2) [15,14],  31 ms
 3) [13,12],  32 ms
 4) [13,11],  18096 ms
 5) [15,13],  5048 ms
 6) [14,15],  13651 ms
 7) [13,16],  2257 ms
 8) [13,15],  11367 ms
 9) [15,15],  4319 ms
10) [13,14],  14610 ms
11) [14,14],  1663 ms
12) [16,16],  9047 ms
13) [16,17],  4862 ms
14) [11,13],  6943 ms
15) [12,15],  2905 ms
16) [12,12],  6549 ms
17) [10,14],  5004 ms
18) [14,17],  14219 ms
19) [11,12],  5017 ms
20) [9,14],  12188 ms
21) [14,10],  2168 ms
22) [15,10],  10426 ms
23) [10,15],  1940 ms
24) [10,16],  3614 ms
25) [10,11],  2485 ms
26) [10,13],  5225 ms
27) [9,13],  2671 ms
28) [8,12],  7692 ms
29) [15,11],  3571 ms
30) [17,13],  6585 ms
31) [17,16],  5016 ms
32) [16,10],  5657 ms
33) [17,10],  1723 ms
34) [19,13],  4840 ms
35) [18,13],  5015 ms
36) [8,15],  4156 ms
37) [7,16],  2190 ms
38) [8,14],  3551 ms
39) [8,13],  3130 ms
40) [18,15],  1519 ms
41) [19,15],  4923 ms
42) [9,10],  1300 ms
43) [7,13],  5019 ms
44) [7,14],  2656 ms
45) [5,14],  2202 ms
46) [5,13],  1070 ms
47) [17,15],  2316 ms
48) [17,17],  2100 ms
49) [3,15],  5016 ms
50) [6,15],  1813 ms
51) [6,13],  3794 ms
52) [16,11],  1026 ms
53) [16,13],  2217 ms
54) [8,10],  1401 ms
55) [9,9],  3410 ms
56) [5,16],  1162 ms
57) [9,12],  5007 ms
58) [12,9],  1046 ms
59) [13,8],  5016 ms
60) [11,8],  890 ms
61) [12,10],  1417 ms
62) [10,9],  756 ms
63) [8,11],  2435 ms
64) [9,11],  241 ms
65) [4,15],  3963 ms
66) [7,12],  31 ms
67) [2,17],  1513 ms
68) [3,16],  31 ms
69) [10,12],  5005 ms
70) [13,9],  303 ms
71) [11,9],  4902 ms
72) [10,7],  260 ms
73) [9,6],  5017 ms
74) [12,7],  36 ms
75) [13,6],  32 ms
76) [14,11],  36 ms
77) [13,10],  35 ms
78) [16,9],  36 ms
79) [16,8],  2768 ms
80) pbrain-pela:  I win !
80) [15,9],  34 ms
81) [14,9],  33 ms
82) [17,8],  33 ms
83) [18,7],  33 ms
84) [17,11],  35 ms
85) [18,12],  32 ms
86) [13,7],  35 ms
87) [14,8],  33 ms
88) [11,7],  33 ms
89) [14,7],  33 ms
90) [9,7],  33 ms

pela 60.0 wins

pela 60.0:  3839 ms/turn
pela 5.0:  2827 ms/turn
