 0) [16,16],  33 ms
 1) [15,16],  325 ms
 2) [14,17],  34 ms
 3) [15,17],  34 ms
 4) [15,18],  34 ms
 5) [16,18],  34 ms
 6) [14,16],  35 ms
 7) [14,19],  4026 ms
 8) [14,14],  17684 ms
 9) [14,15],  1628 ms
10) [15,15],  7034 ms
11) [13,13],  5032 ms
12) [16,14],  22175 ms
13) [17,13],  5014 ms
14) [17,17],  3677 ms
15) [18,18],  34 ms
16) [13,17],  4606 ms
17) [12,18],  34 ms
18) [13,14],  4876 ms
19) [15,14],  5020 ms
20) [13,16],  443 ms
21) [12,15],  5015 ms
22) [13,15],  220 ms
23) [13,18],  33 ms
24) [12,16],  102 ms
25) [11,17],  2670 ms
26) [15,13],  36 ms
27) [16,12],  32 ms
28) [17,15],  36 ms
29) [18,16],  5005 ms
30) [10,14],  34 ms
31) [11,15],  3045 ms
32) [12,14],  33 ms
33) [11,14],  42 ms
34) [11,16],  37 ms
35) [10,16],  39 ms
36) [11,13],  44 ms
37) [10,12],  41 ms
38) [13,11],  37 ms
39) [14,12],  35 ms
40) [12,12],  36 ms
41) [14,10],  35 ms
42) [9,15],  36 ms

pela 60.0 wins

pela 60.0:  2785 ms/turn
pela 5.0:  1770 ms/turn
