 0) [14,17],  34 ms
 1) [13,17],  1131 ms
 2) [13,18],  32 ms
 3) [14,18],  32 ms
 4) [15,16],  32 ms
 5) [16,15],  31 ms
 6) [17,16],  25462 ms
 7) [12,19],  5008 ms
 8) [15,19],  10457 ms
 9) [15,15],  5011 ms
10) [16,14],  20579 ms
11) [16,16],  5013 ms
12) [17,15],  5856 ms
13) [17,17],  3302 ms
14) [14,14],  12403 ms
15) [18,18],  1631 ms
16) [19,19],  30 ms
17) [18,16],  2519 ms
18) [13,14],  51 ms
19) [15,14],  4899 ms
20) [14,15],  38 ms
21) [12,13],  365 ms
22) [14,13],  34 ms
23) [14,16],  32 ms
24) [15,12],  33 ms
25) [16,11],  5008 ms
26) [14,11],  36 ms
27) [14,12],  32 ms
28) [16,17],  34 ms
29) [17,18],  32 ms
30) [12,15],  34 ms
31) [11,16],  31 ms
32) [15,18],  34 ms
33) [18,15],  34 ms
34) [13,16],  33 ms
35) [16,19],  33 ms
36) [11,14],  32 ms

pela 60.0 wins

pela 60.0:  3960 ms/turn
pela 5.0:  1896 ms/turn
