 0) [17,14],  40 ms
 1) [16,14],  1468 ms
 2) [16,15],  32 ms
 3) [17,15],  31 ms
 4) [15,16],  36 ms
 5) [14,17],  32 ms
 6) [15,18],  25688 ms
 7) [18,13],  5014 ms
 8) [18,16],  12993 ms
 9) [14,16],  5008 ms
10) [13,17],  18399 ms
11) [15,17],  4776 ms
12) [14,18],  5929 ms
13) [16,18],  1606 ms
14) [13,15],  13181 ms
15) [17,19],  2142 ms
16) [18,20],  32 ms
17) [15,19],  2534 ms
18) [13,14],  51 ms
19) [13,16],  4837 ms
20) [14,15],  37 ms
21) [12,13],  421 ms
22) [12,15],  33 ms
23) [15,15],  32 ms
24) [11,16],  33 ms
25) [10,17],  5007 ms
26) [10,15],  32 ms
27) [11,15],  32 ms
28) [16,17],  33 ms
29) [17,18],  31 ms
30) [14,13],  33 ms
31) [15,12],  31 ms
32) [17,16],  33 ms
33) [14,19],  32 ms
34) [15,14],  32 ms
35) [18,17],  31 ms
36) [13,12],  30 ms

pela 60.0 wins

pela 60.0:  4035 ms/turn
pela 5.0:  1836 ms/turn
