 0) [17,14],  56 ms
 1) [16,14],  1188 ms
 2) [18,13],  35 ms
 3) [16,15],  36 ms
 4) [16,13],  21269 ms
 5) [18,15],  34 ms
 6) [15,15],  22658 ms
 7) [17,12],  5033 ms
 8) [14,13],  19439 ms
 9) [15,13],  2132 ms
10) [17,15],  7110 ms
11) [17,17],  3055 ms
12) [16,17],  15290 ms
13) [14,12],  2057 ms
14) [13,11],  10059 ms
15) [16,10],  1680 ms
16) [16,12],  12014 ms
17) [12,11],  2141 ms
18) [17,9],  9437 ms
19) [16,9],  5017 ms
20) [15,17],  4898 ms
21) [15,18],  3068 ms
22) [14,16],  3900 ms
23) [14,18],  2177 ms
24) [17,18],  3444 ms
25) [14,15],  1921 ms
26) [12,16],  7202 ms
27) [11,16],  2772 ms
28) [17,13],  3255 ms
29) [18,14],  5005 ms
30) [18,18],  4415 ms
31) [17,19],  3863 ms
32) [13,18],  5066 ms
33) [16,18],  4055 ms
34) [15,19],  1974 ms
35) [13,17],  2975 ms
36) [15,20],  4074 ms
37) [14,21],  5016 ms
38) [14,20],  3502 ms
39) [16,21],  3627 ms
40) [15,9],  2997 ms
41) [16,19],  2147 ms
42) [16,22],  850 ms
43) [15,21],  1758 ms
44) [17,21],  2449 ms
45) [18,20],  4370 ms
46) [19,21],  1984 ms
47) [20,21],  1837 ms
48) [18,22],  1119 ms
49) [17,20],  2196 ms
50) [18,21],  1651 ms
51) [19,23],  1863 ms
52) [19,18],  944 ms
53) [21,18],  1771 ms
54) [13,20],  615 ms
55) [12,20],  5011 ms
56) [13,21],  640 ms
57) [13,22],  1885 ms
58) [16,8],  771 ms
59) [14,10],  5016 ms
60) [13,10],  997 ms
61) [15,7],  4130 ms
62) [19,20],  840 ms
63) [19,22],  1312 ms
64) [14,23],  546 ms
65) [17,23],  2356 ms
66) [20,23],  646 ms
67) [11,21],  4022 ms
68) [13,19],  556 ms
69) [11,24],  5016 ms
70) [10,25],  484 ms
71) [11,22],  5017 ms
72) [11,23],  166 ms
73) [12,22],  35 ms
74) [19,17],  142 ms
75) [19,19],  32 ms
76) [14,22],  260 ms
77) [17,22],  5005 ms
78) [10,22],  180 ms
79) [10,20],  5008 ms
80) [9,19],  179 ms
81) [12,23],  3842 ms
82) [12,24],  227 ms
83) [13,25],  5002 ms
84) [13,24],  250 ms
85) [14,7],  3940 ms
86) [15,12],  217 ms
87) [14,11],  30 ms
88) [15,10],  188 ms
89) [15,8],  5001 ms
90) [13,6],  156 ms
91) [14,8],  5015 ms
92) [14,9],  31 ms
93) [13,8],  1422 ms
94) [8,20],  110 ms
95) [9,21],  30 ms
96) [11,17],  79 ms
97) [10,18],  32 ms
98) [12,18],  93 ms
99) [10,16],  31 ms
100) [19,13],  48 ms
101) [20,13],  30 ms
102) [18,19],  57 ms
103) [15,16],  33 ms
104) [12,19],  40 ms
105) [10,19],  3660 ms
106) [10,17],  31 ms
107) [12,17],  5012 ms
108) [11,18],  62 ms
109) [9,16],  35 ms
110) [12,8],  44 ms
111) [15,6],  43 ms
112) [16,5],  35 ms
113) [16,6],  41 ms
114) [17,5],  53 ms
115) pbrain-pela:  I win !
115) [12,10],  35 ms
116) [13,9],  34 ms
117) [12,9],  35 ms
118) [11,10],  34 ms
119) [12,13],  35 ms
120) [12,12],  34 ms
121) [17,10],  35 ms
122) [18,11],  35 ms
123) [13,16],  39 ms
124) [14,17],  39 ms
125) [13,14],  37 ms
126) [11,12],  38 ms
127) [13,13],  44 ms
128) [13,15],  35 ms
129) [12,14],  37 ms
130) [15,11],  36 ms
131) [11,15],  35 ms

pela 5.0 wins

pela 60.0:  2729 ms/turn
pela 5.0:  2275 ms/turn
