 0) [14,13],  260 ms
 1) [13,14],  32 ms
 2) [14,12],  31 ms
 3) [14,11],  31 ms
 4) [15,13],  14892 ms
 5) [13,13],  30 ms
 6) [12,9],  23524 ms
 7) [12,10],  2445 ms
 8) [13,15],  14382 ms
 9) [14,14],  1970 ms
10) [11,11],  10674 ms
11) [11,10],  2074 ms
12) [10,10],  11344 ms
13) [9,9],  1844 ms
14) [12,13],  12114 ms
15) [16,14],  51 ms
16) [15,14],  13262 ms
17) [15,12],  2413 ms
18) [16,16],  10880 ms
19) [17,16],  3852 ms
20) [15,17],  9809 ms
21) [14,16],  2969 ms
22) [15,15],  5351 ms
23) [15,16],  31 ms
24) [14,15],  7635 ms
25) [16,15],  5015 ms
26) [17,14],  4988 ms
27) [12,15],  2688 ms
28) [17,12],  5840 ms
29) [16,13],  4646 ms
30) [9,11],  3327 ms
31) [8,12],  3711 ms
32) [13,9],  2241 ms
33) [8,11],  3995 ms
34) [8,10],  3375 ms
35) [10,12],  2438 ms
36) [7,12],  3722 ms
37) [17,15],  5015 ms
38) [7,9],  1016 ms
39) [7,10],  5017 ms
40) [16,11],  3062 ms
41) [14,9],  3772 ms
42) [9,12],  1746 ms
43) [14,17],  5004 ms
44) [13,18],  2375 ms
45) [18,16],  2342 ms
46) [19,17],  666 ms
47) [17,17],  1876 ms
48) [16,18],  1169 ms
49) [6,8],  1986 ms
50) [14,19],  1033 ms
51) [17,19],  3244 ms
52) [17,18],  32 ms
53) [15,18],  5012 ms
54) [13,16],  33 ms
55) [12,17],  3388 ms
56) [16,19],  1611 ms
57) [15,20],  2270 ms
58) [13,19],  976 ms
59) [13,17],  32 ms
60) [12,19],  1222 ms
61) [15,19],  32 ms
62) [12,20],  902 ms
63) [14,18],  33 ms
64) [16,20],  332 ms
65) [16,17],  32 ms
66) [11,19],  383 ms
67) [10,19],  32 ms
68) [16,22],  526 ms
69) [16,21],  32 ms
70) [13,21],  759 ms
71) [14,22],  3673 ms
72) [13,20],  655 ms
73) [13,22],  31 ms
74) [11,20],  354 ms
75) [12,16],  46 ms
76) [11,15],  32 ms
77) [10,17],  37 ms
78) [11,17],  32 ms
79) [12,18],  35 ms
80) [12,14],  32 ms
81) [19,14],  34 ms
82) [18,15],  34 ms
83) [11,16],  36 ms
84) [9,18],  32 ms
85) [9,20],  2563 ms
86) [10,21],  34 ms
87) [9,22],  33 ms
88) [11,21],  35 ms
89) [11,18],  33 ms
90) [8,21],  33 ms
91) [12,21],  34 ms
92) pbrain-pela:  I win !
92) [9,17],  36 ms
93) [10,18],  33 ms
94) [10,20],  33 ms
95) [14,20],  32 ms
96) [11,23],  32 ms
97) [11,22],  32 ms
98) [9,21],  33 ms
99) [7,21],  32 ms
100) [10,22],  32 ms
101) [9,23],  33 ms
102) [8,20],  32 ms
103) [12,24],  33 ms
104) [7,19],  33 ms

pela 60.0 wins

pela 60.0:  3339 ms/turn
pela 5.0:  1655 ms/turn
