 0) [17,14],  33 ms
 1) [16,14],  221 ms
 2) [18,13],  33 ms
 3) [16,15],  32 ms
 4) [16,13],  16569 ms
 5) [18,15],  33 ms
 6) [15,15],  23339 ms
 7) [17,12],  5017 ms
 8) [14,13],  17522 ms
 9) [15,13],  1968 ms
10) [17,15],  7264 ms
11) [17,17],  2981 ms
12) [16,17],  15810 ms
13) [14,12],  2559 ms
14) [13,11],  12544 ms
15) [16,10],  2269 ms
16) [16,12],  12421 ms
17) [12,11],  2668 ms
18) [17,9],  10629 ms
19) [16,9],  4986 ms
20) [15,17],  6250 ms
21) [15,18],  3799 ms
22) [14,16],  5052 ms
23) [14,18],  2721 ms
24) [17,18],  4489 ms
25) [14,15],  2431 ms
26) [12,16],  6868 ms
27) [11,16],  3392 ms
28) [17,13],  4337 ms
29) [18,14],  1610 ms
30) [18,18],  5273 ms
31) [17,19],  5014 ms
32) [13,18],  1760 ms
33) [16,18],  5006 ms
34) [15,19],  2573 ms
35) [13,17],  4128 ms
36) [15,20],  3893 ms
37) [14,21],  5016 ms
38) [14,20],  3344 ms
39) [16,21],  4897 ms
40) [15,9],  1005 ms
41) [16,19],  2945 ms
42) [16,22],  1011 ms
43) [15,21],  2361 ms
44) [17,21],  807 ms
45) [18,20],  5022 ms
46) [19,21],  2484 ms
47) [20,21],  2491 ms
48) [17,22],  677 ms
49) [16,20],  5004 ms
50) [13,21],  1239 ms
51) [14,22],  2847 ms
52) [13,23],  30 ms
53) [12,22],  4910 ms
54) [18,21],  1818 ms
55) [19,20],  1527 ms
56) [21,20],  662 ms
57) [18,22],  1557 ms
58) [12,14],  865 ms
59) [11,13],  3747 ms
60) [13,14],  1325 ms
61) [13,12],  5029 ms
62) [17,20],  655 ms
63) [15,10],  5004 ms
64) [17,24],  657 ms
65) [17,23],  31 ms
66) [19,13],  568 ms
67) [20,13],  32 ms
68) [14,11],  886 ms
69) [15,12],  1787 ms
70) [14,10],  286 ms
71) [16,8],  5016 ms
72) [16,11],  324 ms
73) [15,11],  1828 ms
74) [15,14],  30 ms
75) [11,12],  424 ms
76) [12,12],  32 ms
77) [11,14],  172 ms
78) [11,15],  35 ms
79) [10,13],  113 ms
80) [9,14],  667 ms
81) [9,12],  436 ms
82) [12,15],  564 ms
83) [12,13],  32 ms
84) [9,13],  484 ms
85) pbrain-pela:  I win !
85) [11,11],  33 ms
86) [11,10],  32 ms
87) [8,11],  33 ms
88) [7,10],  33 ms
89) [10,15],  33 ms
90) [9,16],  32 ms
91) [10,11],  33 ms
92) [9,11],  33 ms
93) [10,12],  32 ms
94) [10,14],  34 ms
95) [8,12],  32 ms
96) [7,12],  33 ms
97) [8,9],  32 ms
98) [9,10],  33 ms
99) [8,10],  34 ms
100) [8,13],  45 ms
101) [8,8],  35 ms

pela 5.0 wins

pela 60.0:  3478 ms/turn
pela 5.0:  2222 ms/turn
