 0) [16,14],  38 ms
 1) [15,14],  237 ms
 2) [14,13],  32 ms
 3) [15,13],  33 ms
 4) [15,15],  33 ms
 5) [14,15],  33 ms
 6) [16,13],  33 ms
 7) [16,16],  4890 ms
 8) [16,11],  16911 ms
 9) [16,12],  1591 ms
10) [15,12],  6838 ms
11) [17,10],  5016 ms
12) [14,11],  22318 ms
13) [13,10],  5015 ms
14) [13,14],  3394 ms
15) [12,15],  38 ms
16) [17,14],  3919 ms
17) [18,15],  32 ms
18) [17,11],  4379 ms
19) [15,11],  5004 ms
20) [17,13],  455 ms
21) [18,12],  5015 ms
22) [17,12],  195 ms
23) [17,15],  32 ms
24) [18,13],  66 ms
25) [19,14],  2579 ms
26) [15,10],  37 ms
27) [14,9],  59 ms
28) [13,12],  115 ms
29) [12,13],  5011 ms
30) [20,11],  36 ms
31) [19,12],  5010 ms
32) [18,11],  32 ms
33) [19,11],  62 ms
34) [19,13],  102 ms
35) [20,13],  70 ms
36) [17,8],  36 ms
37) [16,9],  67 ms
38) [19,10],  48 ms
39) [20,9],  31 ms
40) [18,9],  32 ms
41) [21,12],  30 ms
42) [16,7],  31 ms

pela 60.0 wins

pela 60.0:  2685 ms/turn
pela 5.0:  1897 ms/turn
