 0) [13,14],  33 ms
 1) [12,14],  236 ms
 2) [11,13],  33 ms
 3) [12,13],  32 ms
 4) [12,15],  33 ms
 5) [11,15],  32 ms
 6) [13,13],  34 ms
 7) [13,16],  4174 ms
 8) [13,11],  14463 ms
 9) [13,12],  5001 ms
10) [12,12],  6854 ms
11) [14,10],  5006 ms
12) [11,11],  22673 ms
13) [10,10],  5016 ms
14) [10,14],  3256 ms
15) [9,15],  33 ms
16) [14,14],  4126 ms
17) [15,15],  34 ms
18) [14,11],  4695 ms
19) [12,11],  5010 ms
20) [14,13],  491 ms
21) [15,12],  5050 ms
22) [14,12],  255 ms
23) [14,15],  31 ms
24) [15,13],  47 ms
25) [16,14],  3032 ms
26) [12,10],  35 ms
27) [11,9],  31 ms
28) [10,12],  34 ms
29) [9,13],  5008 ms
30) [17,11],  33 ms
31) [16,12],  5014 ms
32) [15,11],  32 ms
33) [16,11],  46 ms
34) [16,13],  48 ms
35) [17,13],  32 ms
36) [14,8],  62 ms
37) [13,9],  77 ms
38) [16,10],  33 ms
39) [17,9],  44 ms
40) [15,9],  88 ms
41) [18,12],  52 ms
42) [13,7],  41 ms

pela 60.0 wins

pela 60.0:  2609 ms/turn
pela 5.0:  2047 ms/turn
