 0) [16,17],  33 ms
 1) [16,16],  33 ms
 2) [17,18],  33 ms
 3) [15,16],  33 ms
 4) [14,16],  17062 ms
 5) [16,18],  1984 ms
 6) [18,17],  14979 ms
 7) [19,16],  2419 ms
 8) [18,16],  13142 ms
 9) [17,16],  5006 ms
10) [19,17],  8557 ms
11) [20,17],  2939 ms
12) [16,14],  18023 ms
13) [17,15],  3591 ms
14) [15,15],  1558 ms
15) [13,17],  4222 ms
16) [17,13],  125 ms
17) [18,12],  33 ms
18) [18,14],  64 ms
19) [18,15],  2865 ms
20) [17,14],  36 ms
21) [19,14],  2083 ms
22) [14,14],  36 ms
23) [15,14],  48 ms
24) [14,13],  82 ms
25) [14,15],  5013 ms
26) [16,13],  36 ms
27) [15,13],  61 ms
28) [16,12],  42 ms
29) [16,11],  63 ms
30) [15,11],  44 ms
31) [19,15],  81 ms
32) [14,10],  79 ms

pela 60.0 wins

pela 60.0:  4348 ms/turn
pela 5.0:  1904 ms/turn
