 0) [14,14],  40 ms
 1) [13,14],  172 ms
 2) [12,15],  32 ms
 3) [13,15],  35 ms
 4) [13,16],  32 ms
 5) [14,16],  32 ms
 6) [12,14],  33 ms
 7) [12,17],  3824 ms
 8) [12,12],  13920 ms
 9) [12,13],  5014 ms
10) [13,13],  7367 ms
11) [11,11],  5061 ms
12) [14,12],  22648 ms
13) [15,11],  5012 ms
14) [15,15],  3525 ms
15) [16,16],  33 ms
16) [11,15],  4377 ms
17) [10,16],  31 ms
18) [11,12],  5061 ms
19) [13,12],  5008 ms
20) [11,14],  429 ms
21) [10,13],  5005 ms
22) [11,13],  181 ms
23) [11,16],  32 ms
24) [10,14],  50 ms
25) [9,15],  3238 ms
26) [13,11],  37 ms
27) [14,10],  39 ms
28) [15,13],  74 ms
29) [16,14],  5021 ms
30) [8,12],  36 ms
31) [9,13],  4124 ms
32) [10,12],  31 ms
33) [9,12],  31 ms
34) [9,14],  31 ms
35) [8,14],  32 ms
36) [9,11],  35 ms
37) [8,10],  32 ms
38) [11,9],  30 ms
39) [12,10],  32 ms
40) [10,10],  32 ms
41) [12,8],  31 ms
42) [7,13],  31 ms

pela 60.0 wins

pela 60.0:  2637 ms/turn
pela 5.0:  1992 ms/turn
