 0) [17,14],  37 ms
 1) [16,14],  262 ms
 2) [17,13],  36 ms
 3) [17,12],  35 ms
 4) [18,14],  14195 ms
 5) [19,15],  5016 ms
 6) [21,14],  15423 ms
 7) [20,14],  5017 ms
 8) [18,16],  16094 ms
 9) [18,15],  4041 ms
10) [21,15],  12325 ms
11) [21,16],  2134 ms
12) [22,14],  8638 ms
13) [23,13],  4692 ms
14) [22,17],  16175 ms
15) [22,15],  4299 ms
16) [20,17],  5200 ms
17) [19,17],  5018 ms
18) [19,14],  13140 ms
19) [23,15],  1878 ms
20) [23,12],  5501 ms
21) [21,12],  5012 ms
22) [17,15],  7330 ms
23) [17,17],  2287 ms
24) [25,14],  9428 ms
25) [23,14],  5005 ms
26) [24,13],  8087 ms
27) [22,11],  1906 ms
28) [22,13],  3326 ms
29) [20,15],  3005 ms
30) [24,15],  6451 ms
31) [23,16],  2176 ms
32) [23,17],  32 ms
33) [24,17],  2408 ms
34) [24,12],  199 ms
35) [24,14],  5013 ms
36) [25,12],  112 ms
37) [26,19],  1714 ms
38) [25,18],  30 ms
39) [26,12],  1986 ms
40) [25,10],  30 ms
41) [24,11],  32 ms
42) [25,13],  31 ms
43) [25,11],  30 ms
44) [26,15],  54 ms
45) [27,16],  32 ms
46) [25,15],  30 ms
47) [25,16],  31 ms
48) [27,15],  30 ms
49) [28,15],  31 ms
50) [26,14],  31 ms
51) [28,16],  35 ms
52) [23,11],  56 ms

pela 60.0 wins

pela 60.0:  5260 ms/turn
pela 5.0:  2426 ms/turn
