 0) [15,16],  33 ms
 1) [14,16],  56351 ms
 2) [16,17],  32 ms
 3) [14,15],  50 ms
 4) [14,17],  19586 ms
 5) [16,15],  32 ms
 6) [13,15],  22933 ms
 7) [15,18],  5020 ms
 8) [12,17],  18165 ms
 9) [13,17],  2170 ms
10) [16,14],  11705 ms
11) [12,18],  1949 ms
12) [11,19],  13156 ms
13) [15,14],  3162 ms
14) [14,13],  13492 ms
15) [13,18],  2451 ms
16) [14,18],  11550 ms
17) [10,18],  5016 ms
18) [14,12],  5363 ms
19) [13,11],  4029 ms
20) [15,12],  9156 ms
21) [16,12],  4667 ms
22) [14,11],  7834 ms
23) [14,10],  2195 ms
24) [16,13],  6724 ms
25) [11,18],  3104 ms
26) [9,18],  30 ms
27) [17,14],  2388 ms
28) [12,13],  978 ms
29) [15,11],  5003 ms
30) [17,13],  37 ms
31) [12,8],  2202 ms
32) [13,9],  30 ms
33) [15,13],  2903 ms
34) [12,9],  33 ms
35) [13,10],  31 ms
36) [13,14],  32 ms
37) [12,15],  2808 ms
38) [19,11],  33 ms
39) [18,12],  31 ms
40) [15,10],  33 ms
41) [13,12],  46 ms
42) [14,9],  34 ms
43) [15,9],  30 ms
44) pbrain-pela:  I win !
44) [16,11],  33 ms
45) [17,10],  33 ms
46) [13,8],  30 ms
47) [17,12],  30 ms
48) [12,7],  31 ms

pela 60.0 wins

pela 60.0:  5642 ms/turn
pela 5.0:  4404 ms/turn
